Pinky_0,Pinky_1,Pinky_2,Pinky_3,Pinky_4,Pinky_5,Pinky_6,Pinky_7,Pinky_8,Pinky_9,Pinky_10,Pinky_11,Pinky_12,Pinky_13,Pinky_14,Pinky_15,Pinky_16,Pinky_17,Pinky_18,Pinky_19,Pinky_20,Pinky_21,Pinky_22,Pinky_23,Pinky_24,Pinky_25,Pinky_26,Pinky_27,Pinky_28,Pinky_29,Pinky_30,Pinky_31,Pinky_32,Pinky_33,Pinky_34,Pinky_35,Pinky_36,Pinky_37,Pinky_38,Pinky_39,Pinky_40,Pinky_41,Pinky_42,Pinky_43,Pinky_44,Pinky_45,Pinky_46,Pinky_47,Pinky_48,Pinky_49,Pinky_50,Pinky_51,Pinky_52,Pinky_53,Pinky_54,Pinky_55,Pinky_56,Pinky_57,Pinky_58,Pinky_59,Pinky_60,Pinky_61,Pinky_62,Pinky_63,Pinky_64,Pinky_65,Pinky_66,Pinky_67,Pinky_68,Pinky_69,Pinky_70,Pinky_71,Pinky_72,Pinky_73,Pinky_74,Pinky_75,Pinky_76,Pinky_77,Pinky_78,Pinky_79,Pinky_80,Pinky_81,Pinky_82,Pinky_83,Pinky_84,Pinky_85,Pinky_86,Pinky_87,Pinky_88,Pinky_89,Pinky_90,Pinky_91,Pinky_92,Pinky_93,Pinky_94,Pinky_95,Pinky_96,Pinky_97,Pinky_98,Pinky_99,Pinky_100,Pinky_101,Pinky_102,Pinky_103,Pinky_104,Pinky_105,Pinky_106,Pinky_107,Pinky_108,Pinky_109,Pinky_110,Pinky_111,Pinky_112,Pinky_113,Pinky_114,Pinky_115,Pinky_116,Pinky_117,Pinky_118,Pinky_119,Pinky_120,Pinky_121,Pinky_122,Pinky_123,Pinky_124,Pinky_125,Pinky_126,Pinky_127,Pinky_128,Pinky_129,Pinky_130,Pinky_131,Pinky_132,Pinky_133,Pinky_134,Pinky_135,Pinky_136,Pinky_137,Pinky_138,Pinky_139,Pinky_140,Pinky_141,Pinky_142,Pinky_143,Pinky_144,Pinky_145,Pinky_146,Pinky_147,Pinky_148,Pinky_149,Pinky_150,Pinky_151,Pinky_152,Pinky_153,Pinky_154,Pinky_155,Pinky_156,Pinky_157,Pinky_158,Pinky_159,Pinky_160,Pinky_161,Pinky_162,Pinky_163,Pinky_164,Pinky_165,Pinky_166,Pinky_167,Pinky_168,Pinky_169,Pinky_170,Pinky_171,Pinky_172,Pinky_173,Pinky_174,Pinky_175,Pinky_176,Pinky_177,Pinky_178,Pinky_179,Pinky_180,Pinky_181,Pinky_182,Pinky_183,Pinky_184,Pinky_185,Pinky_186,Pinky_187,Pinky_188,Pinky_189,Pinky_190,Pinky_191,Pinky_192,Pinky_193,Pinky_194,Pinky_195,Pinky_196,Pinky_197,Pinky_198,Pinky_199,Pinky_200,Pinky_201,Pinky_202,Pinky_203,Pinky_204,Pinky_205,Pinky_206,Pinky_207,Pinky_208,Pinky_209,Pinky_210,Pinky_211,Pinky_212,Pinky_213,Pinky_214,Pinky_215,Pinky_216,Pinky_217,Pinky_218,Pinky_219,Pinky_220,Pinky_221,Pinky_222,Pinky_223,Pinky_224,Pinky_225,Pinky_226,Pinky_227,Pinky_228,Pinky_229,Pinky_230,Pinky_231,Pinky_232,Pinky_233,Pinky_234,Pinky_235,Pinky_236,Pinky_237,Pinky_238,Pinky_239,Pinky_240,Pinky_241,Pinky_242,Pinky_243,Pinky_244,Pinky_245,Pinky_246,Pinky_247,Pinky_248,Pinky_249,Pinky_250,Pinky_251,Pinky_252,Pinky_253,Pinky_254,Pinky_255,Pinky_256,Pinky_257,Pinky_258,Pinky_259,Pinky_260,Pinky_261,Pinky_262,Pinky_263,Pinky_264,Pinky_265,Pinky_266,Pinky_267,Pinky_268,Pinky_269,Pinky_270,Pinky_271,Pinky_272,Pinky_273,Pinky_274,Pinky_275,Pinky_276,Pinky_277,Pinky_278,Pinky_279,Pinky_280,Pinky_281,Pinky_282,Pinky_283,Pinky_284,Pinky_285,Pinky_286,Pinky_287,Pinky_288,Pinky_289,Pinky_290,Pinky_291,Pinky_292,Pinky_293,Pinky_294,Pinky_295,Pinky_296,Pinky_297,Pinky_298,Pinky_299,Pinky_300,Pinky_301,Pinky_302,Pinky_303,Pinky_304,Pinky_305,Pinky_306,Pinky_307,Pinky_308,Pinky_309,Pinky_310,Pinky_311,Pinky_312,Pinky_313,Pinky_314,Pinky_315,Pinky_316,Pinky_317,Pinky_318,Pinky_319,Pinky_320,Pinky_321,Pinky_322,Pinky_323,Pinky_324,Pinky_325,Pinky_326,Pinky_327,Pinky_328,Pinky_329,Pinky_330,Pinky_331,Pinky_332,Pinky_333,Pinky_334,Pinky_335,Pinky_336,Pinky_337,Pinky_338,Pinky_339,Pinky_340,Pinky_341,Pinky_342,Pinky_343,Pinky_344,Pinky_345,Pinky_346,Pinky_347,Pinky_348,Pinky_349,Pinky_350,Pinky_351,Pinky_352,Pinky_353,Pinky_354,Pinky_355,Pinky_356,Pinky_357,Pinky_358,Pinky_359,Pinky_360,Pinky_361,Pinky_362,Pinky_363,Pinky_364,Pinky_365,Pinky_366,Pinky_367,Pinky_368,Pinky_369,Pinky_370,Pinky_371,Pinky_372,Pinky_373,Pinky_374,Pinky_375,Pinky_376,Pinky_377,Pinky_378,Pinky_379,Pinky_380,Pinky_381,Pinky_382,Pinky_383,Pinky_384,Pinky_385,Pinky_386,Pinky_387,Pinky_388,Pinky_389,Pinky_390,Pinky_391,Pinky_392,Pinky_393,Pinky_394,Pinky_395,Pinky_396,Pinky_397,Pinky_398,Pinky_399,Pinky_400,Pinky_401,Pinky_402,Pinky_403,Pinky_404,Pinky_405,Pinky_406,Pinky_407,Pinky_408,Pinky_409,Pinky_410,Pinky_411,Pinky_412,Pinky_413,Pinky_414,Pinky_415,Pinky_416,Pinky_417,Pinky_418,Pinky_419,Pinky_420,Pinky_421,Pinky_422,Pinky_423,Pinky_424,Pinky_425,Pinky_426,Pinky_427,Pinky_428,Pinky_429,Pinky_430,Pinky_431,Pinky_432,Pinky_433,Pinky_434,Pinky_435,Pinky_436,Pinky_437,Pinky_438,Pinky_439,Pinky_440,Pinky_441,Pinky_442,Pinky_443,Pinky_444,Pinky_445,Pinky_446,Pinky_447,Pinky_448,Pinky_449,Pinky_450,Pinky_451,Pinky_452,Pinky_453,Pinky_454,Pinky_455,Pinky_456,Pinky_457,Pinky_458,Pinky_459,Pinky_460,Pinky_461,Pinky_462,Pinky_463,Pinky_464,Pinky_465,Pinky_466,Pinky_467,Pinky_468,Pinky_469,Pinky_470,Pinky_471,Pinky_472,Pinky_473,Pinky_474,Pinky_475,Pinky_476,Pinky_477,Pinky_478,Pinky_479,Pinky_480,Pinky_481,Pinky_482,Pinky_483,Pinky_484,Pinky_485,Pinky_486,Pinky_487,Pinky_488,Pinky_489,Pinky_490,Pinky_491,Pinky_492,Pinky_493,Pinky_494,Pinky_495,Pinky_496,Pinky_497,Pinky_498,Pinky_499,Pinky_500,Pinky_501,Pinky_502,Pinky_503,Pinky_504,Pinky_505,Pinky_506,Pinky_507,Pinky_508,Pinky_509,Pinky_510,Pinky_511,Pinky_512,Pinky_513,Pinky_514,Pinky_515,Pinky_516,Pinky_517,Pinky_518,Pinky_519,Pinky_520,Pinky_521,Pinky_522,Pinky_523,Pinky_524,Pinky_525,Pinky_526,Pinky_527,Pinky_528,Pinky_529,Pinky_530,Pinky_531,Pinky_532,Pinky_533,Pinky_534,Pinky_535,Pinky_536,Pinky_537,Pinky_538,Pinky_539,Pinky_540,Pinky_541,Pinky_542,Pinky_543,Pinky_544,Pinky_545,Pinky_546,Pinky_547,Pinky_548,Pinky_549,Pinky_550,Pinky_551,Pinky_552,Pinky_553,Pinky_554,Pinky_555,Pinky_556,Pinky_557,Pinky_558,Pinky_559,Pinky_560,Pinky_561,Pinky_562,Pinky_563,Pinky_564,Pinky_565,Pinky_566,Pinky_567,Pinky_568,Pinky_569,Pinky_570,Pinky_571,Pinky_572,Pinky_573,Pinky_574,Pinky_575,Pinky_576,Pinky_577,Pinky_578,Pinky_579,Pinky_580,Pinky_581,Pinky_582,Pinky_583,Pinky_584,Pinky_585,Pinky_586,Pinky_587,Pinky_588,Pinky_589,Pinky_590,Pinky_591,Pinky_592,Pinky_593,Pinky_594,Pinky_595,Pinky_596,Pinky_597,Pinky_598,Pinky_599,Pinky_600,Pinky_601,Pinky_602,Pinky_603,Pinky_604,Pinky_605,Pinky_606,Pinky_607,Pinky_608,Pinky_609,Pinky_610,Pinky_611,Pinky_612,Pinky_613,Pinky_614,Pinky_615,Pinky_616,Pinky_617,Pinky_618,Pinky_619,Pinky_620,Pinky_621,Pinky_622,Pinky_623,Pinky_624,Pinky_625,Pinky_626,Pinky_627,Pinky_628,Pinky_629,Pinky_630,Pinky_631,Pinky_632,Pinky_633,Pinky_634,Pinky_635,Pinky_636,Pinky_637,Pinky_638,Pinky_639,Pinky_640,Pinky_641,Pinky_642,Pinky_643,Pinky_644,Pinky_645,Pinky_646,Pinky_647,Pinky_648,Pinky_649,Pinky_650,Pinky_651,Pinky_652,Pinky_653,Pinky_654,Pinky_655,Pinky_656,Pinky_657,Pinky_658,Pinky_659,Pinky_660,Pinky_661,Pinky_662,Pinky_663,Pinky_664,Pinky_665,Pinky_666,Pinky_667,Pinky_668,Pinky_669,Pinky_670,Pinky_671,Pinky_672,Pinky_673,Pinky_674,Pinky_675,Pinky_676,Pinky_677,Pinky_678,Pinky_679,Pinky_680,Pinky_681,Pinky_682,Pinky_683,Pinky_684,Pinky_685,Pinky_686,Pinky_687,Pinky_688,Pinky_689,Pinky_690,Pinky_691,Pinky_692,Pinky_693,Pinky_694,Pinky_695,Pinky_696,Pinky_697,Pinky_698,Pinky_699,Pinky_700,Pinky_701,Pinky_702,Pinky_703,Pinky_704,Pinky_705,Pinky_706,Pinky_707,Pinky_708,Pinky_709,Pinky_710,Pinky_711,Pinky_712,Pinky_713,Pinky_714,Pinky_715,Pinky_716,Pinky_717,Pinky_718,Pinky_719,Pinky_720,Pinky_721,Pinky_722,Pinky_723,Pinky_724,Pinky_725,Pinky_726,Pinky_727,Pinky_728,Pinky_729,Pinky_730,Pinky_731,Pinky_732,Pinky_733,Pinky_734,Pinky_735,Pinky_736,Pinky_737,Pinky_738,Pinky_739,Pinky_740,Pinky_741,Pinky_742,Pinky_743,Pinky_744,Pinky_745,Pinky_746,Pinky_747,Pinky_748,Pinky_749,Pinky_750,Pinky_751,Pinky_752,Pinky_753,Pinky_754,Pinky_755,Pinky_756,Pinky_757,Pinky_758,Pinky_759,Pinky_760,Pinky_761,Pinky_762,Pinky_763,Pinky_764,Pinky_765,Pinky_766,Pinky_767,Pinky_768,Pinky_769,Pinky_770,Pinky_771,Pinky_772,Pinky_773,Pinky_774,Pinky_775,Pinky_776,Pinky_777,Pinky_778,Pinky_779,Pinky_780,Pinky_781,Pinky_782,Pinky_783,Pinky_784,Pinky_785,Pinky_786,Pinky_787,Pinky_788,Pinky_789,Pinky_790,Pinky_791,Pinky_792,Pinky_793,Pinky_794,Pinky_795,Pinky_796,Pinky_797,Pinky_798,Pinky_799,Pinky_800,Pinky_801,Pinky_802,Pinky_803,Pinky_804,Pinky_805,Pinky_806,Pinky_807,Pinky_808,Pinky_809,Pinky_810,Pinky_811,Pinky_812,Pinky_813,Pinky_814,Pinky_815,Pinky_816,Pinky_817,Pinky_818,Pinky_819,Pinky_820,Pinky_821,Pinky_822,Pinky_823,Pinky_824,Pinky_825,Pinky_826,Pinky_827,Pinky_828,Pinky_829,Pinky_830,Pinky_831,Pinky_832,Pinky_833,Pinky_834,Pinky_835,Pinky_836,Pinky_837,Pinky_838,Pinky_839,Pinky_840,Pinky_841,Pinky_842,Pinky_843,Pinky_844,Pinky_845,Pinky_846,Pinky_847,Pinky_848,Pinky_849,Pinky_850,Pinky_851,Pinky_852,Pinky_853,Pinky_854,Pinky_855,Pinky_856,Pinky_857,Pinky_858,Pinky_859,Pinky_860,Pinky_861,Pinky_862,Pinky_863,Pinky_864,Pinky_865,Pinky_866,Pinky_867,Pinky_868,Pinky_869,Pinky_870,Pinky_871,Pinky_872,Pinky_873,Pinky_874,Pinky_875,Pinky_876,Pinky_877,Pinky_878,Pinky_879,Pinky_880,Pinky_881,Pinky_882,Pinky_883,Pinky_884,Pinky_885,Pinky_886,Pinky_887,Pinky_888,Pinky_889,Pinky_890,Pinky_891,Pinky_892,Pinky_893,Pinky_894,Pinky_895,Pinky_896,Pinky_897,Pinky_898,Pinky_899,Pinky_900,Pinky_901,Pinky_902,Pinky_903,Pinky_904,Pinky_905,Pinky_906,Pinky_907,Pinky_908,Pinky_909,Pinky_910,Pinky_911,Pinky_912,Pinky_913,Pinky_914,Pinky_915,Pinky_916,Pinky_917,Pinky_918,Pinky_919,Pinky_920,Pinky_921,Pinky_922,Pinky_923,Pinky_924,Pinky_925,Pinky_926,Pinky_927,Pinky_928,Pinky_929,Pinky_930,Pinky_931,Pinky_932,Pinky_933,Pinky_934,Pinky_935,Pinky_936,Pinky_937,Pinky_938,Pinky_939,Pinky_940,Pinky_941,Pinky_942,Pinky_943,Pinky_944,Pinky_945,Pinky_946,Pinky_947,Pinky_948,Pinky_949,Pinky_950,Pinky_951,Pinky_952,Pinky_953,Pinky_954,Pinky_955,Pinky_956,Pinky_957,Pinky_958,Pinky_959,Pinky_960,Pinky_961,Pinky_962,Pinky_963,Pinky_964,Pinky_965,Pinky_966,Pinky_967,Pinky_968,Pinky_969,Pinky_970,Pinky_971,Pinky_972,Pinky_973,Pinky_974,Pinky_975,Pinky_976,Pinky_977,Pinky_978,Pinky_979,Pinky_980,Pinky_981,Pinky_982,Pinky_983,Pinky_984,Pinky_985,Pinky_986,Pinky_987,Pinky_988,Pinky_989,Pinky_990,Pinky_991,Pinky_992,Pinky_993,Pinky_994,Pinky_995,Pinky_996,Pinky_997,Pinky_998,Pinky_999,Pinky_1000,Pinky_1001,Pinky_1002,Pinky_1003,Pinky_1004,Pinky_1005,Pinky_1006,Pinky_1007,Pinky_1008,Pinky_1009,Pinky_1010,Pinky_1011,Pinky_1012,Pinky_1013,Pinky_1014,Pinky_1015,Pinky_1016,Pinky_1017,Pinky_1018,Pinky_1019,Pinky_1020,Pinky_1021,Pinky_1022,Pinky_1023,Pinky_1024,Pinky_1025,Pinky_1026,Pinky_1027,Pinky_1028,Pinky_1029,Pinky_1030,Pinky_1031,Pinky_1032,Pinky_1033,Pinky_1034,Pinky_1035,Pinky_1036,Pinky_1037,Pinky_1038,Pinky_1039,Pinky_1040,Pinky_1041,Pinky_1042,Pinky_1043,Pinky_1044,Pinky_1045,Pinky_1046,Pinky_1047,Pinky_1048,Pinky_1049,Pinky_1050,Pinky_1051,Pinky_1052,Pinky_1053,Pinky_1054,Pinky_1055,Pinky_1056,Pinky_1057,Pinky_1058,Pinky_1059,Pinky_1060,Pinky_1061,Pinky_1062,Pinky_1063,Pinky_1064,Pinky_1065,Pinky_1066,Pinky_1067,Pinky_1068,Pinky_1069,Pinky_1070,Pinky_1071,Pinky_1072,Pinky_1073,Pinky_1074,Pinky_1075,Pinky_1076,Pinky_1077,Pinky_1078,Pinky_1079,Pinky_1080,Pinky_1081,Pinky_1082,Pinky_1083,Pinky_1084,Pinky_1085,Pinky_1086,Pinky_1087,Pinky_1088,Pinky_1089,Pinky_1090,Pinky_1091,Pinky_1092,Pinky_1093,Pinky_1094,Pinky_1095,Pinky_1096,Pinky_1097,Pinky_1098,Pinky_1099,Pinky_1100,Pinky_1101,Pinky_1102,Pinky_1103,Pinky_1104,Pinky_1105,Pinky_1106,Pinky_1107,Pinky_1108,Pinky_1109,Pinky_1110,Pinky_1111,Pinky_1112,Pinky_1113,Pinky_1114,Pinky_1115,Pinky_1116,Pinky_1117,Pinky_1118,Pinky_1119,Pinky_1120,Pinky_1121,Pinky_1122,Pinky_1123,Pinky_1124,Pinky_1125,Pinky_1126,Pinky_1127,Pinky_1128,Pinky_1129,Pinky_1130,Pinky_1131,Pinky_1132,Pinky_1133,Pinky_1134,Pinky_1135,Pinky_1136,Pinky_1137,Pinky_1138,Pinky_1139,Pinky_1140,Pinky_1141,Pinky_1142,Pinky_1143,Pinky_1144,Pinky_1145,Pinky_1146,Pinky_1147,Pinky_1148,Pinky_1149,Pinky_1150,Pinky_1151,Pinky_1152,Pinky_1153,Pinky_1154,Pinky_1155,Pinky_1156,Pinky_1157,Pinky_1158,Pinky_1159,Pinky_1160,Pinky_1161,Pinky_1162,Pinky_1163,Pinky_1164,Pinky_1165,Pinky_1166,Pinky_1167,Pinky_1168,Pinky_1169,Pinky_1170,Pinky_1171,Pinky_1172,Pinky_1173,Pinky_1174,Pinky_1175,Pinky_1176,Pinky_1177,Pinky_1178,Pinky_1179,Pinky_1180,Pinky_1181,Pinky_1182,Pinky_1183,Pinky_1184,Pinky_1185,Pinky_1186,Pinky_1187,Pinky_1188,Pinky_1189,Pinky_1190,Pinky_1191,Pinky_1192,Pinky_1193,Pinky_1194,Pinky_1195,Pinky_1196,Pinky_1197,Pinky_1198,Pinky_1199,Pinky_1200,Pinky_1201,Pinky_1202,Pinky_1203,Pinky_1204,Pinky_1205,Pinky_1206,Pinky_1207,Pinky_1208,Pinky_1209,Pinky_1210,Pinky_1211,Pinky_1212,Pinky_1213,Pinky_1214,Pinky_1215,Pinky_1216,Pinky_1217,Pinky_1218,Pinky_1219,Pinky_1220,Pinky_1221,Pinky_1222,Pinky_1223,Pinky_1224,Pinky_1225,Pinky_1226,Pinky_1227,Pinky_1228,Pinky_1229,Pinky_1230,Pinky_1231,Pinky_1232,Pinky_1233,Pinky_1234,Pinky_1235,Pinky_1236,Pinky_1237,Pinky_1238,Pinky_1239,Pinky_1240,Pinky_1241,Pinky_1242,Pinky_1243,Pinky_1244,Pinky_1245,Pinky_1246,Pinky_1247,Pinky_1248,Pinky_1249,Pinky_1250,Pinky_1251,Pinky_1252,Pinky_1253,Pinky_1254,Pinky_1255,Pinky_1256,Pinky_1257,Pinky_1258,Pinky_1259,Pinky_1260,Pinky_1261,Pinky_1262,Pinky_1263,Pinky_1264,Pinky_1265,Pinky_1266,Pinky_1267,Pinky_1268,Pinky_1269,Pinky_1270,Pinky_1271,Pinky_1272,Pinky_1273,Pinky_1274,Pinky_1275,Pinky_1276,Pinky_1277,Pinky_1278,Pinky_1279,Pinky_1280,Pinky_1281,Pinky_1282,Pinky_1283,Pinky_1284,Pinky_1285,Pinky_1286,Pinky_1287,Pinky_1288,Pinky_1289,Pinky_1290,Pinky_1291,Pinky_1292,Pinky_1293,Pinky_1294,Pinky_1295,Pinky_1296,Pinky_1297,Pinky_1298,Pinky_1299,Pinky_1300,Pinky_1301,Pinky_1302,Pinky_1303,Pinky_1304,Pinky_1305,Pinky_1306,Pinky_1307,Pinky_1308,Pinky_1309,Pinky_1310,Pinky_1311,Pinky_1312,Pinky_1313,Pinky_1314,Pinky_1315,Pinky_1316,Pinky_1317,Pinky_1318,Pinky_1319,Pinky_1320,Pinky_1321,Pinky_1322,Pinky_1323,Pinky_1324,Pinky_1325,Pinky_1326,Pinky_1327,Pinky_1328,Pinky_1329,Pinky_1330,Pinky_1331,Pinky_1332,Pinky_1333,Pinky_1334,Pinky_1335,Pinky_1336,Pinky_1337,Pinky_1338,Pinky_1339,Pinky_1340,Pinky_1341,Pinky_1342,Pinky_1343,Pinky_1344,Pinky_1345,Pinky_1346,Pinky_1347,Pinky_1348,Pinky_1349,Pinky_1350,Pinky_1351,Pinky_1352,Pinky_1353,Pinky_1354,Pinky_1355,Pinky_1356,Pinky_1357,Pinky_1358,Pinky_1359,Pinky_1360,Pinky_1361,Pinky_1362,Pinky_1363,Pinky_1364,Pinky_1365,Pinky_1366,Pinky_1367,Pinky_1368,Pinky_1369,Pinky_1370,Pinky_1371,Pinky_1372,Pinky_1373,Pinky_1374,Pinky_1375,Pinky_1376,Pinky_1377,Pinky_1378,Pinky_1379,Pinky_1380,Pinky_1381,Pinky_1382,Pinky_1383,Pinky_1384,Pinky_1385,Pinky_1386,Pinky_1387,Pinky_1388,Pinky_1389,Pinky_1390,Pinky_1391,Pinky_1392,Pinky_1393,Pinky_1394,Pinky_1395,Pinky_1396,Pinky_1397,Pinky_1398,Pinky_1399,Pinky_1400,Pinky_1401,Pinky_1402,Pinky_1403,Pinky_1404,Pinky_1405,Pinky_1406,Pinky_1407,Pinky_1408,Pinky_1409,Pinky_1410,Pinky_1411,Pinky_1412,Pinky_1413,Pinky_1414,Pinky_1415,Pinky_1416,Pinky_1417,Pinky_1418,Pinky_1419,Pinky_1420,Pinky_1421,Pinky_1422,Pinky_1423,Pinky_1424,Pinky_1425,Pinky_1426,Pinky_1427,Pinky_1428,Pinky_1429,Pinky_1430,Pinky_1431,Pinky_1432,Pinky_1433,Pinky_1434,Pinky_1435,Pinky_1436,Pinky_1437,Pinky_1438,Pinky_1439,Pinky_1440,Pinky_1441,Pinky_1442,Pinky_1443,Pinky_1444,Pinky_1445,Pinky_1446,Pinky_1447,Pinky_1448,Pinky_1449,Pinky_1450,Pinky_1451,Pinky_1452,Pinky_1453,Pinky_1454,Pinky_1455,Pinky_1456,Pinky_1457,Pinky_1458,Pinky_1459,Pinky_1460,Pinky_1461,Pinky_1462,Pinky_1463,Pinky_1464,Pinky_1465,Pinky_1466,Pinky_1467,Pinky_1468,Pinky_1469,Pinky_1470,Pinky_1471,Pinky_1472,Pinky_1473,Pinky_1474,Pinky_1475,Pinky_1476,Pinky_1477,Pinky_1478,Pinky_1479,Pinky_1480,Pinky_1481,Pinky_1482,Pinky_1483,Pinky_1484,Pinky_1485,Pinky_1486,Pinky_1487,Pinky_1488,Pinky_1489,Pinky_1490,Pinky_1491,Pinky_1492,Pinky_1493,Pinky_1494,Pinky_1495,Pinky_1496,Pinky_1497,Pinky_1498,Pinky_1499,Pinky_1500,Pinky_1501,Pinky_1502,Pinky_1503,Pinky_1504,Pinky_1505,Pinky_1506,Pinky_1507,Pinky_1508,Pinky_1509,Pinky_1510,Pinky_1511,Pinky_1512,Pinky_1513,Pinky_1514,Pinky_1515,Pinky_1516,Pinky_1517,Pinky_1518,Pinky_1519,Pinky_1520,Pinky_1521,Pinky_1522,Pinky_1523,Pinky_1524,Pinky_1525,Pinky_1526,Pinky_1527,Pinky_1528,Pinky_1529,Pinky_1530,Pinky_1531,Pinky_1532,Pinky_1533,Pinky_1534,Pinky_1535,Pinky_1536,Pinky_1537,Pinky_1538,Pinky_1539,Pinky_1540,Pinky_1541,Pinky_1542,Pinky_1543,Pinky_1544,Pinky_1545,Pinky_1546,Pinky_1547,Pinky_1548,Pinky_1549,Pinky_1550,Pinky_1551,Pinky_1552,Pinky_1553,Pinky_1554,Pinky_1555,Pinky_1556,Pinky_1557,Pinky_1558,Pinky_1559,Pinky_1560,Pinky_1561,Pinky_1562,Pinky_1563,Pinky_1564,Pinky_1565,Pinky_1566,Pinky_1567,Pinky_1568,Pinky_1569,Pinky_1570,Pinky_1571,Pinky_1572,Pinky_1573,Pinky_1574,Pinky_1575,Pinky_1576,Pinky_1577,Pinky_1578,Pinky_1579,Pinky_1580,Pinky_1581,Pinky_1582,Pinky_1583,Pinky_1584,Pinky_1585,Pinky_1586,Pinky_1587,Pinky_1588,Pinky_1589,Pinky_1590,Pinky_1591,Pinky_1592,Pinky_1593,Pinky_1594,Pinky_1595,Pinky_1596,Pinky_1597,Pinky_1598,Pinky_1599,Pinky_1600,Pinky_1601,Pinky_1602,Pinky_1603,Pinky_1604,Pinky_1605,Pinky_1606,Pinky_1607,Pinky_1608,Pinky_1609,Pinky_1610,Pinky_1611,Pinky_1612,Pinky_1613,Pinky_1614,Pinky_1615,Pinky_1616,Pinky_1617,Pinky_1618,Pinky_1619,Pinky_1620,Pinky_1621,Pinky_1622,Pinky_1623,Pinky_1624,Pinky_1625,Pinky_1626,Pinky_1627,Pinky_1628,Pinky_1629,Pinky_1630,Pinky_1631,Pinky_1632,Pinky_1633,Pinky_1634,Pinky_1635,Pinky_1636,Pinky_1637,Pinky_1638,Pinky_1639,Pinky_1640,Pinky_1641,Pinky_1642,Pinky_1643,Pinky_1644,Pinky_1645,Pinky_1646,Pinky_1647,Pinky_1648,Pinky_1649,Pinky_1650,Pinky_1651,Pinky_1652,Pinky_1653,Pinky_1654,Pinky_1655,Pinky_1656,Pinky_1657,Pinky_1658,Pinky_1659,Pinky_1660,Pinky_1661,Pinky_1662,Pinky_1663,Pinky_1664,Pinky_1665,Pinky_1666,Pinky_1667,Pinky_1668,Pinky_1669,Pinky_1670,Pinky_1671,Pinky_1672,Pinky_1673,Pinky_1674,Pinky_1675,Pinky_1676,Pinky_1677,Pinky_1678,Pinky_1679,Pinky_1680,Pinky_1681,Pinky_1682,Pinky_1683,Pinky_1684,Pinky_1685,Pinky_1686,Pinky_1687,Pinky_1688,Pinky_1689,Pinky_1690,Pinky_1691,Pinky_1692,Pinky_1693,Pinky_1694,Pinky_1695,Pinky_1696,Pinky_1697,Pinky_1698,Pinky_1699,Pinky_1700,Pinky_1701,Pinky_1702,Pinky_1703,Pinky_1704,Pinky_1705,Pinky_1706,Pinky_1707,Pinky_1708,Pinky_1709,Pinky_1710,Pinky_1711,Pinky_1712,Pinky_1713,Pinky_1714,Pinky_1715,Pinky_1716,Pinky_1717,Pinky_1718,Pinky_1719,Pinky_1720,Pinky_1721,Pinky_1722,Pinky_1723,Pinky_1724,Pinky_1725,Pinky_1726,Pinky_1727,Pinky_1728,Pinky_1729,Pinky_1730,Pinky_1731,Pinky_1732,Pinky_1733,Pinky_1734,Pinky_1735,Pinky_1736,Pinky_1737,Pinky_1738,Pinky_1739,Pinky_1740,Pinky_1741,Pinky_1742,Pinky_1743,Pinky_1744,Pinky_1745,Pinky_1746,Pinky_1747,Pinky_1748,Pinky_1749,Pinky_1750,Pinky_1751,Pinky_1752,Pinky_1753,Pinky_1754,Pinky_1755,Pinky_1756,Pinky_1757,Pinky_1758,Pinky_1759,Pinky_1760,Pinky_1761,Pinky_1762,Pinky_1763,Pinky_1764,Pinky_1765,Pinky_1766,Pinky_1767,Pinky_1768,Pinky_1769,Pinky_1770,Pinky_1771,Pinky_1772,Pinky_1773,Pinky_1774,Pinky_1775,Pinky_1776,Pinky_1777,Pinky_1778,Pinky_1779,Pinky_1780,Pinky_1781,Pinky_1782,Pinky_1783,Pinky_1784,Pinky_1785,Pinky_1786,Pinky_1787,Pinky_1788,Pinky_1789,Pinky_1790,Pinky_1791,Pinky_1792,Pinky_1793,Pinky_1794,Pinky_1795,Pinky_1796,Pinky_1797,Pinky_1798,Pinky_1799,Pinky_1800,Pinky_1801,Pinky_1802,Pinky_1803,Pinky_1804,Pinky_1805,Pinky_1806,Pinky_1807,Pinky_1808,Pinky_1809,Pinky_1810,Pinky_1811,Pinky_1812,Pinky_1813,Pinky_1814,Pinky_1815,Pinky_1816,Pinky_1817,Pinky_1818,Pinky_1819,Pinky_1820,Pinky_1821,Pinky_1822,Pinky_1823,Pinky_1824,Pinky_1825,Pinky_1826,Pinky_1827,Pinky_1828,Pinky_1829,Pinky_1830,Pinky_1831,Pinky_1832,Pinky_1833,Pinky_1834,Pinky_1835,Pinky_1836,Pinky_1837,Pinky_1838,Pinky_1839,Pinky_1840,Pinky_1841,Pinky_1842,Pinky_1843,Pinky_1844,Pinky_1845,Pinky_1846,Pinky_1847,Pinky_1848,Pinky_1849,Pinky_1850,Pinky_1851,Pinky_1852,Pinky_1853,Pinky_1854,Pinky_1855,Pinky_1856,Pinky_1857,Pinky_1858,Pinky_1859,Pinky_1860,Pinky_1861,Pinky_1862,Pinky_1863,Pinky_1864,Pinky_1865,Pinky_1866,Pinky_1867,Pinky_1868,Pinky_1869,Pinky_1870,Pinky_1871,Pinky_1872,Pinky_1873,Pinky_1874,Pinky_1875,Pinky_1876,Pinky_1877,Pinky_1878,Pinky_1879,Pinky_1880,Pinky_1881,Pinky_1882,Pinky_1883,Pinky_1884,Pinky_1885,Pinky_1886,Pinky_1887,Pinky_1888,Pinky_1889,Pinky_1890,Pinky_1891,Pinky_1892,Pinky_1893,Pinky_1894,Pinky_1895,Pinky_1896,Pinky_1897,Pinky_1898,Pinky_1899,Pinky_1900,Pinky_1901,Pinky_1902,Pinky_1903,Pinky_1904,Pinky_1905,Pinky_1906,Pinky_1907,Pinky_1908,Pinky_1909,Pinky_1910,Pinky_1911,Pinky_1912,Pinky_1913,Pinky_1914,Pinky_1915,Pinky_1916,Pinky_1917,Pinky_1918,Pinky_1919,Pinky_1920,Pinky_1921,Pinky_1922,Pinky_1923,Pinky_1924,Pinky_1925,Pinky_1926,Pinky_1927,Pinky_1928,Pinky_1929,Pinky_1930,Pinky_1931,Pinky_1932,Pinky_1933,Pinky_1934,Pinky_1935,Pinky_1936,Pinky_1937,Pinky_1938,Pinky_1939,Pinky_1940,Pinky_1941,Pinky_1942,Pinky_1943,Pinky_1944,Pinky_1945,Pinky_1946,Pinky_1947,Pinky_1948,Pinky_1949,Pinky_1950,Pinky_1951,Pinky_1952,Pinky_1953,Pinky_1954,Pinky_1955,Pinky_1956,Pinky_1957,Pinky_1958,Pinky_1959,Pinky_1960,Pinky_1961,Pinky_1962,Pinky_1963,Pinky_1964,Pinky_1965,Pinky_1966,Pinky_1967,Pinky_1968,Pinky_1969,Pinky_1970,Pinky_1971,Pinky_1972,Pinky_1973,Pinky_1974,Pinky_1975,Pinky_1976,Pinky_1977,Pinky_1978,Pinky_1979,Pinky_1980,Pinky_1981,Pinky_1982,Pinky_1983,Pinky_1984,Pinky_1985,Pinky_1986,Pinky_1987,Pinky_1988,Pinky_1989,Pinky_1990,Pinky_1991,Pinky_1992,Pinky_1993,Pinky_1994,Pinky_1995,Pinky_1996,Pinky_1997,Pinky_1998,Pinky_1999,Pinky_2000,Pinky_2001,Pinky_2002,Pinky_2003,Pinky_2004,Pinky_2005,Pinky_2006,Pinky_2007,Pinky_2008,Pinky_2009,Pinky_2010,Pinky_2011,Pinky_2012,Pinky_2013,Pinky_2014,Pinky_2015,Pinky_2016,Pinky_2017,Pinky_2018,Pinky_2019,Pinky_2020,Pinky_2021,Pinky_2022,Pinky_2023,Pinky_2024,Pinky_2025,Pinky_2026,Pinky_2027,Pinky_2028,Pinky_2029,Pinky_2030,Pinky_2031,Pinky_2032,Pinky_2033,Pinky_2034,Pinky_2035,Pinky_2036,Pinky_2037,Pinky_2038,Pinky_2039,Pinky_2040,Pinky_2041,Pinky_2042,Pinky_2043,Pinky_2044,Pinky_2045,Pinky_2046,Pinky_2047,Pinky_2048,Pinky_2049,Pinky_2050,Pinky_2051,Pinky_2052,Pinky_2053,Pinky_2054,Pinky_2055,Pinky_2056,Pinky_2057,Pinky_2058,Pinky_2059,Pinky_2060,Pinky_2061,Pinky_2062,Pinky_2063,Pinky_2064,Pinky_2065,Pinky_2066,Pinky_2067,Pinky_2068,Pinky_2069,Pinky_2070,Pinky_2071,Pinky_2072,Pinky_2073,Pinky_2074,Pinky_2075,Pinky_2076,Pinky_2077,Pinky_2078,Pinky_2079,Pinky_2080,Pinky_2081,Pinky_2082,Pinky_2083,Pinky_2084,Pinky_2085,Pinky_2086,Pinky_2087,Pinky_2088,Pinky_2089,Pinky_2090,Pinky_2091,Pinky_2092,Pinky_2093,Pinky_2094,Pinky_2095,Pinky_2096,Pinky_2097,Pinky_2098,Pinky_2099,Pinky_2100,Pinky_2101,Pinky_2102,Pinky_2103,Pinky_2104,Pinky_2105,Pinky_2106,Pinky_2107,Pinky_2108,Pinky_2109,Pinky_2110,Pinky_2111,Pinky_2112,Pinky_2113,Pinky_2114,Pinky_2115,Pinky_2116,Pinky_2117,Pinky_2118,Pinky_2119,Pinky_2120,Pinky_2121,Pinky_2122,Pinky_2123,Pinky_2124,Pinky_2125,Pinky_2126,Pinky_2127,Pinky_2128,Pinky_2129,Pinky_2130,Pinky_2131,Pinky_2132,Pinky_2133,Pinky_2134,Pinky_2135,Pinky_2136,Pinky_2137,Pinky_2138,Pinky_2139,Pinky_2140,Pinky_2141,Pinky_2142,Pinky_2143,Pinky_2144,Pinky_2145,Pinky_2146,Pinky_2147,Pinky_2148,Pinky_2149,Pinky_2150,Pinky_2151,Pinky_2152,Pinky_2153,Pinky_2154,Pinky_2155,Pinky_2156,Pinky_2157,Pinky_2158,Pinky_2159,Pinky_2160,Pinky_2161,Pinky_2162,Pinky_2163,Pinky_2164,Pinky_2165,Pinky_2166,Pinky_2167,Pinky_2168,Pinky_2169,Pinky_2170,Pinky_2171,Pinky_2172,Pinky_2173,Pinky_2174,Pinky_2175,Pinky_2176,Pinky_2177,Pinky_2178,Pinky_2179,Pinky_2180,Pinky_2181,Pinky_2182,Pinky_2183,Pinky_2184,Pinky_2185,Pinky_2186,Pinky_2187,Pinky_2188,Pinky_2189,Pinky_2190,Pinky_2191,Pinky_2192,Pinky_2193,Pinky_2194,Pinky_2195,Pinky_2196,Pinky_2197,Pinky_2198,Pinky_2199,Pinky_2200,Pinky_2201,Pinky_2202,Pinky_2203,Pinky_2204,Pinky_2205,Pinky_2206,Pinky_2207,Pinky_2208,Pinky_2209,Pinky_2210,Pinky_2211,Pinky_2212,Pinky_2213,Pinky_2214,Pinky_2215,Pinky_2216,Pinky_2217,Pinky_2218,Pinky_2219,Pinky_2220,Pinky_2221,Pinky_2222,Pinky_2223,Pinky_2224,Pinky_2225,Pinky_2226,Pinky_2227,Pinky_2228,Pinky_2229,Pinky_2230,Pinky_2231,Pinky_2232,Pinky_2233,Pinky_2234,Pinky_2235,Pinky_2236,Pinky_2237,Pinky_2238,Pinky_2239,Pinky_2240,Pinky_2241,Pinky_2242,Pinky_2243,Pinky_2244,Pinky_2245,Pinky_2246,Pinky_2247,Pinky_2248,Pinky_2249,Pinky_2250,Pinky_2251,Pinky_2252,Pinky_2253,Pinky_2254,Pinky_2255,Pinky_2256,Pinky_2257,Pinky_2258,Pinky_2259,Pinky_2260,Pinky_2261,Pinky_2262,Pinky_2263,Pinky_2264,Pinky_2265,Pinky_2266,Pinky_2267,Pinky_2268,Pinky_2269,Pinky_2270,Pinky_2271,Pinky_2272,Pinky_2273,Pinky_2274,Pinky_2275,Pinky_2276,Pinky_2277,Pinky_2278,Pinky_2279,Pinky_2280,Pinky_2281,Pinky_2282,Pinky_2283,Pinky_2284,Pinky_2285,Pinky_2286,Pinky_2287,Pinky_2288,Pinky_2289,Pinky_2290,Pinky_2291,Pinky_2292,Pinky_2293,Pinky_2294,Pinky_2295,Pinky_2296,Pinky_2297,Pinky_2298,Pinky_2299,Pinky_2300,Pinky_2301,Pinky_2302,Pinky_2303,Pinky_2304,Pinky_2305,Pinky_2306,Pinky_2307,Pinky_2308,Pinky_2309,Pinky_2310,Pinky_2311,Pinky_2312,Pinky_2313,Pinky_2314,Pinky_2315,Pinky_2316,Pinky_2317,Pinky_2318,Pinky_2319,Pinky_2320,Pinky_2321,Pinky_2322,Pinky_2323,Pinky_2324,Pinky_2325,Pinky_2326,Pinky_2327,Pinky_2328,Pinky_2329,Pinky_2330,Pinky_2331,Pinky_2332,Pinky_2333,Pinky_2334,Pinky_2335,Pinky_2336,Pinky_2337,Pinky_2338,Pinky_2339,Pinky_2340,Pinky_2341,Pinky_2342,Pinky_2343,Pinky_2344,Pinky_2345,Pinky_2346,Pinky_2347,Pinky_2348,Pinky_2349,Pinky_2350,Pinky_2351,Pinky_2352,Pinky_2353,Pinky_2354,Pinky_2355,Pinky_2356,Pinky_2357,Pinky_2358,Pinky_2359,Pinky_2360,Pinky_2361,Pinky_2362,Pinky_2363,Pinky_2364,Pinky_2365,Pinky_2366,Pinky_2367,Pinky_2368,Pinky_2369,Pinky_2370,Pinky_2371,Pinky_2372,Pinky_2373,Pinky_2374,Pinky_2375,Pinky_2376,Pinky_2377,Pinky_2378,Pinky_2379,Pinky_2380,Pinky_2381,Pinky_2382,Pinky_2383,Pinky_2384,Pinky_2385,Pinky_2386,Pinky_2387,Pinky_2388,Pinky_2389,Pinky_2390,Pinky_2391,Pinky_2392,Pinky_2393,Pinky_2394,Pinky_2395,Pinky_2396,Pinky_2397,Pinky_2398,Pinky_2399,Pinky_2400,Pinky_2401,Pinky_2402,Pinky_2403,Pinky_2404,Pinky_2405,Pinky_2406,Pinky_2407,Pinky_2408,Pinky_2409,Pinky_2410,Pinky_2411,Pinky_2412,Pinky_2413,Pinky_2414,Pinky_2415,Pinky_2416,Pinky_2417,Pinky_2418,Pinky_2419,Pinky_2420,Pinky_2421,Pinky_2422,Pinky_2423,Pinky_2424,Pinky_2425,Pinky_2426,Pinky_2427,Pinky_2428,Pinky_2429,Pinky_2430,Pinky_2431,Pinky_2432,Pinky_2433,Pinky_2434,Pinky_2435,Pinky_2436,Pinky_2437,Pinky_2438,Pinky_2439,Pinky_2440,Pinky_2441,Pinky_2442,Pinky_2443,Pinky_2444,Pinky_2445,Pinky_2446,Pinky_2447,Pinky_2448,Pinky_2449,Pinky_2450,Pinky_2451,Pinky_2452,Pinky_2453,Pinky_2454,Pinky_2455,Pinky_2456,Pinky_2457,Pinky_2458,Pinky_2459,Pinky_2460,Pinky_2461,Pinky_2462,Pinky_2463,Pinky_2464,Pinky_2465,Pinky_2466,Pinky_2467,Pinky_2468,Pinky_2469,Pinky_2470,Pinky_2471,Pinky_2472,Pinky_2473,Pinky_2474,Pinky_2475,Pinky_2476,Pinky_2477,Pinky_2478,Pinky_2479,Pinky_2480,Pinky_2481,Pinky_2482,Pinky_2483,Pinky_2484,Pinky_2485,Pinky_2486,Pinky_2487,Pinky_2488,Pinky_2489,Pinky_2490,Pinky_2491,Pinky_2492,Pinky_2493,Pinky_2494,Pinky_2495,Pinky_2496,Pinky_2497,Pinky_2498,Pinky_2499,Pinky_2500,Pinky_2501,Pinky_2502,Pinky_2503,Pinky_2504,Pinky_2505,Pinky_2506,Pinky_2507,Pinky_2508,Pinky_2509,Pinky_2510,Pinky_2511,Pinky_2512,Pinky_2513,Pinky_2514,Pinky_2515,Pinky_2516,Pinky_2517,Pinky_2518,Pinky_2519,Pinky_2520,Pinky_2521,Pinky_2522,Pinky_2523,Pinky_2524,Pinky_2525,Pinky_2526,Pinky_2527,Pinky_2528,Pinky_2529,Pinky_2530,Pinky_2531,Pinky_2532,Pinky_2533,Pinky_2534,Pinky_2535,Pinky_2536,Pinky_2537,Pinky_2538,Pinky_2539,Pinky_2540,Pinky_2541,Pinky_2542,Pinky_2543,Pinky_2544,Pinky_2545,Pinky_2546,Pinky_2547,Pinky_2548,Pinky_2549,Pinky_2550,Pinky_2551,Pinky_2552,Pinky_2553,Pinky_2554,Pinky_2555,Pinky_2556,Pinky_2557,Pinky_2558,Pinky_2559,Pinky_2560,Pinky_2561,Pinky_2562,Pinky_2563,Pinky_2564,Pinky_2565,Pinky_2566,Pinky_2567,Pinky_2568,Pinky_2569,Pinky_2570,Pinky_2571,Pinky_2572,Pinky_2573,Pinky_2574,Pinky_2575,Pinky_2576,Pinky_2577,Pinky_2578,Pinky_2579,Pinky_2580,Pinky_2581,Pinky_2582,Pinky_2583,Pinky_2584,Pinky_2585,Pinky_2586,Pinky_2587,Pinky_2588,Pinky_2589,Pinky_2590,Pinky_2591,Pinky_2592,Pinky_2593,Pinky_2594,Pinky_2595,Pinky_2596,Pinky_2597,Pinky_2598,Pinky_2599,Pinky_2600,Pinky_2601,Pinky_2602,Pinky_2603,Pinky_2604,Pinky_2605,Pinky_2606,Pinky_2607,Pinky_2608,Pinky_2609,Pinky_2610,Pinky_2611,Pinky_2612,Pinky_2613,Pinky_2614,Pinky_2615,Pinky_2616,Pinky_2617,Pinky_2618,Pinky_2619,Pinky_2620,Pinky_2621,Pinky_2622,Pinky_2623,Pinky_2624,Pinky_2625,Pinky_2626,Pinky_2627,Pinky_2628,Pinky_2629,Pinky_2630,Pinky_2631,Pinky_2632,Pinky_2633,Pinky_2634,Pinky_2635,Pinky_2636,Pinky_2637,Pinky_2638,Pinky_2639,Pinky_2640,Pinky_2641,Pinky_2642,Pinky_2643,Pinky_2644,Pinky_2645,Pinky_2646,Pinky_2647,Pinky_2648,Pinky_2649,Pinky_2650,Pinky_2651,Pinky_2652,Pinky_2653,Pinky_2654,Pinky_2655,Pinky_2656,Pinky_2657,Pinky_2658,Pinky_2659,Pinky_2660,Pinky_2661,Pinky_2662,Pinky_2663,Pinky_2664,Pinky_2665,Pinky_2666,Pinky_2667,Pinky_2668,Pinky_2669,Pinky_2670,Pinky_2671,Pinky_2672,Pinky_2673,Pinky_2674,Pinky_2675,Pinky_2676,Pinky_2677,Pinky_2678,Pinky_2679,Pinky_2680,Pinky_2681,Pinky_2682,Pinky_2683,Pinky_2684,Pinky_2685,Pinky_2686,Pinky_2687,Pinky_2688,Pinky_2689,Pinky_2690,Pinky_2691,Pinky_2692,Pinky_2693,Pinky_2694,Pinky_2695,Pinky_2696,Pinky_2697,Pinky_2698,Pinky_2699,Pinky_2700,Pinky_2701,Pinky_2702,Pinky_2703,Pinky_2704,Pinky_2705,Pinky_2706,Pinky_2707,Pinky_2708,Pinky_2709,Pinky_2710,Pinky_2711,Pinky_2712,Pinky_2713,Pinky_2714,Pinky_2715,Pinky_2716,Pinky_2717,Pinky_2718,Pinky_2719,Pinky_2720,Pinky_2721,Pinky_2722,Pinky_2723,Pinky_2724,Pinky_2725,Pinky_2726,Pinky_2727,Pinky_2728,Pinky_2729,Pinky_2730,Pinky_2731,Pinky_2732,Pinky_2733,Pinky_2734,Pinky_2735,Pinky_2736,Pinky_2737,Pinky_2738,Pinky_2739,Pinky_2740,Pinky_2741,Pinky_2742,Pinky_2743,Pinky_2744,Pinky_2745,Pinky_2746,Pinky_2747,Pinky_2748,Pinky_2749,Pinky_2750,Pinky_2751,Pinky_2752,Pinky_2753,Pinky_2754,Pinky_2755,Pinky_2756,Pinky_2757,Pinky_2758,Pinky_2759,Pinky_2760,Pinky_2761,Pinky_2762,Pinky_2763,Pinky_2764,Pinky_2765,Pinky_2766,Pinky_2767,Pinky_2768,Pinky_2769,Pinky_2770,Pinky_2771,Pinky_2772,Pinky_2773,Pinky_2774,Pinky_2775,Pinky_2776,Pinky_2777,Pinky_2778,Pinky_2779,Pinky_2780,Pinky_2781,Pinky_2782,Pinky_2783,Pinky_2784,Pinky_2785,Pinky_2786,Pinky_2787,Pinky_2788,Pinky_2789,Pinky_2790,Pinky_2791,Pinky_2792,Pinky_2793,Pinky_2794,Pinky_2795,Pinky_2796,Pinky_2797,Pinky_2798,Pinky_2799,Pinky_2800,Pinky_2801,Pinky_2802,Pinky_2803,Pinky_2804,Pinky_2805,Pinky_2806,Pinky_2807,Pinky_2808,Pinky_2809,Pinky_2810,Pinky_2811,Pinky_2812,Pinky_2813,Pinky_2814,Pinky_2815,Pinky_2816,Pinky_2817,Pinky_2818,Pinky_2819,Pinky_2820,Pinky_2821,Pinky_2822,Pinky_2823,Pinky_2824,Pinky_2825,Pinky_2826,Pinky_2827,Pinky_2828,Pinky_2829,Pinky_2830,Pinky_2831,Pinky_2832,Pinky_2833,Pinky_2834,Pinky_2835,Pinky_2836,Pinky_2837,Pinky_2838,Pinky_2839,Pinky_2840,Pinky_2841,Pinky_2842,Pinky_2843,Pinky_2844,Pinky_2845,Pinky_2846,Pinky_2847,Pinky_2848,Pinky_2849,Pinky_2850,Pinky_2851,Pinky_2852,Pinky_2853,Pinky_2854,Pinky_2855,Pinky_2856,Pinky_2857,Pinky_2858,Pinky_2859,Pinky_2860,Pinky_2861,Pinky_2862,Pinky_2863,Pinky_2864,Pinky_2865,Pinky_2866,Pinky_2867,Pinky_2868,Pinky_2869,Pinky_2870,Pinky_2871,Pinky_2872,Pinky_2873,Pinky_2874,Pinky_2875,Pinky_2876,Pinky_2877,Pinky_2878,Pinky_2879,Pinky_2880,Pinky_2881,Pinky_2882,Pinky_2883,Pinky_2884,Pinky_2885,Pinky_2886,Pinky_2887,Pinky_2888,Pinky_2889,Pinky_2890,Pinky_2891,Pinky_2892,Pinky_2893,Pinky_2894,Pinky_2895,Pinky_2896,Pinky_2897,Pinky_2898,Pinky_2899,Pinky_2900,Pinky_2901,Pinky_2902,Pinky_2903,Pinky_2904,Pinky_2905,Pinky_2906,Pinky_2907,Pinky_2908,Pinky_2909,Pinky_2910,Pinky_2911,Pinky_2912,Pinky_2913,Pinky_2914,Pinky_2915,Pinky_2916,Pinky_2917,Pinky_2918,Pinky_2919,Pinky_2920,Pinky_2921,Pinky_2922,Pinky_2923,Pinky_2924,Pinky_2925,Pinky_2926,Pinky_2927,Pinky_2928,Pinky_2929,Pinky_2930,Pinky_2931,Pinky_2932,Pinky_2933,Pinky_2934,Pinky_2935,Pinky_2936,Pinky_2937,Pinky_2938,Pinky_2939,Pinky_2940,Pinky_2941,Pinky_2942,Pinky_2943,Pinky_2944,Pinky_2945,Pinky_2946,Pinky_2947,Pinky_2948,Pinky_2949,Pinky_2950,Pinky_2951,Pinky_2952,Pinky_2953,Pinky_2954,Pinky_2955,Pinky_2956,Pinky_2957,Pinky_2958,Pinky_2959,Pinky_2960,Pinky_2961,Pinky_2962,Pinky_2963,Pinky_2964,Pinky_2965,Pinky_2966,Pinky_2967,Pinky_2968,Pinky_2969,Pinky_2970,Pinky_2971,Pinky_2972,Pinky_2973,Pinky_2974,Pinky_2975,Pinky_2976,Pinky_2977,Pinky_2978,Pinky_2979,Pinky_2980,Pinky_2981,Pinky_2982,Pinky_2983,Pinky_2984,Pinky_2985,Pinky_2986,Pinky_2987,Pinky_2988,Pinky_2989,Pinky_2990,Pinky_2991,Pinky_2992,Pinky_2993,Pinky_2994,Pinky_2995,Pinky_2996,Pinky_2997,Pinky_2998,Pinky_2999,Pinky_3000,Pinky_3001,Pinky_3002,Pinky_3003,Pinky_3004,Pinky_3005,Pinky_3006,Pinky_3007,Pinky_3008,Pinky_3009,Pinky_3010,Pinky_3011,Pinky_3012,Pinky_3013,Pinky_3014,Pinky_3015,Pinky_3016,Pinky_3017,Pinky_3018,Pinky_3019,Pinky_3020,Pinky_3021,Pinky_3022,Pinky_3023,Pinky_3024,Pinky_3025,Pinky_3026,Pinky_3027,Pinky_3028,Pinky_3029,Pinky_3030,Pinky_3031,Pinky_3032,Pinky_3033,Pinky_3034,Pinky_3035,Pinky_3036,Pinky_3037,Pinky_3038,Pinky_3039,Pinky_3040,Pinky_3041,Pinky_3042,Pinky_3043,Pinky_3044,Pinky_3045,Pinky_3046,Pinky_3047,Pinky_3048,Pinky_3049,Pinky_3050,Pinky_3051,Pinky_3052,Pinky_3053,Pinky_3054,Pinky_3055,Pinky_3056,Pinky_3057,Pinky_3058,Pinky_3059,Pinky_3060,Pinky_3061,Pinky_3062,Pinky_3063,Pinky_3064,Pinky_3065,Pinky_3066,Pinky_3067,Pinky_3068,Pinky_3069,Pinky_3070,Pinky_3071,Pinky_3072,Pinky_3073,Pinky_3074,Pinky_3075,Pinky_3076,Pinky_3077,Pinky_3078,Pinky_3079,Pinky_3080,Pinky_3081,Pinky_3082,Pinky_3083,Pinky_3084,Pinky_3085,Pinky_3086,Pinky_3087,Pinky_3088,Pinky_3089,Pinky_3090,Pinky_3091,Pinky_3092,Pinky_3093,Pinky_3094,Pinky_3095,Pinky_3096,Pinky_3097,Pinky_3098,Pinky_3099,Pinky_3100,Pinky_3101,Pinky_3102,Pinky_3103,Pinky_3104,Pinky_3105,Pinky_3106,Pinky_3107,Pinky_3108,Pinky_3109,Pinky_3110,Pinky_3111,Pinky_3112,Pinky_3113,Pinky_3114,Pinky_3115,Pinky_3116,Pinky_3117,Pinky_3118,Pinky_3119,Pinky_3120,Pinky_3121,Pinky_3122,Pinky_3123,Pinky_3124,Pinky_3125,Pinky_3126,Pinky_3127,Pinky_3128,Pinky_3129,Pinky_3130,Pinky_3131,Pinky_3132,Pinky_3133,Pinky_3134,Pinky_3135,Pinky_3136,Pinky_3137,Pinky_3138,Pinky_3139,Pinky_3140,Pinky_3141,Pinky_3142,Pinky_3143,Pinky_3144,Pinky_3145,Pinky_3146,Pinky_3147,Pinky_3148,Pinky_3149,Pinky_3150,Pinky_3151,Pinky_3152,Pinky_3153,Pinky_3154,Pinky_3155,Pinky_3156,Pinky_3157,Pinky_3158,Pinky_3159,Pinky_3160,Pinky_3161,Pinky_3162,Pinky_3163,Pinky_3164,Pinky_3165,Pinky_3166,Pinky_3167,Pinky_3168,Pinky_3169,Pinky_3170,Pinky_3171,Pinky_3172,Pinky_3173,Pinky_3174,Pinky_3175,Pinky_3176,Pinky_3177,Pinky_3178,Pinky_3179,Pinky_3180,Pinky_3181,Pinky_3182,Pinky_3183,Pinky_3184,Pinky_3185,Pinky_3186,Pinky_3187,Pinky_3188,Pinky_3189,Pinky_3190,Pinky_3191,Pinky_3192,Pinky_3193,Pinky_3194,Pinky_3195,Pinky_3196,Pinky_3197,Pinky_3198,Pinky_3199,Pinky_3200,Pinky_3201,Pinky_3202,Pinky_3203,Pinky_3204,Pinky_3205,Pinky_3206,Pinky_3207,Pinky_3208,Pinky_3209,Pinky_3210,Pinky_3211,Pinky_3212,Pinky_3213,Pinky_3214,Pinky_3215,Pinky_3216,Pinky_3217,Pinky_3218,Pinky_3219,Pinky_3220,Pinky_3221,Pinky_3222,Pinky_3223,Pinky_3224,Pinky_3225,Pinky_3226,Pinky_3227,Pinky_3228,Pinky_3229,Pinky_3230,Pinky_3231,Pinky_3232,Pinky_3233,Pinky_3234,Pinky_3235,Pinky_3236,Pinky_3237,Pinky_3238,Pinky_3239,Pinky_3240,Pinky_3241,Pinky_3242,Pinky_3243,Pinky_3244,Pinky_3245,Pinky_3246,Pinky_3247,Pinky_3248,Pinky_3249,Pinky_3250,Pinky_3251,Pinky_3252,Pinky_3253,Pinky_3254,Pinky_3255,Pinky_3256,Pinky_3257,Pinky_3258,Pinky_3259,Pinky_3260,Pinky_3261,Pinky_3262,Pinky_3263,Pinky_3264,Pinky_3265,Pinky_3266,Pinky_3267,Pinky_3268,Pinky_3269,Pinky_3270,Pinky_3271,Pinky_3272,Pinky_3273,Pinky_3274,Pinky_3275,Pinky_3276,Pinky_3277,Pinky_3278,Pinky_3279,Pinky_3280,Pinky_3281,Pinky_3282,Pinky_3283,Pinky_3284,Pinky_3285,Pinky_3286,Pinky_3287,Pinky_3288,Pinky_3289,Pinky_3290,Pinky_3291,Pinky_3292,Pinky_3293,Pinky_3294,Pinky_3295,Pinky_3296,Pinky_3297,Pinky_3298,Pinky_3299,Pinky_3300,Pinky_3301,Pinky_3302,Pinky_3303,Pinky_3304,Pinky_3305,Pinky_3306,Pinky_3307,Pinky_3308,Pinky_3309,Pinky_3310,Pinky_3311,Pinky_3312,Pinky_3313,Pinky_3314,Pinky_3315,Pinky_3316,Pinky_3317,Pinky_3318,Pinky_3319,Pinky_3320,Pinky_3321,Pinky_3322,Pinky_3323,Pinky_3324,Pinky_3325,Pinky_3326,Pinky_3327,Pinky_3328,Pinky_3329,Pinky_3330,Pinky_3331,Pinky_3332,Pinky_3333,Pinky_3334,Pinky_3335,Pinky_3336,Pinky_3337,Pinky_3338,Pinky_3339,Pinky_3340,Pinky_3341,Pinky_3342,Pinky_3343,Pinky_3344,Pinky_3345,Pinky_3346,Pinky_3347,Pinky_3348,Pinky_3349,Pinky_3350,Pinky_3351,Pinky_3352,Pinky_3353,Pinky_3354,Pinky_3355,Pinky_3356,Pinky_3357,Pinky_3358,Pinky_3359,Pinky_3360,Pinky_3361,Pinky_3362,Pinky_3363,Pinky_3364,Pinky_3365,Pinky_3366,Pinky_3367,Pinky_3368,Pinky_3369,Pinky_3370,Pinky_3371,Pinky_3372,Pinky_3373,Pinky_3374,Pinky_3375,Pinky_3376,Pinky_3377,Pinky_3378,Pinky_3379,Pinky_3380,Pinky_3381,Pinky_3382,Pinky_3383,Pinky_3384,Pinky_3385,Pinky_3386,Pinky_3387,Pinky_3388,Pinky_3389,Pinky_3390,Pinky_3391,Pinky_3392,Pinky_3393,Pinky_3394,Pinky_3395,Pinky_3396,Pinky_3397,Pinky_3398,Pinky_3399,Pinky_3400,Pinky_3401,Pinky_3402,Pinky_3403,Pinky_3404,Pinky_3405,Pinky_3406,Pinky_3407,Pinky_3408,Pinky_3409,Pinky_3410,Pinky_3411,Pinky_3412,Pinky_3413,Pinky_3414,Pinky_3415,Pinky_3416,Pinky_3417,Pinky_3418,Pinky_3419,Pinky_3420,Pinky_3421,Pinky_3422,Pinky_3423,Pinky_3424,Pinky_3425,Pinky_3426,Pinky_3427,Pinky_3428,Pinky_3429,Pinky_3430,Pinky_3431,Pinky_3432,Pinky_3433,Pinky_3434,Pinky_3435,Pinky_3436,Pinky_3437,Pinky_3438,Pinky_3439,Pinky_3440,Pinky_3441,Pinky_3442,Pinky_3443,Pinky_3444,Pinky_3445,Pinky_3446,Pinky_3447,Pinky_3448,Pinky_3449,Pinky_3450,Pinky_3451,Pinky_3452,Pinky_3453,Pinky_3454,Pinky_3455,Pinky_3456,Pinky_3457,Pinky_3458,Pinky_3459,Pinky_3460,Pinky_3461,Pinky_3462,Pinky_3463,Pinky_3464,Pinky_3465,Pinky_3466,Pinky_3467,Pinky_3468,Pinky_3469,Pinky_3470,Pinky_3471,Pinky_3472,Pinky_3473,Pinky_3474,Pinky_3475,Pinky_3476,Pinky_3477,Pinky_3478,Pinky_3479,Pinky_3480,Pinky_3481,Pinky_3482,Pinky_3483,Pinky_3484,Pinky_3485,Pinky_3486,Pinky_3487,Pinky_3488,Pinky_3489,Pinky_3490,Pinky_3491,Pinky_3492,Pinky_3493,Pinky_3494,Pinky_3495,Pinky_3496,Pinky_3497,Pinky_3498,Pinky_3499,Pinky_3500,Pinky_3501,Pinky_3502,Pinky_3503,Pinky_3504,Pinky_3505,Pinky_3506,Pinky_3507,Pinky_3508,Pinky_3509,Pinky_3510,Pinky_3511,Pinky_3512,Pinky_3513,Pinky_3514,Pinky_3515,Pinky_3516,Pinky_3517,Pinky_3518,Pinky_3519,Pinky_3520,Pinky_3521,Pinky_3522,Pinky_3523,Pinky_3524,Pinky_3525,Pinky_3526,Pinky_3527,Pinky_3528,Pinky_3529,Pinky_3530,Pinky_3531,Pinky_3532,Pinky_3533,Pinky_3534,Pinky_3535,Pinky_3536,Pinky_3537,Pinky_3538,Pinky_3539,Pinky_3540,Pinky_3541,Pinky_3542,Pinky_3543,Pinky_3544,Pinky_3545,Pinky_3546,Pinky_3547,Pinky_3548,Pinky_3549,Pinky_3550,Pinky_3551,Pinky_3552,Pinky_3553,Pinky_3554,Pinky_3555,Pinky_3556,Pinky_3557,Pinky_3558,Pinky_3559,Pinky_3560,Pinky_3561,Pinky_3562,Pinky_3563,Pinky_3564,Pinky_3565,Pinky_3566,Pinky_3567,Pinky_3568,Pinky_3569,Pinky_3570,Pinky_3571,Pinky_3572,Pinky_3573,Pinky_3574,Pinky_3575,Pinky_3576,Pinky_3577,Pinky_3578,Pinky_3579,Pinky_3580,Pinky_3581,Pinky_3582,Pinky_3583,Pinky_3584,Pinky_3585,Pinky_3586,Pinky_3587,Pinky_3588,Pinky_3589,Pinky_3590,Pinky_3591,Pinky_3592,Pinky_3593,Pinky_3594,Pinky_3595,Pinky_3596,Pinky_3597,Pinky_3598,Pinky_3599,Pinky_3600,Pinky_3601,Pinky_3602,Pinky_3603,Pinky_3604,Pinky_3605,Pinky_3606,Pinky_3607,Pinky_3608,Pinky_3609,Pinky_3610,Pinky_3611,Pinky_3612,Pinky_3613,Pinky_3614,Pinky_3615,Pinky_3616,Pinky_3617,Pinky_3618,Pinky_3619,Pinky_3620,Pinky_3621,Pinky_3622,Pinky_3623,Pinky_3624,Pinky_3625,Pinky_3626,Pinky_3627,Pinky_3628,Pinky_3629,Pinky_3630,Pinky_3631,Pinky_3632,Pinky_3633,Pinky_3634,Pinky_3635,Pinky_3636,Pinky_3637,Pinky_3638,Pinky_3639,Pinky_3640,Pinky_3641,Pinky_3642,Pinky_3643,Pinky_3644,Pinky_3645,Pinky_3646,Pinky_3647,Pinky_3648,Pinky_3649,Pinky_3650,Pinky_3651,Pinky_3652,Pinky_3653,Pinky_3654,Pinky_3655,Pinky_3656,Pinky_3657,Pinky_3658,Pinky_3659,Pinky_3660,Pinky_3661,Pinky_3662,Pinky_3663,Pinky_3664,Pinky_3665,Pinky_3666,Pinky_3667,Pinky_3668,Pinky_3669,Pinky_3670,Pinky_3671,Pinky_3672,Pinky_3673,Pinky_3674,Pinky_3675,Pinky_3676,Pinky_3677,Pinky_3678,Pinky_3679,Pinky_3680,Pinky_3681,Pinky_3682,Pinky_3683,Pinky_3684,Pinky_3685,Pinky_3686,Pinky_3687,Pinky_3688,Pinky_3689,Pinky_3690,Pinky_3691,Pinky_3692,Pinky_3693,Pinky_3694,Pinky_3695,Pinky_3696,Pinky_3697,Pinky_3698,Pinky_3699,Pinky_3700,Pinky_3701,Pinky_3702,Pinky_3703,Pinky_3704,Pinky_3705,Pinky_3706,Pinky_3707,Pinky_3708,Pinky_3709,Pinky_3710,Pinky_3711,Pinky_3712,Pinky_3713,Pinky_3714,Pinky_3715,Pinky_3716,Pinky_3717,Pinky_3718,Pinky_3719,Pinky_3720,Pinky_3721,Pinky_3722,Pinky_3723,Pinky_3724,Pinky_3725,Pinky_3726,Pinky_3727,Pinky_3728,Pinky_3729,Pinky_3730,Pinky_3731,Pinky_3732,Pinky_3733,Pinky_3734,Pinky_3735,Pinky_3736,Pinky_3737,Pinky_3738,Pinky_3739,Pinky_3740,Pinky_3741,Pinky_3742,Pinky_3743,Pinky_3744,Pinky_3745,Pinky_3746,Pinky_3747,Pinky_3748,Pinky_3749,Pinky_3750,Pinky_3751,Pinky_3752,Pinky_3753,Pinky_3754,Pinky_3755,Pinky_3756,Pinky_3757,Pinky_3758,Pinky_3759,Pinky_3760,Pinky_3761,Pinky_3762,Pinky_3763,Pinky_3764,Pinky_3765,Pinky_3766,Pinky_3767,Pinky_3768,Pinky_3769,Pinky_3770,Pinky_3771,Pinky_3772,Pinky_3773,Pinky_3774,Pinky_3775,Pinky_3776,Pinky_3777,Pinky_3778,Pinky_3779,Pinky_3780,Pinky_3781,Pinky_3782,Pinky_3783,Pinky_3784,Pinky_3785,Pinky_3786,Pinky_3787,Pinky_3788,Pinky_3789,Pinky_3790,Pinky_3791,Pinky_3792,Pinky_3793,Pinky_3794,Pinky_3795,Pinky_3796,Pinky_3797,Pinky_3798,Pinky_3799,Pinky_3800,Pinky_3801,Pinky_3802,Pinky_3803,Pinky_3804,Pinky_3805,Pinky_3806,Pinky_3807,Pinky_3808,Pinky_3809,Pinky_3810,Pinky_3811,Pinky_3812,Pinky_3813,Pinky_3814,Pinky_3815,Pinky_3816,Pinky_3817,Pinky_3818,Pinky_3819,Pinky_3820,Pinky_3821,Pinky_3822,Pinky_3823,Pinky_3824,Pinky_3825,Pinky_3826,Pinky_3827,Pinky_3828,Pinky_3829,Pinky_3830,Pinky_3831,Pinky_3832,Pinky_3833,Pinky_3834,Pinky_3835,Pinky_3836,Pinky_3837,Pinky_3838,Pinky_3839,Pinky_3840,Pinky_3841,Pinky_3842,Pinky_3843,Pinky_3844,Pinky_3845,Pinky_3846,Pinky_3847,Pinky_3848,Pinky_3849,Pinky_3850,Pinky_3851,Pinky_3852,Pinky_3853,Pinky_3854,Pinky_3855,Pinky_3856,Pinky_3857,Pinky_3858,Pinky_3859,Pinky_3860,Pinky_3861,Pinky_3862,Pinky_3863,Pinky_3864,Pinky_3865,Pinky_3866,Pinky_3867,Pinky_3868,Pinky_3869,Pinky_3870,Pinky_3871,Pinky_3872,Pinky_3873,Pinky_3874,Pinky_3875,Pinky_3876,Pinky_3877,Pinky_3878,Pinky_3879,Pinky_3880,Pinky_3881,Pinky_3882,Pinky_3883,Pinky_3884,Pinky_3885,Pinky_3886,Pinky_3887,Pinky_3888,Pinky_3889,Pinky_3890,Pinky_3891,Pinky_3892,Pinky_3893,Pinky_3894,Pinky_3895,Pinky_3896,Pinky_3897,Pinky_3898,Pinky_3899,Pinky_3900,Pinky_3901,Pinky_3902,Pinky_3903,Pinky_3904,Pinky_3905,Pinky_3906,Pinky_3907,Pinky_3908,Pinky_3909,Pinky_3910,Pinky_3911,Pinky_3912,Pinky_3913,Pinky_3914,Pinky_3915,Pinky_3916,Pinky_3917,Pinky_3918,Pinky_3919,Pinky_3920,Pinky_3921,Pinky_3922,Pinky_3923,Pinky_3924,Pinky_3925,Pinky_3926,Pinky_3927,Pinky_3928,Pinky_3929,Pinky_3930,Pinky_3931,Pinky_3932,Pinky_3933,Pinky_3934,Pinky_3935,Pinky_3936,Pinky_3937,Pinky_3938,Pinky_3939,Pinky_3940,Pinky_3941,Pinky_3942,Pinky_3943,Pinky_3944,Pinky_3945,Pinky_3946,Pinky_3947,Pinky_3948,Pinky_3949,Pinky_3950,Pinky_3951,Pinky_3952,Pinky_3953,Pinky_3954,Pinky_3955,Pinky_3956,Pinky_3957,Pinky_3958,Pinky_3959,Pinky_3960,Pinky_3961,Pinky_3962,Pinky_3963,Pinky_3964,Pinky_3965,Pinky_3966,Pinky_3967,Pinky_3968,Pinky_3969,Pinky_3970,Pinky_3971,Pinky_3972,Pinky_3973,Pinky_3974,Pinky_3975,Pinky_3976,Pinky_3977,Pinky_3978,Pinky_3979,Pinky_3980,Pinky_3981,Pinky_3982,Pinky_3983,Pinky_3984,Pinky_3985,Pinky_3986,Pinky_3987,Pinky_3988,Pinky_3989,Pinky_3990,Pinky_3991,Pinky_3992,Pinky_3993,Pinky_3994,Pinky_3995,Pinky_3996,Pinky_3997,Pinky_3998,Pinky_3999,Pinky_4000,Pinky_4001,Pinky_4002,Pinky_4003,Pinky_4004,Pinky_4005,Pinky_4006,Pinky_4007,Pinky_4008,Pinky_4009,Pinky_4010,Pinky_4011,Pinky_4012,Pinky_4013,Pinky_4014,Pinky_4015,Pinky_4016,Pinky_4017,Pinky_4018,Pinky_4019,Pinky_4020,Pinky_4021,Pinky_4022,Pinky_4023,Pinky_4024,Pinky_4025,Pinky_4026,Pinky_4027,Pinky_4028,Pinky_4029,Pinky_4030,Pinky_4031,Pinky_4032,Pinky_4033,Pinky_4034,Pinky_4035,Pinky_4036,Pinky_4037,Pinky_4038,Pinky_4039,Pinky_4040,Pinky_4041,Pinky_4042,Pinky_4043,Pinky_4044,Pinky_4045,Pinky_4046,Pinky_4047,Pinky_4048,Pinky_4049,Pinky_4050,Pinky_4051,Pinky_4052,Pinky_4053,Pinky_4054,Pinky_4055,Pinky_4056,Pinky_4057,Pinky_4058,Pinky_4059,Pinky_4060,Pinky_4061,Pinky_4062,Pinky_4063,Pinky_4064,Pinky_4065,Pinky_4066,Pinky_4067,Pinky_4068,Pinky_4069,Pinky_4070,Pinky_4071,Pinky_4072,Pinky_4073,Pinky_4074,Pinky_4075,Pinky_4076,Pinky_4077,Pinky_4078,Pinky_4079,Pinky_4080,Pinky_4081,Pinky_4082,Pinky_4083,Pinky_4084,Pinky_4085,Pinky_4086,Pinky_4087,Pinky_4088,Pinky_4089,Pinky_4090,Pinky_4091,Pinky_4092,Pinky_4093,Pinky_4094,Pinky_4095,Pinky_4096,Pinky_4097,Pinky_4098,Pinky_4099,Pinky_4100,Pinky_4101,Pinky_4102,Pinky_4103,Pinky_4104,Pinky_4105,Pinky_4106,Pinky_4107,Pinky_4108,Pinky_4109,Pinky_4110,Pinky_4111,Pinky_4112,Pinky_4113,Pinky_4114,Pinky_4115,Pinky_4116,Pinky_4117,Pinky_4118,Pinky_4119,Pinky_4120,Pinky_4121,Pinky_4122,Pinky_4123,Pinky_4124,Pinky_4125,Pinky_4126,Pinky_4127,Pinky_4128,Pinky_4129,Pinky_4130,Pinky_4131,Pinky_4132,Pinky_4133,Pinky_4134,Pinky_4135,Pinky_4136,Pinky_4137,Pinky_4138,Pinky_4139,Pinky_4140,Pinky_4141,Pinky_4142,Pinky_4143,Pinky_4144,Pinky_4145,Pinky_4146,Pinky_4147,Pinky_4148,Pinky_4149,Pinky_4150,Pinky_4151,Pinky_4152,Pinky_4153,Pinky_4154,Pinky_4155,Pinky_4156,Pinky_4157,Pinky_4158,Pinky_4159,Pinky_4160,Pinky_4161,Pinky_4162,Pinky_4163,Pinky_4164,Pinky_4165,Pinky_4166,Pinky_4167,Pinky_4168,Pinky_4169,Pinky_4170,Pinky_4171,Pinky_4172,Pinky_4173,Pinky_4174,Pinky_4175,Pinky_4176,Pinky_4177,Pinky_4178,Pinky_4179,Pinky_4180,Pinky_4181,Pinky_4182,Pinky_4183,Pinky_4184,Pinky_4185,Pinky_4186,Pinky_4187,Pinky_4188,Pinky_4189,Pinky_4190,Pinky_4191,Pinky_4192,Pinky_4193,Pinky_4194,Pinky_4195,Pinky_4196,Pinky_4197,Pinky_4198,Pinky_4199,Pinky_4200,Pinky_4201,Pinky_4202,Pinky_4203,Pinky_4204,Pinky_4205,Pinky_4206,Pinky_4207,Pinky_4208,Pinky_4209,Pinky_4210,Pinky_4211,Pinky_4212,Pinky_4213,Pinky_4214,Pinky_4215,Pinky_4216,Pinky_4217,Pinky_4218,Pinky_4219,Pinky_4220,Pinky_4221,Pinky_4222,Pinky_4223,Pinky_4224,Pinky_4225,Pinky_4226,Pinky_4227,Pinky_4228,Pinky_4229,Pinky_4230,Pinky_4231,Pinky_4232,Pinky_4233,Pinky_4234,Pinky_4235,Pinky_4236,Pinky_4237,Pinky_4238,Pinky_4239,Pinky_4240,Pinky_4241,Pinky_4242,Pinky_4243,Pinky_4244,Pinky_4245,Pinky_4246,Pinky_4247,Pinky_4248,Pinky_4249,Pinky_4250,Pinky_4251,Pinky_4252,Pinky_4253,Pinky_4254,Pinky_4255,Pinky_4256,Pinky_4257,Pinky_4258,Pinky_4259,Pinky_4260,Pinky_4261,Pinky_4262,Pinky_4263,Pinky_4264,Pinky_4265,Pinky_4266,Pinky_4267,Pinky_4268,Pinky_4269,Pinky_4270,Pinky_4271,Pinky_4272,Pinky_4273,Pinky_4274,Pinky_4275,Pinky_4276,Pinky_4277,Pinky_4278,Pinky_4279,Pinky_4280,Pinky_4281,Pinky_4282,Pinky_4283,Pinky_4284,Pinky_4285,Pinky_4286,Pinky_4287,Pinky_4288,Pinky_4289,Pinky_4290,Pinky_4291,Pinky_4292,Pinky_4293,Pinky_4294,Pinky_4295,Pinky_4296,Pinky_4297,Pinky_4298,Pinky_4299,Pinky_4300,Pinky_4301,Pinky_4302,Pinky_4303,Pinky_4304,Pinky_4305,Pinky_4306,Pinky_4307,Pinky_4308,Pinky_4309,Pinky_4310,Pinky_4311,Pinky_4312,Pinky_4313,Pinky_4314,Pinky_4315,Pinky_4316,Pinky_4317,Pinky_4318,Pinky_4319,Pinky_4320,Pinky_4321,Pinky_4322,Pinky_4323,Pinky_4324,Pinky_4325,Pinky_4326,Pinky_4327,Pinky_4328,Pinky_4329,Pinky_4330,Pinky_4331,Pinky_4332,Pinky_4333,Pinky_4334,Pinky_4335,Pinky_4336,Pinky_4337,Pinky_4338,Pinky_4339,Pinky_4340,Pinky_4341,Pinky_4342,Pinky_4343,Pinky_4344,Pinky_4345,Pinky_4346,Pinky_4347,Pinky_4348,Pinky_4349,Pinky_4350,Pinky_4351,Pinky_4352,Pinky_4353,Pinky_4354,Pinky_4355,Pinky_4356,Pinky_4357,Pinky_4358,Pinky_4359,Pinky_4360,Pinky_4361,Pinky_4362,Pinky_4363,Pinky_4364,Pinky_4365,Pinky_4366,Pinky_4367,Pinky_4368,Pinky_4369,Pinky_4370,Pinky_4371,Pinky_4372,Pinky_4373,Pinky_4374,Pinky_4375,Pinky_4376,Pinky_4377,Pinky_4378,Pinky_4379,Pinky_4380,Pinky_4381,Pinky_4382,Pinky_4383,Pinky_4384,Pinky_4385,Pinky_4386,Pinky_4387,Pinky_4388,Pinky_4389,Pinky_4390,Pinky_4391,Pinky_4392,Pinky_4393,Pinky_4394,Pinky_4395,Pinky_4396,Pinky_4397,Pinky_4398,Pinky_4399,Pinky_4400,Pinky_4401,Pinky_4402,Pinky_4403,Pinky_4404,Pinky_4405,Pinky_4406,Pinky_4407,Pinky_4408,Pinky_4409,Pinky_4410,Pinky_4411,Pinky_4412,Pinky_4413,Pinky_4414,Pinky_4415,Pinky_4416,Pinky_4417,Pinky_4418,Pinky_4419,Pinky_4420,Pinky_4421,Pinky_4422,Pinky_4423,Pinky_4424,Pinky_4425,Pinky_4426,Pinky_4427,Pinky_4428,Pinky_4429,Pinky_4430,Pinky_4431,Pinky_4432,Pinky_4433,Pinky_4434,Pinky_4435,Pinky_4436,Pinky_4437,Pinky_4438,Pinky_4439,Pinky_4440,Pinky_4441,Pinky_4442,Pinky_4443,Pinky_4444,Pinky_4445,Pinky_4446,Pinky_4447,Pinky_4448,Pinky_4449,Pinky_4450,Pinky_4451,Pinky_4452,Pinky_4453,Pinky_4454,Pinky_4455,Pinky_4456,Pinky_4457,Pinky_4458,Pinky_4459,Pinky_4460,Pinky_4461,Pinky_4462,Pinky_4463,Pinky_4464,Pinky_4465,Pinky_4466,Pinky_4467,Pinky_4468,Pinky_4469,Pinky_4470,Pinky_4471,Pinky_4472,Pinky_4473,Pinky_4474,Pinky_4475,Pinky_4476,Pinky_4477,Pinky_4478,Pinky_4479,Pinky_4480,Pinky_4481,Pinky_4482,Pinky_4483,Pinky_4484,Pinky_4485,Pinky_4486,Pinky_4487,Pinky_4488,Pinky_4489,Pinky_4490,Pinky_4491,Pinky_4492,Pinky_4493,Pinky_4494,Pinky_4495,Pinky_4496,Pinky_4497,Pinky_4498,Pinky_4499,Pinky_4500,Pinky_4501,Pinky_4502,Pinky_4503,Pinky_4504,Pinky_4505,Pinky_4506,Pinky_4507,Pinky_4508,Pinky_4509,Pinky_4510,Pinky_4511,Pinky_4512,Pinky_4513,Pinky_4514,Pinky_4515,Pinky_4516,Pinky_4517,Pinky_4518,Pinky_4519,Pinky_4520,Pinky_4521,Pinky_4522,Pinky_4523,Pinky_4524,Pinky_4525,Pinky_4526,Pinky_4527,Pinky_4528,Pinky_4529,Pinky_4530,Pinky_4531,Pinky_4532,Pinky_4533,Pinky_4534,Pinky_4535,Pinky_4536,Pinky_4537,Pinky_4538,Pinky_4539,Pinky_4540,Pinky_4541,Pinky_4542,Pinky_4543,Pinky_4544,Pinky_4545,Pinky_4546,Pinky_4547,Pinky_4548,Pinky_4549,Pinky_4550,Pinky_4551,Pinky_4552,Pinky_4553,Pinky_4554,Pinky_4555,Pinky_4556,Pinky_4557,Pinky_4558,Pinky_4559,Pinky_4560,Pinky_4561,Pinky_4562,Pinky_4563,Pinky_4564,Pinky_4565,Pinky_4566,Pinky_4567,Pinky_4568,Pinky_4569,Pinky_4570,Pinky_4571,Pinky_4572,Pinky_4573,Pinky_4574,Pinky_4575,Pinky_4576,Pinky_4577,Pinky_4578,Pinky_4579,Pinky_4580,Pinky_4581,Pinky_4582,Pinky_4583,Pinky_4584,Pinky_4585,Pinky_4586,Pinky_4587,Pinky_4588,Pinky_4589,Pinky_4590,Pinky_4591,Pinky_4592,Pinky_4593,Pinky_4594,Pinky_4595,Pinky_4596,Pinky_4597,Pinky_4598,Pinky_4599,Pinky_4600,Pinky_4601,Pinky_4602,Pinky_4603,Pinky_4604,Pinky_4605,Pinky_4606,Pinky_4607,Pinky_4608,Pinky_4609,Pinky_4610,Pinky_4611,Pinky_4612,Pinky_4613,Pinky_4614,Pinky_4615,Pinky_4616,Pinky_4617,Pinky_4618,Pinky_4619,Pinky_4620,Pinky_4621,Pinky_4622,Pinky_4623,Pinky_4624,Pinky_4625,Pinky_4626,Pinky_4627,Pinky_4628,Pinky_4629,Pinky_4630,Pinky_4631,Pinky_4632,Pinky_4633,Pinky_4634,Pinky_4635,Pinky_4636,Pinky_4637,Pinky_4638,Pinky_4639,Pinky_4640,Pinky_4641,Pinky_4642,Pinky_4643,Pinky_4644,Pinky_4645,Pinky_4646,Pinky_4647,Pinky_4648,Pinky_4649,Pinky_4650,Pinky_4651,Pinky_4652,Pinky_4653,Pinky_4654,Pinky_4655,Pinky_4656,Pinky_4657,Pinky_4658,Pinky_4659,Pinky_4660,Pinky_4661,Pinky_4662,Pinky_4663,Pinky_4664,Pinky_4665,Pinky_4666,Pinky_4667,Pinky_4668,Pinky_4669,Pinky_4670,Pinky_4671,Pinky_4672,Pinky_4673,Pinky_4674,Pinky_4675,Pinky_4676,Pinky_4677,Pinky_4678,Pinky_4679,Pinky_4680,Pinky_4681,Pinky_4682,Pinky_4683,Pinky_4684,Pinky_4685,Pinky_4686,Pinky_4687,Pinky_4688,Pinky_4689,Pinky_4690,Pinky_4691,Pinky_4692,Pinky_4693,Pinky_4694,Pinky_4695,Pinky_4696,Pinky_4697,Pinky_4698,Pinky_4699,Pinky_4700,Pinky_4701,Pinky_4702,Pinky_4703,Pinky_4704,Pinky_4705,Pinky_4706,Pinky_4707,Pinky_4708,Pinky_4709,Pinky_4710,Pinky_4711,Pinky_4712,Pinky_4713,Pinky_4714,Pinky_4715,Pinky_4716,Pinky_4717,Pinky_4718,Pinky_4719,Pinky_4720,Pinky_4721,Pinky_4722,Pinky_4723,Pinky_4724,Pinky_4725,Pinky_4726,Pinky_4727,Pinky_4728,Pinky_4729,Pinky_4730,Pinky_4731,Pinky_4732,Pinky_4733,Pinky_4734,Pinky_4735,Pinky_4736,Pinky_4737,Pinky_4738,Pinky_4739,Pinky_4740,Pinky_4741,Pinky_4742,Pinky_4743,Pinky_4744,Pinky_4745,Pinky_4746,Pinky_4747,Pinky_4748,Pinky_4749,Pinky_4750,Pinky_4751,Pinky_4752,Pinky_4753,Pinky_4754,Pinky_4755,Pinky_4756,Pinky_4757,Pinky_4758,Pinky_4759,Pinky_4760,Pinky_4761,Pinky_4762,Pinky_4763,Pinky_4764,Pinky_4765,Pinky_4766,Pinky_4767,Pinky_4768,Pinky_4769,Pinky_4770,Pinky_4771,Pinky_4772,Pinky_4773,Pinky_4774,Pinky_4775,Pinky_4776,Pinky_4777,Pinky_4778,Pinky_4779,Pinky_4780,Pinky_4781,Pinky_4782,Pinky_4783,Pinky_4784,Pinky_4785,Pinky_4786,Pinky_4787,Pinky_4788,Pinky_4789,Pinky_4790,Pinky_4791,Pinky_4792,Pinky_4793,Pinky_4794,Pinky_4795,Pinky_4796,Pinky_4797,Pinky_4798,Pinky_4799,Pinky_4800,Pinky_4801,Pinky_4802,Pinky_4803,Pinky_4804,Pinky_4805,Pinky_4806,Pinky_4807,Pinky_4808,Pinky_4809,Pinky_4810,Pinky_4811,Pinky_4812,Pinky_4813,Pinky_4814,Pinky_4815,Pinky_4816,Pinky_4817,Pinky_4818,Pinky_4819,Pinky_4820,Pinky_4821,Pinky_4822,Pinky_4823,Pinky_4824,Pinky_4825,Pinky_4826,Pinky_4827,Pinky_4828,Pinky_4829,Pinky_4830,Pinky_4831,Pinky_4832,Pinky_4833,Pinky_4834,Pinky_4835,Pinky_4836,Pinky_4837,Pinky_4838,Pinky_4839,Pinky_4840,Pinky_4841,Pinky_4842,Pinky_4843,Pinky_4844,Pinky_4845,Pinky_4846,Pinky_4847,Pinky_4848,Pinky_4849,Pinky_4850,Pinky_4851,Pinky_4852,Pinky_4853,Pinky_4854,Pinky_4855,Pinky_4856,Pinky_4857,Pinky_4858,Pinky_4859,Pinky_4860,Pinky_4861,Pinky_4862,Pinky_4863,Pinky_4864,Pinky_4865,Pinky_4866,Pinky_4867,Pinky_4868,Pinky_4869,Pinky_4870,Pinky_4871,Pinky_4872,Pinky_4873,Pinky_4874,Pinky_4875,Pinky_4876,Pinky_4877,Pinky_4878,Pinky_4879,Pinky_4880,Pinky_4881,Pinky_4882,Pinky_4883,Pinky_4884,Pinky_4885,Pinky_4886,Pinky_4887,Pinky_4888,Pinky_4889,Pinky_4890,Pinky_4891,Pinky_4892,Pinky_4893,Pinky_4894,Pinky_4895,Pinky_4896,Pinky_4897,Pinky_4898,Pinky_4899,Pinky_4900,Pinky_4901,Pinky_4902,Pinky_4903,Pinky_4904,Pinky_4905,Pinky_4906,Pinky_4907,Pinky_4908,Pinky_4909,Pinky_4910,Pinky_4911,Pinky_4912,Pinky_4913,Pinky_4914,Pinky_4915,Pinky_4916,Pinky_4917,Pinky_4918,Pinky_4919,Pinky_4920,Pinky_4921,Pinky_4922,Pinky_4923,Pinky_4924,Pinky_4925,Pinky_4926,Pinky_4927,Pinky_4928,Pinky_4929,Pinky_4930,Pinky_4931,Pinky_4932,Pinky_4933,Pinky_4934,Pinky_4935,Pinky_4936,Pinky_4937,Pinky_4938,Pinky_4939,Pinky_4940,Pinky_4941,Pinky_4942,Pinky_4943,Pinky_4944,Pinky_4945,Pinky_4946,Pinky_4947,Pinky_4948,Pinky_4949,Pinky_4950,Pinky_4951,Pinky_4952,Pinky_4953,Pinky_4954,Pinky_4955,Pinky_4956,Pinky_4957,Pinky_4958,Pinky_4959,Pinky_4960,Pinky_4961,Pinky_4962,Pinky_4963,Pinky_4964,Pinky_4965,Pinky_4966,Pinky_4967,Pinky_4968,Pinky_4969,Pinky_4970,Pinky_4971,Pinky_4972,Pinky_4973,Pinky_4974,Pinky_4975,Pinky_4976,Pinky_4977,Pinky_4978,Pinky_4979,Pinky_4980,Pinky_4981,Pinky_4982,Pinky_4983,Pinky_4984,Pinky_4985,Pinky_4986,Pinky_4987,Pinky_4988,Pinky_4989,Pinky_4990,Pinky_4991,Pinky_4992,Pinky_4993,Pinky_4994,Pinky_4995,Pinky_4996,Pinky_4997,Pinky_4998,Pinky_4999,Pinky_5000,Pinky_5001,Pinky_5002,Pinky_5003,Pinky_5004,Pinky_5005,Pinky_5006,Pinky_5007,Pinky_5008,Pinky_5009,Pinky_5010,Pinky_5011,Pinky_5012,Pinky_5013,Pinky_5014,Pinky_5015,Pinky_5016,Pinky_5017,Pinky_5018,Pinky_5019,Pinky_5020,Pinky_5021,Pinky_5022,Pinky_5023,Pinky_5024,Pinky_5025,Pinky_5026,Pinky_5027,Pinky_5028,Pinky_5029,Pinky_5030,Pinky_5031,Pinky_5032,Pinky_5033,Pinky_5034,Pinky_5035,Pinky_5036,Pinky_5037,Pinky_5038,Pinky_5039,Pinky_5040,Pinky_5041,Pinky_5042,Pinky_5043,Pinky_5044,Pinky_5045,Pinky_5046,Pinky_5047,Pinky_5048,Pinky_5049,Pinky_5050,Pinky_5051,Pinky_5052,Pinky_5053,Pinky_5054,Pinky_5055,Pinky_5056,Pinky_5057,Pinky_5058,Pinky_5059,Pinky_5060,Pinky_5061,Pinky_5062,Pinky_5063,Pinky_5064,Pinky_5065,Pinky_5066,Pinky_5067,Pinky_5068,Pinky_5069,Pinky_5070,Pinky_5071,Pinky_5072,Pinky_5073,Pinky_5074,Pinky_5075,Pinky_5076,Pinky_5077,Pinky_5078,Pinky_5079,Pinky_5080,Pinky_5081,Pinky_5082,Pinky_5083,Pinky_5084,Pinky_5085,Pinky_5086,Pinky_5087,Pinky_5088,Pinky_5089,Pinky_5090,Pinky_5091,Pinky_5092,Pinky_5093,Pinky_5094,Pinky_5095,Pinky_5096,Pinky_5097,Pinky_5098,Pinky_5099,Pinky_5100,Pinky_5101,Pinky_5102,Pinky_5103,Pinky_5104,Pinky_5105,Pinky_5106,Pinky_5107,Pinky_5108,Pinky_5109,Pinky_5110,Pinky_5111,Pinky_5112,Pinky_5113,Pinky_5114,Pinky_5115,Pinky_5116,Pinky_5117,Pinky_5118,Pinky_5119,Pinky_5120,Pinky_5121,Pinky_5122,Pinky_5123,Pinky_5124,Pinky_5125,Pinky_5126,Pinky_5127,Pinky_5128,Pinky_5129,Pinky_5130,Pinky_5131,Pinky_5132,Pinky_5133,Pinky_5134,Pinky_5135,Pinky_5136,Pinky_5137,Pinky_5138,Pinky_5139,Pinky_5140,Pinky_5141,Pinky_5142,Pinky_5143,Pinky_5144,Pinky_5145,Pinky_5146,Pinky_5147,Pinky_5148,Pinky_5149,Pinky_5150,Pinky_5151,Pinky_5152,Pinky_5153,Pinky_5154,Pinky_5155,Pinky_5156,Pinky_5157,Pinky_5158,Pinky_5159,Pinky_5160,Pinky_5161,Pinky_5162,Pinky_5163,Pinky_5164,Pinky_5165,Pinky_5166,Pinky_5167,Pinky_5168,Pinky_5169,Pinky_5170,Pinky_5171,Pinky_5172,Pinky_5173,Pinky_5174,Pinky_5175,Pinky_5176,Pinky_5177,Pinky_5178,Pinky_5179,Pinky_5180,Pinky_5181,Pinky_5182,Pinky_5183,Pinky_5184,Pinky_5185,Pinky_5186,Pinky_5187,Pinky_5188,Pinky_5189,Pinky_5190,Pinky_5191,Pinky_5192,Pinky_5193,Pinky_5194,Pinky_5195,Pinky_5196,Pinky_5197,Pinky_5198,Pinky_5199,Pinky_5200,Pinky_5201,Pinky_5202,Pinky_5203,Pinky_5204,Pinky_5205,Pinky_5206,Pinky_5207,Pinky_5208,Pinky_5209,Pinky_5210,Pinky_5211,Pinky_5212,Pinky_5213,Pinky_5214,Pinky_5215,Pinky_5216,Pinky_5217,Pinky_5218,Pinky_5219,Pinky_5220,Pinky_5221,Pinky_5222,Pinky_5223,Pinky_5224,Pinky_5225,Pinky_5226,Pinky_5227,Pinky_5228,Pinky_5229,Pinky_5230,Pinky_5231,Pinky_5232,Pinky_5233,Pinky_5234,Pinky_5235,Pinky_5236,Pinky_5237,Pinky_5238,Pinky_5239,Pinky_5240,Pinky_5241,Pinky_5242,Pinky_5243,Pinky_5244,Pinky_5245,Pinky_5246,Pinky_5247,Pinky_5248,Pinky_5249,Pinky_5250,Pinky_5251,Pinky_5252,Pinky_5253,Pinky_5254,Pinky_5255,Pinky_5256,Pinky_5257,Pinky_5258,Pinky_5259,Pinky_5260,Pinky_5261,Pinky_5262,Pinky_5263,Pinky_5264,Pinky_5265,Pinky_5266,Pinky_5267,Pinky_5268,Pinky_5269,Pinky_5270,Pinky_5271,Pinky_5272,Pinky_5273,Pinky_5274,Pinky_5275,Pinky_5276,Pinky_5277,Pinky_5278,Pinky_5279,Pinky_5280,Pinky_5281,Pinky_5282,Pinky_5283,Pinky_5284,Pinky_5285,Pinky_5286,Pinky_5287,Pinky_5288,Pinky_5289,Pinky_5290,Pinky_5291,Pinky_5292,Pinky_5293,Pinky_5294,Pinky_5295,Pinky_5296,Pinky_5297,Pinky_5298,Pinky_5299,Pinky_5300,Pinky_5301,Pinky_5302,Pinky_5303,Pinky_5304,Pinky_5305,Pinky_5306,Pinky_5307,Pinky_5308,Pinky_5309,Pinky_5310,Pinky_5311,Pinky_5312,Pinky_5313,Pinky_5314,Pinky_5315,Pinky_5316,Pinky_5317,Pinky_5318,Pinky_5319,Pinky_5320,Pinky_5321,Pinky_5322,Pinky_5323,Pinky_5324,Pinky_5325,Pinky_5326,Pinky_5327,Pinky_5328,Pinky_5329,Pinky_5330,Pinky_5331,Pinky_5332,Pinky_5333,Pinky_5334,Pinky_5335,Pinky_5336,Pinky_5337,Pinky_5338,Pinky_5339,Pinky_5340,Pinky_5341,Pinky_5342,Pinky_5343,Pinky_5344,Pinky_5345,Pinky_5346,Pinky_5347,Pinky_5348,Pinky_5349,Pinky_5350,Pinky_5351,Pinky_5352,Pinky_5353,Pinky_5354,Pinky_5355,Pinky_5356,Pinky_5357,Pinky_5358,Pinky_5359,Pinky_5360,Pinky_5361,Pinky_5362,Pinky_5363,Pinky_5364,Pinky_5365,Pinky_5366,Pinky_5367,Pinky_5368,Pinky_5369,Pinky_5370,Pinky_5371,Pinky_5372,Pinky_5373,Pinky_5374,Pinky_5375,Pinky_5376,Pinky_5377,Pinky_5378,Pinky_5379,Pinky_5380,Pinky_5381,Pinky_5382,Pinky_5383,Pinky_5384,Pinky_5385,Pinky_5386,Pinky_5387,Pinky_5388,Pinky_5389,Pinky_5390,Pinky_5391,Pinky_5392,Pinky_5393,Pinky_5394,Pinky_5395,Pinky_5396,Pinky_5397,Pinky_5398,Pinky_5399,Pinky_5400,Pinky_5401,Pinky_5402,Pinky_5403,Pinky_5404,Pinky_5405,Pinky_5406,Pinky_5407,Pinky_5408,Pinky_5409,Pinky_5410,Pinky_5411,Pinky_5412,Pinky_5413,Pinky_5414,Pinky_5415,Pinky_5416,Pinky_5417,Pinky_5418,Pinky_5419,Pinky_5420,Pinky_5421,Pinky_5422,Pinky_5423,Pinky_5424,Pinky_5425,Pinky_5426,Pinky_5427,Pinky_5428,Pinky_5429,Pinky_5430,Pinky_5431,Pinky_5432,Pinky_5433,Pinky_5434,Pinky_5435,Pinky_5436,Pinky_5437,Pinky_5438,Pinky_5439,Pinky_5440,Pinky_5441,Pinky_5442,Pinky_5443,Pinky_5444,Pinky_5445,Pinky_5446,Pinky_5447,Pinky_5448,Pinky_5449,Pinky_5450,Pinky_5451,Pinky_5452,Pinky_5453,Pinky_5454,Pinky_5455,Pinky_5456,Pinky_5457,Pinky_5458,Pinky_5459,Pinky_5460,Pinky_5461,Pinky_5462,Pinky_5463,Pinky_5464,Pinky_5465,Pinky_5466,Pinky_5467,Pinky_5468,Pinky_5469,Pinky_5470,Pinky_5471,Pinky_5472,Pinky_5473,Pinky_5474,Pinky_5475,Pinky_5476,Pinky_5477,Pinky_5478,Pinky_5479,Pinky_5480,Pinky_5481,Pinky_5482,Pinky_5483,Pinky_5484,Pinky_5485,Pinky_5486,Pinky_5487,Pinky_5488,Pinky_5489,Pinky_5490,Pinky_5491,Pinky_5492,Pinky_5493,Pinky_5494,Pinky_5495,Pinky_5496,Pinky_5497,Pinky_5498,Pinky_5499,Pinky_5500,Pinky_5501,Pinky_5502,Pinky_5503,Pinky_5504,Pinky_5505,Pinky_5506,Pinky_5507,Pinky_5508,Pinky_5509,Pinky_5510,Pinky_5511,Pinky_5512,Pinky_5513,Pinky_5514,Pinky_5515,Pinky_5516,Pinky_5517,Pinky_5518,Pinky_5519,Pinky_5520,Pinky_5521,Pinky_5522,Pinky_5523,Pinky_5524,Pinky_5525,Pinky_5526,Pinky_5527,Pinky_5528,Pinky_5529,Pinky_5530,Pinky_5531,Pinky_5532,Pinky_5533,Pinky_5534,Pinky_5535,Pinky_5536,Pinky_5537,Pinky_5538,Pinky_5539,Pinky_5540,Pinky_5541,Pinky_5542,Pinky_5543,Pinky_5544,Pinky_5545,Pinky_5546,Pinky_5547,Pinky_5548,Pinky_5549,Pinky_5550,Pinky_5551,Pinky_5552,Pinky_5553,Pinky_5554,Pinky_5555,Pinky_5556,Pinky_5557,Pinky_5558,Pinky_5559,Pinky_5560,Pinky_5561,Pinky_5562,Pinky_5563,Pinky_5564,Pinky_5565,Pinky_5566,Pinky_5567,Pinky_5568,Pinky_5569,Pinky_5570,Pinky_5571,Pinky_5572,Pinky_5573,Pinky_5574,Pinky_5575,Pinky_5576,Pinky_5577,Pinky_5578,Pinky_5579,Pinky_5580,Pinky_5581,Pinky_5582,Pinky_5583,Pinky_5584,Pinky_5585,Pinky_5586,Pinky_5587,Pinky_5588,Pinky_5589,Pinky_5590,Pinky_5591,Pinky_5592,Pinky_5593,Pinky_5594,Pinky_5595,Pinky_5596,Pinky_5597,Pinky_5598,Pinky_5599,Pinky_5600,Pinky_5601,Pinky_5602,Pinky_5603,Pinky_5604,Pinky_5605,Pinky_5606,Pinky_5607,Pinky_5608,Pinky_5609,Pinky_5610,Pinky_5611,Pinky_5612,Pinky_5613,Pinky_5614,Pinky_5615,Pinky_5616,Pinky_5617,Pinky_5618,Pinky_5619,Pinky_5620,Pinky_5621,Pinky_5622,Pinky_5623,Pinky_5624,Pinky_5625,Pinky_5626,Pinky_5627,Pinky_5628,Pinky_5629,Pinky_5630,Pinky_5631,Pinky_5632,Pinky_5633,Pinky_5634,Pinky_5635,Pinky_5636,Pinky_5637,Pinky_5638,Pinky_5639,Pinky_5640,Pinky_5641,Pinky_5642,Pinky_5643,Pinky_5644,Pinky_5645,Pinky_5646,Pinky_5647,Pinky_5648,Pinky_5649,Pinky_5650,Pinky_5651,Pinky_5652,Pinky_5653,Pinky_5654,Pinky_5655,Pinky_5656,Pinky_5657,Pinky_5658,Pinky_5659,Pinky_5660,Pinky_5661,Pinky_5662,Pinky_5663,Pinky_5664,Pinky_5665,Pinky_5666,Pinky_5667,Pinky_5668,Pinky_5669,Pinky_5670,Pinky_5671,Pinky_5672,Pinky_5673,Pinky_5674,Pinky_5675,Pinky_5676,Pinky_5677,Pinky_5678,Pinky_5679,Pinky_5680,Pinky_5681,Pinky_5682,Pinky_5683,Pinky_5684,Pinky_5685,Pinky_5686,Pinky_5687,Pinky_5688,Pinky_5689,Pinky_5690,Pinky_5691,Pinky_5692,Pinky_5693,Pinky_5694,Pinky_5695,Pinky_5696,Pinky_5697,Pinky_5698,Pinky_5699,Pinky_5700,Pinky_5701,Pinky_5702,Pinky_5703,Pinky_5704,Pinky_5705,Pinky_5706,Pinky_5707,Pinky_5708,Pinky_5709,Pinky_5710,Pinky_5711,Pinky_5712,Pinky_5713,Pinky_5714,Pinky_5715,Pinky_5716,Pinky_5717,Pinky_5718,Pinky_5719,Pinky_5720,Pinky_5721,Pinky_5722,Pinky_5723,Pinky_5724,Pinky_5725,Pinky_5726,Pinky_5727,Pinky_5728,Pinky_5729,Pinky_5730,Pinky_5731,Pinky_5732,Pinky_5733,Pinky_5734,Pinky_5735,Pinky_5736,Pinky_5737,Pinky_5738,Pinky_5739,Pinky_5740,Pinky_5741,Pinky_5742,Pinky_5743,Pinky_5744,Pinky_5745,Pinky_5746,Pinky_5747,Pinky_5748,Pinky_5749,Pinky_5750,Pinky_5751,Pinky_5752,Pinky_5753,Pinky_5754,Pinky_5755,Pinky_5756,Pinky_5757,Pinky_5758,Pinky_5759,Pinky_5760,Pinky_5761,Pinky_5762,Pinky_5763,Pinky_5764,Pinky_5765,Pinky_5766,Pinky_5767,Pinky_5768,Pinky_5769,Pinky_5770,Pinky_5771,Pinky_5772,Pinky_5773,Pinky_5774,Pinky_5775,Pinky_5776,Pinky_5777,Pinky_5778,Pinky_5779,Pinky_5780,Pinky_5781,Pinky_5782,Pinky_5783,Pinky_5784,Pinky_5785,Pinky_5786,Pinky_5787,Pinky_5788,Pinky_5789,Pinky_5790,Pinky_5791,Pinky_5792,Pinky_5793,Pinky_5794,Pinky_5795,Pinky_5796,Pinky_5797,Pinky_5798,Pinky_5799,Pinky_5800,Pinky_5801,Pinky_5802,Pinky_5803,Pinky_5804,Pinky_5805,Pinky_5806,Pinky_5807,Pinky_5808,Pinky_5809,Pinky_5810,Pinky_5811,Pinky_5812,Pinky_5813,Pinky_5814,Pinky_5815,Pinky_5816,Pinky_5817,Pinky_5818,Pinky_5819,Pinky_5820,Pinky_5821,Pinky_5822,Pinky_5823,Pinky_5824,Pinky_5825,Pinky_5826,Pinky_5827,Pinky_5828,Pinky_5829,Pinky_5830,Pinky_5831,Pinky_5832,Pinky_5833,Pinky_5834,Pinky_5835,Pinky_5836,Pinky_5837,Pinky_5838,Pinky_5839,Pinky_5840,Pinky_5841,Pinky_5842,Pinky_5843,Pinky_5844,Pinky_5845,Pinky_5846,Pinky_5847,Pinky_5848,Pinky_5849,Pinky_5850,Pinky_5851,Pinky_5852,Pinky_5853,Pinky_5854,Pinky_5855,Pinky_5856,Pinky_5857,Pinky_5858,Pinky_5859,Pinky_5860,Pinky_5861,Pinky_5862,Pinky_5863,Pinky_5864,Pinky_5865,Pinky_5866,Pinky_5867,Pinky_5868,Pinky_5869,Pinky_5870,Pinky_5871,Pinky_5872,Pinky_5873,Pinky_5874,Pinky_5875,Pinky_5876,Pinky_5877,Pinky_5878,Pinky_5879,Pinky_5880,Pinky_5881,Pinky_5882,Pinky_5883,Pinky_5884,Pinky_5885,Pinky_5886,Pinky_5887,Pinky_5888,Pinky_5889,Pinky_5890,Pinky_5891,Pinky_5892,Pinky_5893,Pinky_5894,Pinky_5895,Pinky_5896,Pinky_5897,Pinky_5898,Pinky_5899,Pinky_5900,Pinky_5901,Pinky_5902,Pinky_5903,Pinky_5904,Pinky_5905,Pinky_5906,Pinky_5907,Pinky_5908,Pinky_5909,Pinky_5910,Pinky_5911,Pinky_5912,Pinky_5913,Pinky_5914,Pinky_5915,Pinky_5916,Pinky_5917,Pinky_5918,Pinky_5919,Pinky_5920,Pinky_5921,Pinky_5922,Pinky_5923,Pinky_5924,Pinky_5925,Pinky_5926,Pinky_5927,Pinky_5928,Pinky_5929,Pinky_5930,Pinky_5931,Pinky_5932,Pinky_5933,Pinky_5934,Pinky_5935,Pinky_5936,Pinky_5937,Pinky_5938,Pinky_5939,Pinky_5940,Pinky_5941,Pinky_5942,Pinky_5943,Pinky_5944,Pinky_5945,Pinky_5946,Pinky_5947,Pinky_5948,Pinky_5949,Pinky_5950,Pinky_5951,Pinky_5952,Pinky_5953,Pinky_5954,Pinky_5955,Pinky_5956,Pinky_5957,Pinky_5958,Pinky_5959,Pinky_5960,Pinky_5961,Pinky_5962,Pinky_5963,Pinky_5964,Pinky_5965,Pinky_5966,Pinky_5967,Pinky_5968,Pinky_5969,Pinky_5970,Pinky_5971,Pinky_5972,Pinky_5973,Pinky_5974,Pinky_5975,Pinky_5976,Pinky_5977,Pinky_5978,Pinky_5979,Pinky_5980,Pinky_5981,Pinky_5982,Pinky_5983,Pinky_5984,Pinky_5985,Pinky_5986,Pinky_5987,Pinky_5988,Pinky_5989,Pinky_5990,Pinky_5991,Pinky_5992,Pinky_5993,Pinky_5994,Pinky_5995,Pinky_5996,Pinky_5997,Pinky_5998,Pinky_5999,Pinky_6000,Pinky_6001,Pinky_6002,Pinky_6003,Pinky_6004,Pinky_6005,Pinky_6006,Pinky_6007,Pinky_6008,Pinky_6009,Pinky_6010,Pinky_6011,Pinky_6012,Pinky_6013,Pinky_6014,Pinky_6015,Pinky_6016,Pinky_6017,Pinky_6018,Pinky_6019,Pinky_6020,Pinky_6021,Pinky_6022,Pinky_6023,Pinky_6024,Pinky_6025,Pinky_6026,Pinky_6027,Pinky_6028,Pinky_6029,Pinky_6030,Pinky_6031,Pinky_6032,Pinky_6033,Pinky_6034,Pinky_6035,Pinky_6036,Pinky_6037,Pinky_6038,Pinky_6039,Pinky_6040,Pinky_6041,Pinky_6042,Pinky_6043,Pinky_6044,Pinky_6045,Pinky_6046,Pinky_6047,Pinky_6048,Pinky_6049,Pinky_6050,Pinky_6051,Pinky_6052,Pinky_6053,Pinky_6054,Pinky_6055,Pinky_6056,Pinky_6057,Pinky_6058,Pinky_6059,Pinky_6060,Pinky_6061,Pinky_6062,Pinky_6063,Pinky_6064,Pinky_6065,Pinky_6066,Pinky_6067,Pinky_6068,Pinky_6069,Pinky_6070,Pinky_6071,Pinky_6072,Pinky_6073,Pinky_6074,Pinky_6075,Pinky_6076,Pinky_6077,Pinky_6078,Pinky_6079,Pinky_6080,Pinky_6081,Pinky_6082,Pinky_6083,Pinky_6084,Pinky_6085,Pinky_6086,Pinky_6087,Pinky_6088,Pinky_6089,Pinky_6090,Pinky_6091,Pinky_6092,Pinky_6093,Pinky_6094,Pinky_6095,Pinky_6096,Pinky_6097,Pinky_6098,Pinky_6099,Pinky_6100,Pinky_6101,Pinky_6102,Pinky_6103,Pinky_6104,Pinky_6105,Pinky_6106,Pinky_6107,Pinky_6108,Pinky_6109,Pinky_6110,Pinky_6111,Pinky_6112,Pinky_6113,Pinky_6114,Pinky_6115,Pinky_6116,Pinky_6117,Pinky_6118,Pinky_6119,Pinky_6120,Pinky_6121,Pinky_6122,Pinky_6123,Pinky_6124,Pinky_6125,Pinky_6126,Pinky_6127,Pinky_6128,Pinky_6129,Pinky_6130,Pinky_6131,Pinky_6132,Pinky_6133,Pinky_6134,Pinky_6135,Pinky_6136,Pinky_6137,Pinky_6138,Pinky_6139,Pinky_6140,Pinky_6141,Pinky_6142,Pinky_6143,Pinky_6144,Pinky_6145,Pinky_6146,Pinky_6147,Pinky_6148,Pinky_6149,Pinky_6150,Pinky_6151,Pinky_6152,Pinky_6153,Pinky_6154,Pinky_6155,Pinky_6156,Pinky_6157,Pinky_6158,Pinky_6159,Pinky_6160,Pinky_6161,Pinky_6162,Pinky_6163,Pinky_6164,Pinky_6165,Pinky_6166,Pinky_6167,Pinky_6168,Pinky_6169,Pinky_6170,Pinky_6171,Pinky_6172,Pinky_6173,Pinky_6174,Pinky_6175,Pinky_6176,Pinky_6177,Pinky_6178,Pinky_6179,Pinky_6180,Pinky_6181,Pinky_6182,Pinky_6183,Pinky_6184,Pinky_6185,Pinky_6186,Pinky_6187,Pinky_6188,Pinky_6189,Pinky_6190,Pinky_6191,Pinky_6192,Pinky_6193,Pinky_6194,Pinky_6195,Pinky_6196,Pinky_6197,Pinky_6198,Pinky_6199,Pinky_6200,Pinky_6201,Pinky_6202,Pinky_6203,Pinky_6204,Pinky_6205,Pinky_6206,Pinky_6207,Pinky_6208,Pinky_6209,Pinky_6210,Pinky_6211,Pinky_6212,Pinky_6213,Pinky_6214,Pinky_6215,Pinky_6216,Pinky_6217,Pinky_6218,Pinky_6219,Pinky_6220,Pinky_6221,Pinky_6222,Pinky_6223,Pinky_6224,Pinky_6225,Pinky_6226,Pinky_6227,Pinky_6228,Pinky_6229,Pinky_6230,Pinky_6231,Pinky_6232,Pinky_6233,Pinky_6234,Pinky_6235,Pinky_6236,Pinky_6237,Pinky_6238,Pinky_6239,Pinky_6240,Pinky_6241,Pinky_6242,Pinky_6243,Pinky_6244,Pinky_6245,Pinky_6246,Pinky_6247,Pinky_6248,Pinky_6249,Pinky_6250,Pinky_6251,Pinky_6252,Pinky_6253,Pinky_6254,Pinky_6255,Pinky_6256,Pinky_6257,Pinky_6258,Pinky_6259,Pinky_6260,Pinky_6261,Pinky_6262,Pinky_6263,Pinky_6264,Pinky_6265,Pinky_6266,Pinky_6267,Pinky_6268,Pinky_6269,Pinky_6270,Pinky_6271,Pinky_6272,Pinky_6273,Pinky_6274,Pinky_6275,Pinky_6276,Pinky_6277,Pinky_6278,Pinky_6279,Pinky_6280,Pinky_6281,Pinky_6282,Pinky_6283,Pinky_6284,Pinky_6285,Pinky_6286,Pinky_6287,Pinky_6288,Pinky_6289,Pinky_6290,Pinky_6291,Pinky_6292,Pinky_6293,Pinky_6294,Pinky_6295,Pinky_6296,Pinky_6297,Pinky_6298,Pinky_6299,Pinky_6300,Pinky_6301,Pinky_6302,Pinky_6303,Pinky_6304,Pinky_6305,Pinky_6306,Pinky_6307,Pinky_6308,Pinky_6309,Pinky_6310,Pinky_6311,Pinky_6312,Pinky_6313,Pinky_6314,Pinky_6315,Pinky_6316,Pinky_6317,Pinky_6318,Pinky_6319,Pinky_6320,Pinky_6321,Pinky_6322,Pinky_6323,Pinky_6324,Pinky_6325,Pinky_6326,Pinky_6327,Pinky_6328,Pinky_6329,Pinky_6330,Pinky_6331,Pinky_6332,Pinky_6333,Pinky_6334,Pinky_6335,Pinky_6336,Pinky_6337,Pinky_6338,Pinky_6339,Pinky_6340,Pinky_6341,Pinky_6342,Pinky_6343,Pinky_6344,Pinky_6345,Pinky_6346,Pinky_6347,Pinky_6348,Pinky_6349,Pinky_6350,Pinky_6351,Pinky_6352,Pinky_6353,Pinky_6354,Pinky_6355,Pinky_6356,Pinky_6357,Pinky_6358,Pinky_6359,Pinky_6360,Pinky_6361,Pinky_6362,Pinky_6363,Pinky_6364,Pinky_6365,Pinky_6366,Pinky_6367,Pinky_6368,Pinky_6369,Pinky_6370,Pinky_6371,Pinky_6372,Pinky_6373,Pinky_6374,Pinky_6375,Pinky_6376,Pinky_6377,Pinky_6378,Pinky_6379,Pinky_6380,Pinky_6381,Pinky_6382,Pinky_6383,Pinky_6384,Pinky_6385,Pinky_6386,Pinky_6387,Pinky_6388,Pinky_6389,Pinky_6390,Pinky_6391,Pinky_6392,Pinky_6393,Pinky_6394,Pinky_6395,Pinky_6396,Pinky_6397,Pinky_6398,Pinky_6399,Pinky_6400,Pinky_6401,Pinky_6402,Pinky_6403,Pinky_6404,Pinky_6405,Pinky_6406,Pinky_6407,Pinky_6408,Pinky_6409,Pinky_6410,Pinky_6411,Pinky_6412,Pinky_6413,Pinky_6414,Pinky_6415,Pinky_6416,Pinky_6417,Pinky_6418,Pinky_6419,Pinky_6420,Pinky_6421,Pinky_6422,Pinky_6423,Pinky_6424,Pinky_6425,Pinky_6426,Pinky_6427,Pinky_6428,Pinky_6429,Pinky_6430,Pinky_6431,Pinky_6432,Pinky_6433,Pinky_6434,Pinky_6435,Pinky_6436,Pinky_6437,Pinky_6438,Pinky_6439,Pinky_6440,Pinky_6441,Pinky_6442,Pinky_6443,Pinky_6444,Pinky_6445,Pinky_6446,Pinky_6447,Pinky_6448,Pinky_6449,Pinky_6450,Pinky_6451,Pinky_6452,Pinky_6453,Pinky_6454,Pinky_6455,Pinky_6456,Pinky_6457,Pinky_6458,Pinky_6459,Pinky_6460,Pinky_6461,Pinky_6462,Pinky_6463,Pinky_6464,Pinky_6465,Pinky_6466,Pinky_6467,Pinky_6468,Pinky_6469,Pinky_6470,Pinky_6471,Pinky_6472,Pinky_6473,Pinky_6474,Pinky_6475,Pinky_6476,Pinky_6477,Pinky_6478,Pinky_6479,Pinky_6480,Pinky_6481,Pinky_6482,Pinky_6483,Pinky_6484,Pinky_6485,Pinky_6486,Pinky_6487,Pinky_6488,Pinky_6489,Pinky_6490,Pinky_6491,Pinky_6492,Pinky_6493,Pinky_6494,Pinky_6495,Pinky_6496,Pinky_6497,Pinky_6498,Pinky_6499,Pinky_6500,Pinky_6501,Pinky_6502,Pinky_6503,Pinky_6504,Pinky_6505,Pinky_6506,Pinky_6507,Pinky_6508,Pinky_6509,Pinky_6510,Pinky_6511,Pinky_6512,Pinky_6513,Pinky_6514,Pinky_6515,Pinky_6516,Pinky_6517,Pinky_6518,Pinky_6519,Pinky_6520,Pinky_6521,Pinky_6522,Pinky_6523,Pinky_6524,Pinky_6525,Pinky_6526,Pinky_6527,Pinky_6528,Pinky_6529,Pinky_6530,Pinky_6531,Pinky_6532,Pinky_6533,Pinky_6534,Pinky_6535,Pinky_6536,Pinky_6537,Pinky_6538,Pinky_6539,Pinky_6540,Pinky_6541,Pinky_6542,Pinky_6543,Pinky_6544,Pinky_6545,Pinky_6546,Pinky_6547,Pinky_6548,Pinky_6549,Pinky_6550,Pinky_6551,Pinky_6552,Pinky_6553,Pinky_6554,Pinky_6555,Pinky_6556,Pinky_6557,Pinky_6558,Pinky_6559,Pinky_6560,Pinky_6561,Pinky_6562,Pinky_6563,Pinky_6564,Pinky_6565,Pinky_6566,Pinky_6567,Pinky_6568,Pinky_6569,Pinky_6570,Pinky_6571,Pinky_6572,Pinky_6573,Pinky_6574,Pinky_6575,Pinky_6576,Pinky_6577,Pinky_6578,Pinky_6579,Pinky_6580,Pinky_6581,Pinky_6582,Pinky_6583,Pinky_6584,Pinky_6585,Pinky_6586,Pinky_6587,Pinky_6588,Pinky_6589,Pinky_6590,Pinky_6591,Pinky_6592,Pinky_6593,Pinky_6594,Pinky_6595,Pinky_6596,Pinky_6597,Pinky_6598,Pinky_6599,Pinky_6600,Pinky_6601,Pinky_6602,Pinky_6603,Pinky_6604,Pinky_6605,Pinky_6606,Pinky_6607,Pinky_6608,Pinky_6609,Pinky_6610,Pinky_6611,Pinky_6612,Pinky_6613,Pinky_6614,Pinky_6615,Pinky_6616,Pinky_6617,Pinky_6618,Pinky_6619,Pinky_6620,Pinky_6621,Pinky_6622,Pinky_6623,Pinky_6624,Pinky_6625,Pinky_6626,Pinky_6627,Pinky_6628,Pinky_6629,Pinky_6630,Pinky_6631,Pinky_6632,Pinky_6633,Pinky_6634,Pinky_6635,Pinky_6636,Pinky_6637,Pinky_6638,Pinky_6639,Pinky_6640,Pinky_6641,Pinky_6642,Pinky_6643,Pinky_6644,Pinky_6645,Pinky_6646,Pinky_6647,Pinky_6648,Pinky_6649,Pinky_6650,Pinky_6651,Pinky_6652,Pinky_6653,Pinky_6654,Pinky_6655,Pinky_6656,Pinky_6657,Pinky_6658,Pinky_6659,Pinky_6660,Pinky_6661,Pinky_6662,Pinky_6663,Pinky_6664,Pinky_6665,Pinky_6666,Pinky_6667,Pinky_6668,Pinky_6669,Pinky_6670,Pinky_6671,Pinky_6672,Pinky_6673,Pinky_6674,Pinky_6675,Pinky_6676,Pinky_6677,Pinky_6678,Pinky_6679,Pinky_6680,Pinky_6681,Pinky_6682,Pinky_6683,Pinky_6684,Pinky_6685,Pinky_6686,Pinky_6687,Pinky_6688,Pinky_6689,Pinky_6690,Pinky_6691,Pinky_6692,Pinky_6693,Pinky_6694,Pinky_6695,Pinky_6696,Pinky_6697,Pinky_6698,Pinky_6699,Pinky_6700,Pinky_6701,Pinky_6702,Pinky_6703,Pinky_6704,Pinky_6705,Pinky_6706,Pinky_6707,Pinky_6708,Pinky_6709,Pinky_6710,Pinky_6711,Pinky_6712,Pinky_6713,Pinky_6714,Pinky_6715,Pinky_6716,Pinky_6717,Pinky_6718,Pinky_6719,Pinky_6720,Pinky_6721,Pinky_6722,Pinky_6723,Pinky_6724,Pinky_6725,Pinky_6726,Pinky_6727,Pinky_6728,Pinky_6729,Pinky_6730,Pinky_6731,Pinky_6732,Pinky_6733,Pinky_6734,Pinky_6735,Pinky_6736,Pinky_6737,Pinky_6738,Pinky_6739,Pinky_6740,Pinky_6741,Pinky_6742,Pinky_6743,Pinky_6744,Pinky_6745,Pinky_6746,Pinky_6747,Pinky_6748,Pinky_6749,Pinky_6750,Pinky_6751,Pinky_6752,Pinky_6753,Pinky_6754,Pinky_6755,Pinky_6756,Pinky_6757,Pinky_6758,Pinky_6759,Pinky_6760,Pinky_6761,Pinky_6762,Pinky_6763,Pinky_6764,Pinky_6765,Pinky_6766,Pinky_6767,Pinky_6768,Pinky_6769,Pinky_6770,Pinky_6771,Pinky_6772,Pinky_6773,Pinky_6774,Pinky_6775,Pinky_6776,Pinky_6777,Pinky_6778,Pinky_6779,Pinky_6780,Pinky_6781,Pinky_6782,Pinky_6783,Pinky_6784,Pinky_6785,Pinky_6786,Pinky_6787,Pinky_6788,Pinky_6789,Pinky_6790,Pinky_6791,Pinky_6792,Pinky_6793,Pinky_6794,Pinky_6795,Pinky_6796,Pinky_6797,Pinky_6798,Pinky_6799,Pinky_6800,Pinky_6801,Pinky_6802,Pinky_6803,Pinky_6804,Pinky_6805,Pinky_6806,Pinky_6807,Pinky_6808,Pinky_6809,Pinky_6810,Pinky_6811,Pinky_6812,Pinky_6813,Pinky_6814,Pinky_6815,Pinky_6816,Pinky_6817,Pinky_6818,Pinky_6819,Pinky_6820,Pinky_6821,Pinky_6822,Pinky_6823,Pinky_6824,Pinky_6825,Pinky_6826,Pinky_6827,Pinky_6828,Pinky_6829,Pinky_6830,Pinky_6831,Pinky_6832,Pinky_6833,Pinky_6834,Pinky_6835,Pinky_6836,Pinky_6837,Pinky_6838,Pinky_6839,Pinky_6840,Pinky_6841,Pinky_6842,Pinky_6843,Pinky_6844,Pinky_6845,Pinky_6846,Pinky_6847,Pinky_6848,Pinky_6849,Pinky_6850,Pinky_6851,Pinky_6852,Pinky_6853,Pinky_6854,Pinky_6855,Pinky_6856,Pinky_6857,Pinky_6858,Pinky_6859,Pinky_6860,Pinky_6861,Pinky_6862,Pinky_6863,Pinky_6864,Pinky_6865,Pinky_6866,Pinky_6867,Pinky_6868,Pinky_6869,Pinky_6870,Pinky_6871,Pinky_6872,Pinky_6873,Pinky_6874,Pinky_6875,Pinky_6876,Pinky_6877,Pinky_6878,Pinky_6879,Pinky_6880,Pinky_6881,Pinky_6882,Pinky_6883,Pinky_6884,Pinky_6885,Pinky_6886,Pinky_6887,Pinky_6888,Pinky_6889,Pinky_6890,Pinky_6891,Pinky_6892,Pinky_6893,Pinky_6894,Pinky_6895,Pinky_6896,Pinky_6897,Pinky_6898,Pinky_6899,Pinky_6900,Pinky_6901,Pinky_6902,Pinky_6903,Pinky_6904,Pinky_6905,Pinky_6906,Pinky_6907,Pinky_6908,Pinky_6909,Pinky_6910,Pinky_6911,Pinky_6912,Pinky_6913,Pinky_6914,Pinky_6915,Pinky_6916,Pinky_6917,Pinky_6918,Pinky_6919,Pinky_6920,Pinky_6921,Pinky_6922,Pinky_6923,Pinky_6924,Pinky_6925,Pinky_6926,Pinky_6927,Pinky_6928,Pinky_6929,Pinky_6930,Pinky_6931,Pinky_6932,Pinky_6933,Pinky_6934,Pinky_6935,Pinky_6936,Pinky_6937,Pinky_6938,Pinky_6939,Pinky_6940,Pinky_6941,Pinky_6942,Pinky_6943,Pinky_6944,Pinky_6945,Pinky_6946,Pinky_6947,Pinky_6948,Pinky_6949,Pinky_6950,Pinky_6951,Pinky_6952,Pinky_6953,Pinky_6954,Pinky_6955,Pinky_6956,Pinky_6957,Pinky_6958,Pinky_6959,Pinky_6960,Pinky_6961,Pinky_6962,Pinky_6963,Pinky_6964,Pinky_6965,Pinky_6966,Pinky_6967,Pinky_6968,Pinky_6969,Pinky_6970,Pinky_6971,Pinky_6972,Pinky_6973,Pinky_6974,Pinky_6975,Pinky_6976,Pinky_6977,Pinky_6978,Pinky_6979,Pinky_6980,Pinky_6981,Pinky_6982,Pinky_6983,Pinky_6984,Pinky_6985,Pinky_6986,Pinky_6987,Pinky_6988,Pinky_6989,Pinky_6990,Pinky_6991,Pinky_6992,Pinky_6993,Pinky_6994,Pinky_6995,Pinky_6996,Pinky_6997,Pinky_6998,Pinky_6999,Pinky_7000,Pinky_7001,Pinky_7002,Pinky_7003,Pinky_7004,Pinky_7005,Pinky_7006,Pinky_7007,Pinky_7008,Pinky_7009,Pinky_7010,Pinky_7011,Pinky_7012,Pinky_7013,Pinky_7014,Pinky_7015,Pinky_7016,Pinky_7017,Pinky_7018,Pinky_7019,Pinky_7020,Pinky_7021,Pinky_7022,Pinky_7023,Pinky_7024,Pinky_7025,Pinky_7026,Pinky_7027,Pinky_7028,Pinky_7029,Pinky_7030,Pinky_7031,Pinky_7032,Pinky_7033,Pinky_7034,Pinky_7035,Pinky_7036,Pinky_7037,Pinky_7038,Pinky_7039,Pinky_7040,Pinky_7041,Pinky_7042,Pinky_7043,Pinky_7044,Pinky_7045,Pinky_7046,Pinky_7047,Pinky_7048,Pinky_7049,Pinky_7050,Pinky_7051,Pinky_7052,Pinky_7053,Pinky_7054,Pinky_7055,Pinky_7056,Pinky_7057,Pinky_7058,Pinky_7059,Pinky_7060,Pinky_7061,Pinky_7062,Pinky_7063,Pinky_7064,Pinky_7065,Pinky_7066,Pinky_7067,Pinky_7068,Pinky_7069,Pinky_7070,Pinky_7071,Pinky_7072,Pinky_7073,Pinky_7074,Pinky_7075,Pinky_7076,Pinky_7077,Pinky_7078,Pinky_7079,Pinky_7080,Pinky_7081,Pinky_7082,Pinky_7083,Pinky_7084,Pinky_7085,Pinky_7086,Pinky_7087,Pinky_7088,Pinky_7089,Pinky_7090,Pinky_7091,Pinky_7092,Pinky_7093,Pinky_7094,Pinky_7095,Pinky_7096,Pinky_7097,Pinky_7098,Pinky_7099,Pinky_7100,Pinky_7101,Pinky_7102,Pinky_7103,Pinky_7104,Pinky_7105,Pinky_7106,Pinky_7107,Pinky_7108,Pinky_7109,Pinky_7110,Pinky_7111,Pinky_7112,Pinky_7113,Pinky_7114,Pinky_7115,Pinky_7116,Pinky_7117,Pinky_7118,Pinky_7119,Pinky_7120,Pinky_7121,Pinky_7122,Pinky_7123,Pinky_7124,Pinky_7125,Pinky_7126,Pinky_7127,Pinky_7128,Pinky_7129,Pinky_7130,Pinky_7131,Pinky_7132,Pinky_7133,Pinky_7134,Pinky_7135,Pinky_7136,Pinky_7137,Pinky_7138,Pinky_7139,Pinky_7140,Pinky_7141,Pinky_7142,Pinky_7143,Pinky_7144,Pinky_7145,Pinky_7146,Pinky_7147,Pinky_7148,Pinky_7149,Pinky_7150,Pinky_7151,Pinky_7152,Pinky_7153,Pinky_7154,Pinky_7155,Pinky_7156,Pinky_7157,Pinky_7158,Pinky_7159,Pinky_7160,Pinky_7161,Pinky_7162,Pinky_7163,Pinky_7164,Pinky_7165,Pinky_7166,Pinky_7167,Pinky_7168,Pinky_7169,Pinky_7170,Pinky_7171,Pinky_7172,Pinky_7173,Pinky_7174,Pinky_7175,Pinky_7176,Pinky_7177,Pinky_7178,Pinky_7179,Pinky_7180,Pinky_7181,Pinky_7182,Pinky_7183,Pinky_7184,Pinky_7185,Pinky_7186,Pinky_7187,Pinky_7188,Pinky_7189,Pinky_7190,Pinky_7191,Pinky_7192,Pinky_7193,Pinky_7194,Pinky_7195,Pinky_7196,Pinky_7197,Pinky_7198,Pinky_7199,Pinky_7200,Pinky_7201,Pinky_7202,Pinky_7203,Pinky_7204,Pinky_7205,Pinky_7206,Pinky_7207,Pinky_7208,Pinky_7209,Pinky_7210,Pinky_7211,Pinky_7212,Pinky_7213,Pinky_7214,Pinky_7215,Pinky_7216,Pinky_7217,Pinky_7218,Pinky_7219,Pinky_7220,Pinky_7221,Pinky_7222,Pinky_7223,Pinky_7224,Pinky_7225,Pinky_7226,Pinky_7227,Pinky_7228,Pinky_7229,Pinky_7230,Pinky_7231,Pinky_7232,Pinky_7233,Pinky_7234,Pinky_7235,Pinky_7236,Pinky_7237,Pinky_7238,Pinky_7239,Pinky_7240,Pinky_7241,Pinky_7242,Pinky_7243,Pinky_7244,Pinky_7245,Pinky_7246,Pinky_7247,Pinky_7248,Pinky_7249,Pinky_7250,Pinky_7251,Pinky_7252,Pinky_7253,Pinky_7254,Pinky_7255,Pinky_7256,Pinky_7257,Pinky_7258,Pinky_7259,Pinky_7260,Pinky_7261,Pinky_7262,Pinky_7263,Pinky_7264,Pinky_7265,Pinky_7266,Pinky_7267,Pinky_7268,Pinky_7269,Pinky_7270,Pinky_7271,Pinky_7272,Pinky_7273,Pinky_7274,Pinky_7275,Pinky_7276,Pinky_7277,Pinky_7278,Pinky_7279,Pinky_7280,Pinky_7281,Pinky_7282,Pinky_7283,Pinky_7284,Pinky_7285,Pinky_7286,Pinky_7287,Pinky_7288,Pinky_7289,Pinky_7290,Pinky_7291,Pinky_7292,Pinky_7293,Pinky_7294,Pinky_7295,Pinky_7296,Pinky_7297,Pinky_7298,Pinky_7299,Pinky_7300,Pinky_7301,Pinky_7302,Pinky_7303,Pinky_7304,Pinky_7305,Pinky_7306,Pinky_7307,Pinky_7308,Pinky_7309,Pinky_7310,Pinky_7311,Pinky_7312,Pinky_7313,Pinky_7314,Pinky_7315,Pinky_7316,Pinky_7317,Pinky_7318,Pinky_7319,Pinky_7320,Pinky_7321,Pinky_7322,Pinky_7323,Pinky_7324,Pinky_7325,Pinky_7326,Pinky_7327,Pinky_7328,Pinky_7329,Pinky_7330,Pinky_7331,Pinky_7332,Pinky_7333,Pinky_7334,Pinky_7335,Pinky_7336,Pinky_7337,Pinky_7338,Pinky_7339,Pinky_7340,Pinky_7341,Pinky_7342,Pinky_7343,Pinky_7344,Pinky_7345,Pinky_7346,Pinky_7347,Pinky_7348,Pinky_7349,Pinky_7350,Pinky_7351,Pinky_7352,Pinky_7353,Pinky_7354,Pinky_7355,Pinky_7356,Pinky_7357,Pinky_7358,Pinky_7359,Pinky_7360,Pinky_7361,Pinky_7362,Pinky_7363,Pinky_7364,Pinky_7365,Pinky_7366,Pinky_7367,Pinky_7368,Pinky_7369,Pinky_7370,Pinky_7371,Pinky_7372,Pinky_7373,Pinky_7374,Pinky_7375,Pinky_7376,Pinky_7377,Pinky_7378,Pinky_7379,Pinky_7380,Pinky_7381,Pinky_7382,Pinky_7383,Pinky_7384,Pinky_7385,Pinky_7386,Pinky_7387,Pinky_7388,Pinky_7389,Pinky_7390,Pinky_7391,Pinky_7392,Pinky_7393,Pinky_7394,Pinky_7395,Pinky_7396,Pinky_7397,Pinky_7398,Pinky_7399,Pinky_7400,Pinky_7401,Pinky_7402,Pinky_7403,Pinky_7404,Pinky_7405,Pinky_7406,Pinky_7407,Pinky_7408,Pinky_7409,Pinky_7410,Pinky_7411,Pinky_7412,Pinky_7413,Pinky_7414,Pinky_7415,Pinky_7416,Pinky_7417,Pinky_7418,Pinky_7419,Pinky_7420,Pinky_7421,Pinky_7422,Pinky_7423,Pinky_7424,Pinky_7425,Pinky_7426,Pinky_7427,Pinky_7428,Pinky_7429,Pinky_7430,Pinky_7431,Pinky_7432,Pinky_7433,Pinky_7434,Pinky_7435,Pinky_7436,Pinky_7437,Pinky_7438,Pinky_7439,Pinky_7440,Pinky_7441,Pinky_7442,Pinky_7443,Pinky_7444,Pinky_7445,Pinky_7446,Pinky_7447,Pinky_7448,Pinky_7449,Pinky_7450,Pinky_7451,Pinky_7452,Pinky_7453,Pinky_7454,Pinky_7455,Pinky_7456,Pinky_7457,Pinky_7458,Pinky_7459,Pinky_7460,Pinky_7461,Pinky_7462,Pinky_7463,Pinky_7464,Pinky_7465,Pinky_7466,Pinky_7467,Pinky_7468,Pinky_7469,Pinky_7470,Pinky_7471,Pinky_7472,Pinky_7473,Pinky_7474,Pinky_7475,Pinky_7476,Pinky_7477,Pinky_7478,Pinky_7479,Pinky_7480,Pinky_7481,Pinky_7482,Pinky_7483,Pinky_7484,Pinky_7485,Pinky_7486,Pinky_7487,Pinky_7488,Pinky_7489,Pinky_7490,Pinky_7491,Pinky_7492,Pinky_7493,Pinky_7494,Pinky_7495,Pinky_7496,Pinky_7497,Pinky_7498,Pinky_7499,Pinky_7500,Pinky_7501,Pinky_7502,Pinky_7503,Pinky_7504,Pinky_7505,Pinky_7506,Pinky_7507,Pinky_7508,Pinky_7509,Pinky_7510,Pinky_7511,Pinky_7512,Pinky_7513,Pinky_7514,Pinky_7515,Pinky_7516,Pinky_7517,Pinky_7518,Pinky_7519,Pinky_7520,Pinky_7521,Pinky_7522,Pinky_7523,Pinky_7524,Pinky_7525,Pinky_7526,Pinky_7527,Pinky_7528,Pinky_7529,Pinky_7530,Pinky_7531,Pinky_7532,Pinky_7533,Pinky_7534,Pinky_7535,Pinky_7536,Pinky_7537,Pinky_7538,Pinky_7539,Pinky_7540,Pinky_7541,Pinky_7542,Pinky_7543,Pinky_7544,Pinky_7545,Pinky_7546,Pinky_7547,Pinky_7548,Pinky_7549,Pinky_7550,Pinky_7551,Pinky_7552,Pinky_7553,Pinky_7554,Pinky_7555,Pinky_7556,Pinky_7557,Pinky_7558,Pinky_7559,Pinky_7560,Pinky_7561,Pinky_7562,Pinky_7563,Pinky_7564,Pinky_7565,Pinky_7566,Pinky_7567,Pinky_7568,Pinky_7569,Pinky_7570,Pinky_7571,Pinky_7572,Pinky_7573,Pinky_7574,Pinky_7575,Pinky_7576,Pinky_7577,Pinky_7578,Pinky_7579,Pinky_7580,Pinky_7581,Pinky_7582,Pinky_7583,Pinky_7584,Pinky_7585,Pinky_7586,Pinky_7587,Pinky_7588,Pinky_7589,Pinky_7590,Pinky_7591,Pinky_7592,Pinky_7593,Pinky_7594,Pinky_7595,Pinky_7596,Pinky_7597,Pinky_7598,Pinky_7599,Pinky_7600,Pinky_7601,Pinky_7602,Pinky_7603,Pinky_7604,Pinky_7605,Pinky_7606,Pinky_7607,Pinky_7608,Pinky_7609,Pinky_7610,Pinky_7611,Pinky_7612,Pinky_7613,Pinky_7614,Pinky_7615,Pinky_7616,Pinky_7617,Pinky_7618,Pinky_7619,Pinky_7620,Pinky_7621,Pinky_7622,Pinky_7623,Pinky_7624,Pinky_7625,Pinky_7626,Pinky_7627,Pinky_7628,Pinky_7629,Pinky_7630,Pinky_7631,Pinky_7632,Pinky_7633,Pinky_7634,Pinky_7635,Pinky_7636,Pinky_7637,Pinky_7638,Pinky_7639,Pinky_7640,Pinky_7641,Pinky_7642,Pinky_7643,Pinky_7644,Pinky_7645,Pinky_7646,Pinky_7647,Pinky_7648,Pinky_7649,Pinky_7650,Pinky_7651,Pinky_7652,Pinky_7653,Pinky_7654,Pinky_7655,Pinky_7656,Pinky_7657,Pinky_7658,Pinky_7659,Pinky_7660,Pinky_7661,Pinky_7662,Pinky_7663,Pinky_7664,Pinky_7665,Pinky_7666,Pinky_7667,Pinky_7668,Pinky_7669,Pinky_7670,Pinky_7671,Pinky_7672,Pinky_7673,Pinky_7674,Pinky_7675,Pinky_7676,Pinky_7677,Pinky_7678,Pinky_7679,Pinky_7680,Pinky_7681,Pinky_7682,Pinky_7683,Pinky_7684,Pinky_7685,Pinky_7686,Pinky_7687,Pinky_7688,Pinky_7689,Pinky_7690,Pinky_7691,Pinky_7692,Pinky_7693,Pinky_7694,Pinky_7695,Pinky_7696,Pinky_7697,Pinky_7698,Pinky_7699,Pinky_7700,Pinky_7701,Pinky_7702,Pinky_7703,Pinky_7704,Pinky_7705,Pinky_7706,Pinky_7707,Pinky_7708,Pinky_7709,Pinky_7710,Pinky_7711,Pinky_7712,Pinky_7713,Pinky_7714,Pinky_7715,Pinky_7716,Pinky_7717,Pinky_7718,Pinky_7719,Pinky_7720,Pinky_7721,Pinky_7722,Pinky_7723,Pinky_7724,Pinky_7725,Pinky_7726,Pinky_7727,Pinky_7728,Pinky_7729,Pinky_7730,Pinky_7731,Pinky_7732,Pinky_7733,Pinky_7734,Pinky_7735,Pinky_7736,Pinky_7737,Pinky_7738,Pinky_7739,Pinky_7740,Pinky_7741,Pinky_7742,Pinky_7743,Pinky_7744,Pinky_7745,Pinky_7746,Pinky_7747,Pinky_7748,Pinky_7749,Pinky_7750,Pinky_7751,Pinky_7752,Pinky_7753,Pinky_7754,Pinky_7755,Pinky_7756,Pinky_7757,Pinky_7758,Pinky_7759,Pinky_7760,Pinky_7761,Pinky_7762,Pinky_7763,Pinky_7764,Pinky_7765,Pinky_7766,Pinky_7767,Pinky_7768,Pinky_7769,Pinky_7770,Pinky_7771,Pinky_7772,Pinky_7773,Pinky_7774,Pinky_7775,Pinky_7776,Pinky_7777,Pinky_7778,Pinky_7779,Pinky_7780,Pinky_7781,Pinky_7782,Pinky_7783,Pinky_7784,Pinky_7785,Pinky_7786,Pinky_7787,Pinky_7788,Pinky_7789,Pinky_7790,Pinky_7791,Pinky_7792,Pinky_7793,Pinky_7794,Pinky_7795,Pinky_7796,Pinky_7797,Pinky_7798,Pinky_7799,Pinky_7800,Pinky_7801,Pinky_7802,Pinky_7803,Pinky_7804,Pinky_7805,Pinky_7806,Pinky_7807,Pinky_7808,Pinky_7809,Pinky_7810,Pinky_7811,Pinky_7812,Pinky_7813,Pinky_7814,Pinky_7815,Pinky_7816,Pinky_7817,Pinky_7818,Pinky_7819,Pinky_7820,Pinky_7821,Pinky_7822,Pinky_7823,Pinky_7824,Pinky_7825,Pinky_7826,Pinky_7827,Pinky_7828,Pinky_7829,Pinky_7830,Pinky_7831,Pinky_7832,Pinky_7833,Pinky_7834,Pinky_7835,Pinky_7836,Pinky_7837,Pinky_7838,Pinky_7839,Pinky_7840,Pinky_7841,Pinky_7842,Pinky_7843,Pinky_7844,Pinky_7845,Pinky_7846,Pinky_7847,Pinky_7848,Pinky_7849,Pinky_7850,Pinky_7851,Pinky_7852,Pinky_7853,Pinky_7854,Pinky_7855,Pinky_7856,Pinky_7857,Pinky_7858,Pinky_7859,Pinky_7860,Pinky_7861,Pinky_7862,Pinky_7863,Pinky_7864,Pinky_7865,Pinky_7866,Pinky_7867,Pinky_7868,Pinky_7869,Pinky_7870,Pinky_7871,Pinky_7872,Pinky_7873,Pinky_7874,Pinky_7875,Pinky_7876,Pinky_7877,Pinky_7878,Pinky_7879,Pinky_7880,Pinky_7881,Pinky_7882,Pinky_7883,Pinky_7884,Pinky_7885,Pinky_7886,Pinky_7887,Pinky_7888,Pinky_7889,Pinky_7890,Pinky_7891,Pinky_7892,Pinky_7893,Pinky_7894,Pinky_7895,Pinky_7896,Pinky_7897,Pinky_7898,Pinky_7899,Pinky_7900,Pinky_7901,Pinky_7902,Pinky_7903,Pinky_7904,Pinky_7905,Pinky_7906,Pinky_7907,Pinky_7908,Pinky_7909,Pinky_7910,Pinky_7911,Pinky_7912,Pinky_7913,Pinky_7914,Pinky_7915,Pinky_7916,Pinky_7917,Pinky_7918,Pinky_7919,Pinky_7920,Pinky_7921,Pinky_7922,Pinky_7923,Pinky_7924,Pinky_7925,Pinky_7926,Pinky_7927,Pinky_7928,Pinky_7929,Pinky_7930,Pinky_7931,Pinky_7932,Pinky_7933,Pinky_7934,Pinky_7935,Pinky_7936,Pinky_7937,Pinky_7938,Pinky_7939,Pinky_7940,Pinky_7941,Pinky_7942,Pinky_7943,Pinky_7944,Pinky_7945,Pinky_7946,Pinky_7947,Pinky_7948,Pinky_7949,Pinky_7950,Pinky_7951,Pinky_7952,Pinky_7953,Pinky_7954,Pinky_7955,Pinky_7956,Pinky_7957,Pinky_7958,Pinky_7959,Pinky_7960,Pinky_7961,Pinky_7962,Pinky_7963,Pinky_7964,Pinky_7965,Pinky_7966,Pinky_7967,Pinky_7968,Pinky_7969,Pinky_7970,Pinky_7971,Pinky_7972,Pinky_7973,Pinky_7974,Pinky_7975,Pinky_7976,Pinky_7977,Pinky_7978,Pinky_7979,Pinky_7980,Pinky_7981,Pinky_7982,Pinky_7983,Pinky_7984,Pinky_7985,Pinky_7986,Pinky_7987,Pinky_7988,Pinky_7989,Pinky_7990,Pinky_7991,Pinky_7992,Pinky_7993,Pinky_7994,Pinky_7995,Pinky_7996,Pinky_7997,Pinky_7998,Pinky_7999,Pinky_8000,Pinky_8001,Pinky_8002,Pinky_8003,Pinky_8004,Pinky_8005,Pinky_8006,Pinky_8007,Pinky_8008,Pinky_8009,Pinky_8010,Pinky_8011,Pinky_8012,Pinky_8013,Pinky_8014,Pinky_8015,Pinky_8016,Pinky_8017,Pinky_8018,Pinky_8019,Pinky_8020,Pinky_8021,Pinky_8022,Pinky_8023,Pinky_8024,Pinky_8025,Pinky_8026,Pinky_8027,Pinky_8028,Pinky_8029,Pinky_8030,Pinky_8031,Pinky_8032,Pinky_8033,Pinky_8034,Pinky_8035,Pinky_8036,Pinky_8037,Pinky_8038,Pinky_8039,Pinky_8040,Pinky_8041,Pinky_8042,Pinky_8043,Pinky_8044,Pinky_8045,Pinky_8046,Pinky_8047,Pinky_8048,Pinky_8049,Pinky_8050,Pinky_8051,Pinky_8052,Pinky_8053,Pinky_8054,Pinky_8055,Pinky_8056,Pinky_8057,Pinky_8058,Pinky_8059,Pinky_8060,Pinky_8061,Pinky_8062,Pinky_8063,Pinky_8064,Pinky_8065,Pinky_8066,Pinky_8067,Pinky_8068,Pinky_8069,Pinky_8070,Pinky_8071,Pinky_8072,Pinky_8073,Pinky_8074,Pinky_8075,Pinky_8076,Pinky_8077,Pinky_8078,Pinky_8079,Pinky_8080,Pinky_8081,Pinky_8082,Pinky_8083,Pinky_8084,Pinky_8085,Pinky_8086,Pinky_8087,Pinky_8088,Pinky_8089,Pinky_8090,Pinky_8091,Pinky_8092,Pinky_8093,Pinky_8094,Pinky_8095,Pinky_8096,Pinky_8097,Pinky_8098,Pinky_8099,Pinky_8100,Pinky_8101,Pinky_8102,Pinky_8103,Pinky_8104,Pinky_8105,Pinky_8106,Pinky_8107,Pinky_8108,Pinky_8109,Pinky_8110,Pinky_8111,Pinky_8112,Pinky_8113,Pinky_8114,Pinky_8115,Pinky_8116,Pinky_8117,Pinky_8118,Pinky_8119,Pinky_8120,Pinky_8121,Pinky_8122,Pinky_8123,Pinky_8124,Pinky_8125,Pinky_8126,Pinky_8127,Pinky_8128,Pinky_8129,Pinky_8130,Pinky_8131,Pinky_8132,Pinky_8133,Pinky_8134,Pinky_8135,Pinky_8136,Pinky_8137,Pinky_8138,Pinky_8139,Pinky_8140,Pinky_8141,Pinky_8142,Pinky_8143,Pinky_8144,Pinky_8145,Pinky_8146,Pinky_8147,Pinky_8148,Pinky_8149,Pinky_8150,Pinky_8151,Pinky_8152,Pinky_8153,Pinky_8154,Pinky_8155,Pinky_8156,Pinky_8157,Pinky_8158,Pinky_8159,Pinky_8160,Pinky_8161,Pinky_8162,Pinky_8163,Pinky_8164,Pinky_8165,Pinky_8166,Pinky_8167,Pinky_8168,Pinky_8169,Pinky_8170,Pinky_8171,Pinky_8172,Pinky_8173,Pinky_8174,Pinky_8175,Pinky_8176,Pinky_8177,Pinky_8178,Pinky_8179,Pinky_8180,Pinky_8181,Pinky_8182,Pinky_8183,Pinky_8184,Pinky_8185,Pinky_8186,Pinky_8187,Pinky_8188,Pinky_8189,Pinky_8190,Pinky_8191,Pinky_8192,Pinky_8193,Pinky_8194,Pinky_8195,Pinky_8196,Pinky_8197,Pinky_8198,Pinky_8199,Pinky_8200,Pinky_8201,Pinky_8202,Pinky_8203,Pinky_8204,Pinky_8205,Pinky_8206,Pinky_8207,Pinky_8208,Pinky_8209,Pinky_8210,Pinky_8211,Pinky_8212,Pinky_8213,Pinky_8214,Pinky_8215,Pinky_8216,Pinky_8217,Pinky_8218,Pinky_8219,Pinky_8220,Pinky_8221,Pinky_8222,Pinky_8223,Pinky_8224,Pinky_8225,Pinky_8226,Pinky_8227,Pinky_8228,Pinky_8229,Pinky_8230,Pinky_8231,Pinky_8232,Pinky_8233,Pinky_8234,Pinky_8235,Pinky_8236,Pinky_8237,Pinky_8238,Pinky_8239,Pinky_8240,Pinky_8241,Pinky_8242,Pinky_8243,Pinky_8244,Pinky_8245,Pinky_8246,Pinky_8247,Pinky_8248,Pinky_8249,Pinky_8250,Pinky_8251,Pinky_8252,Pinky_8253,Pinky_8254,Pinky_8255,Pinky_8256,Pinky_8257,Pinky_8258,Pinky_8259,Pinky_8260,Pinky_8261,Pinky_8262,Pinky_8263,Pinky_8264,Pinky_8265,Pinky_8266,Pinky_8267,Pinky_8268,Pinky_8269,Pinky_8270,Pinky_8271,Pinky_8272,Pinky_8273,Pinky_8274,Pinky_8275,Pinky_8276,Pinky_8277,Pinky_8278,Pinky_8279,Pinky_8280,Pinky_8281,Pinky_8282,Pinky_8283,Pinky_8284,Pinky_8285,Pinky_8286,Pinky_8287,Pinky_8288,Pinky_8289,Pinky_8290,Pinky_8291,Pinky_8292,Pinky_8293,Pinky_8294,Pinky_8295,Pinky_8296,Pinky_8297,Pinky_8298,Pinky_8299,Pinky_8300,Pinky_8301,Pinky_8302,Pinky_8303,Pinky_8304,Pinky_8305,Pinky_8306,Pinky_8307,Pinky_8308,Pinky_8309,Pinky_8310,Pinky_8311,Pinky_8312,Pinky_8313,Pinky_8314,Pinky_8315,Pinky_8316,Pinky_8317,Pinky_8318,Pinky_8319,Pinky_8320,Pinky_8321,Pinky_8322,Pinky_8323,Pinky_8324,Pinky_8325,Pinky_8326,Pinky_8327,Pinky_8328,Pinky_8329,Pinky_8330,Pinky_8331,Pinky_8332,Pinky_8333,Pinky_8334,Pinky_8335,Pinky_8336,Pinky_8337,Pinky_8338,Pinky_8339,Pinky_8340,Pinky_8341,Pinky_8342,Pinky_8343,Pinky_8344,Pinky_8345,Pinky_8346,Pinky_8347,Pinky_8348,Pinky_8349,Pinky_8350,Pinky_8351,Pinky_8352,Pinky_8353,Pinky_8354,Pinky_8355,Pinky_8356,Pinky_8357,Pinky_8358,Pinky_8359,Pinky_8360,Pinky_8361,Pinky_8362,Pinky_8363,Pinky_8364,Pinky_8365,Pinky_8366,Pinky_8367,Pinky_8368,Pinky_8369,Pinky_8370,Pinky_8371,Pinky_8372,Pinky_8373,Pinky_8374,Pinky_8375,Pinky_8376,Pinky_8377,Pinky_8378,Pinky_8379,Pinky_8380,Pinky_8381,Pinky_8382,Pinky_8383,Pinky_8384,Pinky_8385,Pinky_8386,Pinky_8387,Pinky_8388,Pinky_8389,Pinky_8390,Pinky_8391,Pinky_8392,Pinky_8393,Pinky_8394,Pinky_8395,Pinky_8396,Pinky_8397,Pinky_8398,Pinky_8399,Pinky_8400,Pinky_8401,Pinky_8402,Pinky_8403,Pinky_8404,Pinky_8405,Pinky_8406,Pinky_8407,Pinky_8408,Pinky_8409,Pinky_8410,Pinky_8411,Pinky_8412,Pinky_8413,Pinky_8414,Pinky_8415,Pinky_8416,Pinky_8417,Pinky_8418,Pinky_8419,Pinky_8420,Pinky_8421,Pinky_8422,Pinky_8423,Pinky_8424,Pinky_8425,Pinky_8426,Pinky_8427,Pinky_8428,Pinky_8429,Pinky_8430,Pinky_8431,Pinky_8432,Pinky_8433,Pinky_8434,Pinky_8435,Pinky_8436,Pinky_8437,Pinky_8438,Pinky_8439,Pinky_8440,Pinky_8441,Pinky_8442,Pinky_8443,Pinky_8444,Pinky_8445,Pinky_8446,Pinky_8447,Pinky_8448,Pinky_8449,Pinky_8450,Pinky_8451,Pinky_8452,Pinky_8453,Pinky_8454,Pinky_8455,Pinky_8456,Pinky_8457,Pinky_8458,Pinky_8459,Pinky_8460,Pinky_8461,Pinky_8462,Pinky_8463,Pinky_8464,Pinky_8465,Pinky_8466,Pinky_8467,Pinky_8468,Pinky_8469,Pinky_8470,Pinky_8471,Pinky_8472,Pinky_8473,Pinky_8474,Pinky_8475,Pinky_8476,Pinky_8477,Pinky_8478,Pinky_8479,Pinky_8480,Pinky_8481,Pinky_8482,Pinky_8483,Pinky_8484,Pinky_8485,Pinky_8486,Pinky_8487,Pinky_8488,Pinky_8489,Pinky_8490,Pinky_8491,Pinky_8492,Pinky_8493,Pinky_8494,Pinky_8495,Pinky_8496,Pinky_8497,Pinky_8498,Pinky_8499,Pinky_8500,Pinky_8501,Pinky_8502,Pinky_8503,Pinky_8504,Pinky_8505,Pinky_8506,Pinky_8507,Pinky_8508,Pinky_8509,Pinky_8510,Pinky_8511,Pinky_8512,Pinky_8513,Pinky_8514,Pinky_8515,Pinky_8516,Pinky_8517,Pinky_8518,Pinky_8519,Pinky_8520,Pinky_8521,Pinky_8522,Pinky_8523,Pinky_8524,Pinky_8525,Pinky_8526,Pinky_8527,Pinky_8528,Pinky_8529,Pinky_8530,Pinky_8531,Pinky_8532,Pinky_8533,Pinky_8534,Pinky_8535,Pinky_8536,Pinky_8537,Pinky_8538,Pinky_8539,Pinky_8540,Pinky_8541,Pinky_8542,Pinky_8543,Pinky_8544,Pinky_8545,Pinky_8546,Pinky_8547,Pinky_8548,Pinky_8549,Pinky_8550,Pinky_8551,Pinky_8552,Pinky_8553,Pinky_8554,Pinky_8555,Pinky_8556,Pinky_8557,Pinky_8558,Pinky_8559,Pinky_8560,Pinky_8561,Pinky_8562,Pinky_8563,Pinky_8564,Pinky_8565,Pinky_8566,Pinky_8567,Pinky_8568,Pinky_8569,Pinky_8570,Pinky_8571,Pinky_8572,Pinky_8573,Pinky_8574,Pinky_8575,Pinky_8576,Pinky_8577,Pinky_8578,Pinky_8579,Pinky_8580,Pinky_8581,Pinky_8582,Pinky_8583,Pinky_8584,Pinky_8585,Pinky_8586,Pinky_8587,Pinky_8588,Pinky_8589,Pinky_8590,Pinky_8591,Pinky_8592,Pinky_8593,Pinky_8594,Pinky_8595,Pinky_8596,Pinky_8597,Pinky_8598,Pinky_8599,Pinky_8600,Pinky_8601,Pinky_8602,Pinky_8603,Pinky_8604,Pinky_8605,Pinky_8606,Pinky_8607,Pinky_8608,Pinky_8609,Pinky_8610,Pinky_8611,Pinky_8612,Pinky_8613,Pinky_8614,Pinky_8615,Pinky_8616,Pinky_8617,Pinky_8618,Pinky_8619,Pinky_8620,Pinky_8621,Pinky_8622,Pinky_8623,Pinky_8624,Pinky_8625,Pinky_8626,Pinky_8627,Pinky_8628,Pinky_8629,Pinky_8630,Pinky_8631,Pinky_8632,Pinky_8633,Pinky_8634,Pinky_8635,Pinky_8636,Pinky_8637,Pinky_8638,Pinky_8639,Pinky_8640,Pinky_8641,Pinky_8642,Pinky_8643,Pinky_8644,Pinky_8645,Pinky_8646,Pinky_8647,Pinky_8648,Pinky_8649,Pinky_8650,Pinky_8651,Pinky_8652,Pinky_8653,Pinky_8654,Pinky_8655,Pinky_8656,Pinky_8657,Pinky_8658,Pinky_8659,Pinky_8660,Pinky_8661,Pinky_8662,Pinky_8663,Pinky_8664,Pinky_8665,Pinky_8666,Pinky_8667,Pinky_8668,Pinky_8669,Pinky_8670,Pinky_8671,Pinky_8672,Pinky_8673,Pinky_8674,Pinky_8675,Pinky_8676,Pinky_8677,Pinky_8678,Pinky_8679,Pinky_8680,Pinky_8681,Pinky_8682,Pinky_8683,Pinky_8684,Pinky_8685,Pinky_8686,Pinky_8687,Pinky_8688,Pinky_8689,Pinky_8690,Pinky_8691,Pinky_8692,Pinky_8693,Pinky_8694,Pinky_8695,Pinky_8696,Pinky_8697,Pinky_8698,Pinky_8699,Pinky_8700,Pinky_8701,Pinky_8702,Pinky_8703,Pinky_8704,Pinky_8705,Pinky_8706,Pinky_8707,Pinky_8708,Pinky_8709,Pinky_8710,Pinky_8711,Pinky_8712,Pinky_8713,Pinky_8714,Pinky_8715,Pinky_8716,Pinky_8717,Pinky_8718,Pinky_8719,Pinky_8720,Pinky_8721,Pinky_8722,Pinky_8723,Pinky_8724,Pinky_8725,Pinky_8726,Pinky_8727,Pinky_8728,Pinky_8729,Pinky_8730,Pinky_8731,Pinky_8732,Pinky_8733,Pinky_8734,Pinky_8735,Pinky_8736,Pinky_8737,Pinky_8738,Pinky_8739,Pinky_8740,Pinky_8741,Pinky_8742,Pinky_8743,Pinky_8744,Pinky_8745,Pinky_8746,Pinky_8747,Pinky_8748,Pinky_8749,Pinky_8750,Pinky_8751,Pinky_8752,Pinky_8753,Pinky_8754,Pinky_8755,Pinky_8756,Pinky_8757,Pinky_8758,Pinky_8759,Pinky_8760,Pinky_8761,Pinky_8762,Pinky_8763,Pinky_8764,Pinky_8765,Pinky_8766,Pinky_8767,Pinky_8768,Pinky_8769,Pinky_8770,Pinky_8771,Pinky_8772,Pinky_8773,Pinky_8774,Pinky_8775,Pinky_8776,Pinky_8777,Pinky_8778,Pinky_8779,Pinky_8780,Pinky_8781,Pinky_8782,Pinky_8783,Pinky_8784,Pinky_8785,Pinky_8786,Pinky_8787,Pinky_8788,Pinky_8789,Pinky_8790,Pinky_8791,Pinky_8792,Pinky_8793,Pinky_8794,Pinky_8795,Pinky_8796,Pinky_8797,Pinky_8798,Pinky_8799,Pinky_8800,Pinky_8801,Pinky_8802,Pinky_8803,Pinky_8804,Pinky_8805,Pinky_8806,Pinky_8807,Pinky_8808,Pinky_8809,Pinky_8810,Pinky_8811,Pinky_8812,Pinky_8813,Pinky_8814,Pinky_8815,Pinky_8816,Pinky_8817,Pinky_8818,Pinky_8819,Pinky_8820,Pinky_8821,Pinky_8822,Pinky_8823,Pinky_8824,Pinky_8825,Pinky_8826,Pinky_8827,Pinky_8828,Pinky_8829,Pinky_8830,Pinky_8831,Pinky_8832,Pinky_8833,Pinky_8834,Pinky_8835,Pinky_8836,Pinky_8837,Pinky_8838,Pinky_8839,Pinky_8840,Pinky_8841,Pinky_8842,Pinky_8843,Pinky_8844,Pinky_8845,Pinky_8846,Pinky_8847,Pinky_8848,Pinky_8849,Pinky_8850,Pinky_8851,Pinky_8852,Pinky_8853,Pinky_8854,Pinky_8855,Pinky_8856,Pinky_8857,Pinky_8858,Pinky_8859,Pinky_8860,Pinky_8861,Pinky_8862,Pinky_8863,Pinky_8864,Pinky_8865,Pinky_8866,Pinky_8867,Pinky_8868,Pinky_8869,Pinky_8870,Pinky_8871,Pinky_8872,Pinky_8873,Pinky_8874,Pinky_8875,Pinky_8876,Pinky_8877,Pinky_8878,Pinky_8879,Pinky_8880,Pinky_8881,Pinky_8882,Pinky_8883,Pinky_8884,Pinky_8885,Pinky_8886,Pinky_8887,Pinky_8888,Pinky_8889,Pinky_8890,Pinky_8891,Pinky_8892,Pinky_8893,Pinky_8894,Pinky_8895,Pinky_8896,Pinky_8897,Pinky_8898,Pinky_8899,Pinky_8900,Pinky_8901,Pinky_8902,Pinky_8903,Pinky_8904,Pinky_8905,Pinky_8906,Pinky_8907,Pinky_8908,Pinky_8909,Pinky_8910,Pinky_8911,Pinky_8912,Pinky_8913,Pinky_8914,Pinky_8915,Pinky_8916,Pinky_8917,Pinky_8918,Pinky_8919,Pinky_8920,Pinky_8921,Pinky_8922,Pinky_8923,Pinky_8924,Pinky_8925,Pinky_8926,Pinky_8927,Pinky_8928,Pinky_8929,Pinky_8930,Pinky_8931,Pinky_8932,Pinky_8933,Pinky_8934,Pinky_8935,Pinky_8936,Pinky_8937,Pinky_8938,Pinky_8939,Pinky_8940,Pinky_8941,Pinky_8942,Pinky_8943,Pinky_8944,Pinky_8945,Pinky_8946,Pinky_8947,Pinky_8948,Pinky_8949,Pinky_8950,Pinky_8951,Pinky_8952,Pinky_8953,Pinky_8954,Pinky_8955,Pinky_8956,Pinky_8957,Pinky_8958,Pinky_8959,Pinky_8960,Pinky_8961,Pinky_8962,Pinky_8963,Pinky_8964,Pinky_8965,Pinky_8966,Pinky_8967,Pinky_8968,Pinky_8969,Pinky_8970,Pinky_8971,Pinky_8972,Pinky_8973,Pinky_8974,Pinky_8975,Pinky_8976,Pinky_8977,Pinky_8978,Pinky_8979,Pinky_8980,Pinky_8981,Pinky_8982,Pinky_8983,Pinky_8984,Pinky_8985,Pinky_8986,Pinky_8987,Pinky_8988,Pinky_8989,Pinky_8990,Pinky_8991,Pinky_8992,Pinky_8993,Pinky_8994,Pinky_8995,Pinky_8996,Pinky_8997,Pinky_8998,Pinky_8999,Pinky_9000,Pinky_9001,Pinky_9002,Pinky_9003,Pinky_9004,Pinky_9005,Pinky_9006,Pinky_9007,Pinky_9008,Pinky_9009,Pinky_9010,Pinky_9011,Pinky_9012,Pinky_9013,Pinky_9014,Pinky_9015,Pinky_9016,Pinky_9017,Pinky_9018,Pinky_9019,Pinky_9020,Pinky_9021,Pinky_9022,Pinky_9023,Pinky_9024,Pinky_9025,Pinky_9026,Pinky_9027,Pinky_9028,Pinky_9029,Pinky_9030,Pinky_9031,Pinky_9032,Pinky_9033,Pinky_9034,Pinky_9035,Pinky_9036,Pinky_9037,Pinky_9038,Pinky_9039,Pinky_9040,Pinky_9041,Pinky_9042,Pinky_9043,Pinky_9044,Pinky_9045,Pinky_9046,Pinky_9047,Pinky_9048,Pinky_9049,Pinky_9050,Pinky_9051,Pinky_9052,Pinky_9053,Pinky_9054,Pinky_9055,Pinky_9056,Pinky_9057,Pinky_9058,Pinky_9059,Pinky_9060,Pinky_9061,Pinky_9062,Pinky_9063,Pinky_9064,Pinky_9065,Pinky_9066,Pinky_9067,Pinky_9068,Pinky_9069,Pinky_9070,Pinky_9071,Pinky_9072,Pinky_9073,Pinky_9074,Pinky_9075,Pinky_9076,Pinky_9077,Pinky_9078,Pinky_9079,Pinky_9080,Pinky_9081,Pinky_9082,Pinky_9083,Pinky_9084,Pinky_9085,Pinky_9086,Pinky_9087,Pinky_9088,Pinky_9089,Pinky_9090,Pinky_9091,Pinky_9092,Pinky_9093,Pinky_9094,Pinky_9095,Pinky_9096,Pinky_9097,Pinky_9098,Pinky_9099,Pinky_9100,Pinky_9101,Pinky_9102,Pinky_9103,Pinky_9104,Pinky_9105,Pinky_9106,Pinky_9107,Pinky_9108,Pinky_9109,Pinky_9110,Pinky_9111,Pinky_9112,Pinky_9113,Pinky_9114,Pinky_9115,Pinky_9116,Pinky_9117,Pinky_9118,Pinky_9119,Pinky_9120,Pinky_9121,Pinky_9122,Pinky_9123,Pinky_9124,Pinky_9125,Pinky_9126,Pinky_9127,Pinky_9128,Pinky_9129,Pinky_9130,Pinky_9131,Pinky_9132,Pinky_9133,Pinky_9134,Pinky_9135,Pinky_9136,Pinky_9137,Pinky_9138,Pinky_9139,Pinky_9140,Pinky_9141,Pinky_9142,Pinky_9143,Pinky_9144,Pinky_9145,Pinky_9146,Pinky_9147,Pinky_9148,Pinky_9149,Pinky_9150,Pinky_9151,Pinky_9152,Pinky_9153,Pinky_9154,Pinky_9155,Pinky_9156,Pinky_9157,Pinky_9158,Pinky_9159,Pinky_9160,Pinky_9161,Pinky_9162,Pinky_9163,Pinky_9164,Pinky_9165,Pinky_9166,Pinky_9167,Pinky_9168,Pinky_9169,Pinky_9170,Pinky_9171,Pinky_9172,Pinky_9173,Pinky_9174,Pinky_9175,Pinky_9176,Pinky_9177,Pinky_9178,Pinky_9179,Pinky_9180,Pinky_9181,Pinky_9182,Pinky_9183,Pinky_9184,Pinky_9185,Pinky_9186,Pinky_9187,Pinky_9188,Pinky_9189,Pinky_9190,Pinky_9191,Pinky_9192,Pinky_9193,Pinky_9194,Pinky_9195,Pinky_9196,Pinky_9197,Pinky_9198,Pinky_9199,Pinky_9200,Pinky_9201,Pinky_9202,Pinky_9203,Pinky_9204,Pinky_9205,Pinky_9206,Pinky_9207,Pinky_9208,Pinky_9209,Pinky_9210,Pinky_9211,Pinky_9212,Pinky_9213,Pinky_9214,Pinky_9215,Pinky_9216,Pinky_9217,Pinky_9218,Pinky_9219,Pinky_9220,Pinky_9221,Pinky_9222,Pinky_9223,Pinky_9224,Pinky_9225,Pinky_9226,Pinky_9227,Pinky_9228,Pinky_9229,Pinky_9230,Pinky_9231,Pinky_9232,Pinky_9233,Pinky_9234,Pinky_9235,Pinky_9236,Pinky_9237,Pinky_9238,Pinky_9239,Pinky_9240,Pinky_9241,Pinky_9242,Pinky_9243,Pinky_9244,Pinky_9245,Pinky_9246,Pinky_9247,Pinky_9248,Pinky_9249,Pinky_9250,Pinky_9251,Pinky_9252,Pinky_9253,Pinky_9254,Pinky_9255,Pinky_9256,Pinky_9257,Pinky_9258,Pinky_9259,Pinky_9260,Pinky_9261,Pinky_9262,Pinky_9263,Pinky_9264,Pinky_9265,Pinky_9266,Pinky_9267,Pinky_9268,Pinky_9269,Pinky_9270,Pinky_9271,Pinky_9272,Pinky_9273,Pinky_9274,Pinky_9275,Pinky_9276,Pinky_9277,Pinky_9278,Pinky_9279,Pinky_9280,Pinky_9281,Pinky_9282,Pinky_9283,Pinky_9284,Pinky_9285,Pinky_9286,Pinky_9287,Pinky_9288,Pinky_9289,Pinky_9290,Pinky_9291,Pinky_9292,Pinky_9293,Pinky_9294,Pinky_9295,Pinky_9296,Pinky_9297,Pinky_9298,Pinky_9299,Pinky_9300,Pinky_9301,Pinky_9302,Pinky_9303,Pinky_9304,Pinky_9305,Pinky_9306,Pinky_9307,Pinky_9308,Pinky_9309,Pinky_9310,Pinky_9311,Pinky_9312,Pinky_9313,Pinky_9314,Pinky_9315,Pinky_9316,Pinky_9317,Pinky_9318,Pinky_9319,Pinky_9320,Pinky_9321,Pinky_9322,Pinky_9323,Pinky_9324,Pinky_9325,Pinky_9326,Pinky_9327,Pinky_9328,Pinky_9329,Pinky_9330,Pinky_9331,Pinky_9332,Pinky_9333,Pinky_9334,Pinky_9335,Pinky_9336,Pinky_9337,Pinky_9338,Pinky_9339,Pinky_9340,Pinky_9341,Pinky_9342,Pinky_9343,Pinky_9344,Pinky_9345,Pinky_9346,Pinky_9347,Pinky_9348,Pinky_9349,Pinky_9350,Pinky_9351,Pinky_9352,Pinky_9353,Pinky_9354,Pinky_9355,Pinky_9356,Pinky_9357,Pinky_9358,Pinky_9359,Pinky_9360,Pinky_9361,Pinky_9362,Pinky_9363,Pinky_9364,Pinky_9365,Pinky_9366,Pinky_9367,Pinky_9368,Pinky_9369,Pinky_9370,Pinky_9371,Pinky_9372,Pinky_9373,Pinky_9374,Pinky_9375,Pinky_9376,Pinky_9377,Pinky_9378,Pinky_9379,Pinky_9380,Pinky_9381,Pinky_9382,Pinky_9383,Pinky_9384,Pinky_9385,Pinky_9386,Pinky_9387,Pinky_9388,Pinky_9389,Pinky_9390,Pinky_9391,Pinky_9392,Pinky_9393,Pinky_9394,Pinky_9395,Pinky_9396,Pinky_9397,Pinky_9398,Pinky_9399,Pinky_9400,Pinky_9401,Pinky_9402,Pinky_9403,Pinky_9404,Pinky_9405,Pinky_9406,Pinky_9407,Pinky_9408,Pinky_9409,Pinky_9410,Pinky_9411,Pinky_9412,Pinky_9413,Pinky_9414,Pinky_9415,Pinky_9416,Pinky_9417,Pinky_9418,Pinky_9419,Pinky_9420,Pinky_9421,Pinky_9422,Pinky_9423,Pinky_9424,Pinky_9425,Pinky_9426,Pinky_9427,Pinky_9428,Pinky_9429,Pinky_9430,Pinky_9431,Pinky_9432,Pinky_9433,Pinky_9434,Pinky_9435,Pinky_9436,Pinky_9437,Pinky_9438,Pinky_9439,Pinky_9440,Pinky_9441,Pinky_9442,Pinky_9443,Pinky_9444,Pinky_9445,Pinky_9446,Pinky_9447,Pinky_9448,Pinky_9449,Pinky_9450,Pinky_9451,Pinky_9452,Pinky_9453,Pinky_9454,Pinky_9455,Pinky_9456,Pinky_9457,Pinky_9458,Pinky_9459,Pinky_9460,Pinky_9461,Pinky_9462,Pinky_9463,Pinky_9464,Pinky_9465,Pinky_9466,Pinky_9467,Pinky_9468,Pinky_9469,Pinky_9470,Pinky_9471,Pinky_9472,Pinky_9473,Pinky_9474,Pinky_9475,Pinky_9476,Pinky_9477,Pinky_9478,Pinky_9479,Pinky_9480,Pinky_9481,Pinky_9482,Pinky_9483,Pinky_9484,Pinky_9485,Pinky_9486,Pinky_9487,Pinky_9488,Pinky_9489,Pinky_9490,Pinky_9491,Pinky_9492,Pinky_9493,Pinky_9494,Pinky_9495,Pinky_9496,Pinky_9497,Pinky_9498,Pinky_9499,Pinky_9500,Pinky_9501,Pinky_9502,Pinky_9503,Pinky_9504,Pinky_9505,Pinky_9506,Pinky_9507,Pinky_9508,Pinky_9509,Pinky_9510,Pinky_9511,Pinky_9512,Pinky_9513,Pinky_9514,Pinky_9515,Pinky_9516,Pinky_9517,Pinky_9518,Pinky_9519,Pinky_9520,Pinky_9521,Pinky_9522,Pinky_9523,Pinky_9524,Pinky_9525,Pinky_9526,Pinky_9527,Pinky_9528,Pinky_9529,Pinky_9530,Pinky_9531,Pinky_9532,Pinky_9533,Pinky_9534,Pinky_9535,Pinky_9536,Pinky_9537,Pinky_9538,Pinky_9539,Pinky_9540,Pinky_9541,Pinky_9542,Pinky_9543,Pinky_9544,Pinky_9545,Pinky_9546,Pinky_9547,Pinky_9548,Pinky_9549,Pinky_9550,Pinky_9551,Pinky_9552,Pinky_9553,Pinky_9554,Pinky_9555,Pinky_9556,Pinky_9557,Pinky_9558,Pinky_9559,Pinky_9560,Pinky_9561,Pinky_9562,Pinky_9563,Pinky_9564,Pinky_9565,Pinky_9566,Pinky_9567,Pinky_9568,Pinky_9569,Pinky_9570,Pinky_9571,Pinky_9572,Pinky_9573,Pinky_9574,Pinky_9575,Pinky_9576,Pinky_9577,Pinky_9578,Pinky_9579,Pinky_9580,Pinky_9581,Pinky_9582,Pinky_9583,Pinky_9584,Pinky_9585,Pinky_9586,Pinky_9587,Pinky_9588,Pinky_9589,Pinky_9590,Pinky_9591,Pinky_9592,Pinky_9593,Pinky_9594,Pinky_9595,Pinky_9596,Pinky_9597,Pinky_9598,Pinky_9599,Pinky_9600,Pinky_9601,Pinky_9602,Pinky_9603,Pinky_9604,Pinky_9605,Pinky_9606,Pinky_9607,Pinky_9608,Pinky_9609,Pinky_9610,Pinky_9611,Pinky_9612,Pinky_9613,Pinky_9614,Pinky_9615,Pinky_9616,Pinky_9617,Pinky_9618,Pinky_9619,Pinky_9620,Pinky_9621,Pinky_9622,Pinky_9623,Pinky_9624,Pinky_9625,Pinky_9626,Pinky_9627,Pinky_9628,Pinky_9629,Pinky_9630,Pinky_9631,Pinky_9632,Pinky_9633,Pinky_9634,Pinky_9635,Pinky_9636,Pinky_9637,Pinky_9638,Pinky_9639,Pinky_9640,Pinky_9641,Pinky_9642,Pinky_9643,Pinky_9644,Pinky_9645,Pinky_9646,Pinky_9647,Pinky_9648,Pinky_9649,Pinky_9650,Pinky_9651,Pinky_9652,Pinky_9653,Pinky_9654,Pinky_9655,Pinky_9656,Pinky_9657,Pinky_9658,Pinky_9659,Pinky_9660,Pinky_9661,Pinky_9662,Pinky_9663,Pinky_9664,Pinky_9665,Pinky_9666,Pinky_9667,Pinky_9668,Pinky_9669,Pinky_9670,Pinky_9671,Pinky_9672,Pinky_9673,Pinky_9674,Pinky_9675,Pinky_9676,Pinky_9677,Pinky_9678,Pinky_9679,Pinky_9680,Pinky_9681,Pinky_9682,Pinky_9683,Pinky_9684,Pinky_9685,Pinky_9686,Pinky_9687,Pinky_9688,Pinky_9689,Pinky_9690,Pinky_9691,Pinky_9692,Pinky_9693,Pinky_9694,Pinky_9695,Pinky_9696,Pinky_9697,Pinky_9698,Pinky_9699,Pinky_9700,Pinky_9701,Pinky_9702,Pinky_9703,Pinky_9704,Pinky_9705,Pinky_9706,Pinky_9707,Pinky_9708,Pinky_9709,Pinky_9710,Pinky_9711,Pinky_9712,Pinky_9713,Pinky_9714,Pinky_9715,Pinky_9716,Pinky_9717,Pinky_9718,Pinky_9719,Pinky_9720,Pinky_9721,Pinky_9722,Pinky_9723,Pinky_9724,Pinky_9725,Pinky_9726,Pinky_9727,Pinky_9728,Pinky_9729,Pinky_9730,Pinky_9731,Pinky_9732,Pinky_9733,Pinky_9734,Pinky_9735,Pinky_9736,Pinky_9737,Pinky_9738,Pinky_9739,Pinky_9740,Pinky_9741,Pinky_9742,Pinky_9743,Pinky_9744,Pinky_9745,Pinky_9746,Pinky_9747,Pinky_9748,Pinky_9749,Pinky_9750,Pinky_9751,Pinky_9752,Pinky_9753,Pinky_9754,Pinky_9755,Pinky_9756,Pinky_9757,Pinky_9758,Pinky_9759,Pinky_9760,Pinky_9761,Pinky_9762,Pinky_9763,Pinky_9764,Pinky_9765,Pinky_9766,Pinky_9767,Pinky_9768,Pinky_9769,Pinky_9770,Pinky_9771,Pinky_9772,Pinky_9773,Pinky_9774,Pinky_9775,Pinky_9776,Pinky_9777,Pinky_9778,Pinky_9779,Pinky_9780,Pinky_9781,Pinky_9782,Pinky_9783,Pinky_9784,Pinky_9785,Pinky_9786,Pinky_9787,Pinky_9788,Pinky_9789,Pinky_9790,Pinky_9791,Pinky_9792,Pinky_9793,Pinky_9794,Pinky_9795,Pinky_9796,Pinky_9797,Pinky_9798,Pinky_9799,Pinky_9800,Pinky_9801,Pinky_9802,Pinky_9803,Pinky_9804,Pinky_9805,Pinky_9806,Pinky_9807,Pinky_9808,Pinky_9809,Pinky_9810,Pinky_9811,Pinky_9812,Pinky_9813,Pinky_9814,Pinky_9815,Pinky_9816,Pinky_9817,Pinky_9818,Pinky_9819,Pinky_9820,Pinky_9821,Pinky_9822,Pinky_9823,Pinky_9824,Pinky_9825,Pinky_9826,Pinky_9827,Pinky_9828,Pinky_9829,Pinky_9830,Pinky_9831,Pinky_9832,Pinky_9833,Pinky_9834,Pinky_9835,Pinky_9836,Pinky_9837,Pinky_9838,Pinky_9839,Pinky_9840,Pinky_9841,Pinky_9842,Pinky_9843,Pinky_9844,Pinky_9845,Pinky_9846,Pinky_9847,Pinky_9848,Pinky_9849,Pinky_9850,Pinky_9851,Pinky_9852,Pinky_9853,Pinky_9854,Pinky_9855,Pinky_9856,Pinky_9857,Pinky_9858,Pinky_9859,Pinky_9860,Pinky_9861,Pinky_9862,Pinky_9863,Pinky_9864,Pinky_9865,Pinky_9866,Pinky_9867,Pinky_9868,Pinky_9869,Pinky_9870,Pinky_9871,Pinky_9872,Pinky_9873,Pinky_9874,Pinky_9875,Pinky_9876,Pinky_9877,Pinky_9878,Pinky_9879,Pinky_9880,Pinky_9881,Pinky_9882,Pinky_9883,Pinky_9884,Pinky_9885,Pinky_9886,Pinky_9887,Pinky_9888,Pinky_9889,Pinky_9890,Pinky_9891,Pinky_9892,Pinky_9893,Pinky_9894,Pinky_9895,Pinky_9896,Pinky_9897,Pinky_9898,Pinky_9899,Pinky_9900,Pinky_9901,Pinky_9902,Pinky_9903,Pinky_9904,Pinky_9905,Pinky_9906,Pinky_9907,Pinky_9908,Pinky_9909,Pinky_9910,Pinky_9911,Pinky_9912,Pinky_9913,Pinky_9914,Pinky_9915,Pinky_9916,Pinky_9917,Pinky_9918,Pinky_9919,Pinky_9920,Pinky_9921,Pinky_9922,Pinky_9923,Pinky_9924,Pinky_9925,Pinky_9926,Pinky_9927,Pinky_9928,Pinky_9929,Pinky_9930,Pinky_9931,Pinky_9932,Pinky_9933,Pinky_9934,Pinky_9935,Pinky_9936,Pinky_9937,Pinky_9938,Pinky_9939,Pinky_9940,Pinky_9941,Pinky_9942,Pinky_9943,Pinky_9944,Pinky_9945,Pinky_9946,Pinky_9947,Pinky_9948,Pinky_9949,Pinky_9950,Pinky_9951,Pinky_9952,Pinky_9953,Pinky_9954,Pinky_9955,Pinky_9956,Pinky_9957,Pinky_9958,Pinky_9959,Pinky_9960,Pinky_9961,Pinky_9962,Pinky_9963,Pinky_9964,Pinky_9965,Pinky_9966,Pinky_9967,Pinky_9968,Pinky_9969,Pinky_9970,Pinky_9971,Pinky_9972,Pinky_9973,Pinky_9974,Pinky_9975,Pinky_9976,Pinky_9977,Pinky_9978,Pinky_9979,Pinky_9980,Pinky_9981,Pinky_9982,Pinky_9983,Pinky_9984,Pinky_9985,Pinky_9986,Pinky_9987,Pinky_9988,Pinky_9989,Pinky_9990,Pinky_9991,Pinky_9992,Pinky_9993,Pinky_9994,Pinky_9995,Pinky_9996,Pinky_9997,Pinky_9998,Pinky_9999,Pinky_10000,Pinky_10001,Pinky_10002,Pinky_10003,Pinky_10004,Pinky_10005,Pinky_10006,Pinky_10007,Pinky_10008,Pinky_10009,Pinky_10010,Pinky_10011,Pinky_10012,Pinky_10013,Pinky_10014,Pinky_10015,Pinky_10016,Pinky_10017,Pinky_10018,Pinky_10019,Pinky_10020,Pinky_10021,Pinky_10022,Pinky_10023,Pinky_10024,Pinky_10025,Pinky_10026,Pinky_10027,Pinky_10028,Pinky_10029,Pinky_10030,Pinky_10031,Pinky_10032,Pinky_10033,Pinky_10034,Pinky_10035,Pinky_10036,Pinky_10037,Pinky_10038,Pinky_10039,Pinky_10040,Pinky_10041,Pinky_10042,Pinky_10043,Pinky_10044,Pinky_10045,Pinky_10046,Pinky_10047,Pinky_10048,Pinky_10049,Pinky_10050,Pinky_10051,Pinky_10052,Pinky_10053,Pinky_10054,Pinky_10055,Pinky_10056,Pinky_10057,Pinky_10058,Pinky_10059,Pinky_10060,Pinky_10061,Pinky_10062,Pinky_10063,Pinky_10064,Pinky_10065,Pinky_10066,Pinky_10067,Pinky_10068,Pinky_10069,Pinky_10070,Pinky_10071,Pinky_10072,Pinky_10073,Pinky_10074,Pinky_10075,Pinky_10076,Pinky_10077,Pinky_10078,Pinky_10079,Pinky_10080,Pinky_10081,Pinky_10082,Pinky_10083,Pinky_10084,Pinky_10085,Pinky_10086,Pinky_10087,Pinky_10088,Pinky_10089,Pinky_10090,Pinky_10091,Pinky_10092,Pinky_10093,Pinky_10094,Pinky_10095,Pinky_10096,Pinky_10097,Pinky_10098,Pinky_10099,Pinky_10100,Pinky_10101,Pinky_10102,Pinky_10103,Pinky_10104,Pinky_10105,Pinky_10106,Pinky_10107,Pinky_10108,Pinky_10109,Pinky_10110,Pinky_10111,Pinky_10112,Pinky_10113,Pinky_10114,Pinky_10115,Pinky_10116,Pinky_10117,Pinky_10118,Pinky_10119,Pinky_10120,Pinky_10121,Pinky_10122,Pinky_10123,Pinky_10124,Pinky_10125,Pinky_10126,Pinky_10127,Pinky_10128,Pinky_10129,Pinky_10130,Pinky_10131,Pinky_10132,Pinky_10133,Pinky_10134,Pinky_10135,Pinky_10136,Pinky_10137,Pinky_10138,Pinky_10139,Pinky_10140,Pinky_10141,Pinky_10142,Pinky_10143,Pinky_10144,Pinky_10145,Pinky_10146,Pinky_10147,Pinky_10148,Pinky_10149,Pinky_10150,Pinky_10151,Pinky_10152,Pinky_10153,Pinky_10154,Pinky_10155,Pinky_10156,Pinky_10157,Pinky_10158,Pinky_10159,Pinky_10160,Pinky_10161,Pinky_10162,Pinky_10163,Pinky_10164,Pinky_10165,Pinky_10166,Pinky_10167,Pinky_10168,Pinky_10169,Pinky_10170,Pinky_10171,Pinky_10172
0.10572930784908863,0.10326516898042826,0.10076957285213695,0.09824070533159812,0.09567677041938083,0.093076002392948,0.09043667769692831,0.08775712648363765,0.08503574374932299,0.08227100005547072,0.0794614517925254,0.07660575092823763,0.0737026542964756,0.07075103257800208,0.06774987907471086,0.06469831827637051,0.061595614126716214,0.058441177855669935,0.055234575301469135,0.05197553372793351,0.04866394816714603,0.04529988728832279,0.04188359877331038,0.038415514204686474,0.034896253473228,0.03132662869155922,0.02770764760820299,0.024040516517359833,0.020326642659931338,0.016567636115667028,0.01276531117284918,0.00892168716589481,0.0050389887823243384,0.0011196458234223883,-0.002833707610221836,-0.006818234526370759,-0.010830897059605604,-0.014868459124429023,-0.01892748971948066,-0.023004366909297858,-0.02709528252993465,-0.03119624763649398,-0.03530309864046899,-0.03941150405572813,-0.04351697181327552,-0.04761485715901159,-0.051700371179229876,-0.055768589983060224,-0.05981446450751804,-0.063832830870858,-0.06781842123653803,-0.07176587520379485,-0.07566975174972868,-0.07952454171014978,-0.08332468075023058,-0.08706456279713137,-0.09073855396027852,-0.09434100696154246,-0.09786627604290032,-0.1013087322981221,-0.10466277942382618,-0.10792286991969746,-0.11108352172201563,-0.11413933520536546,-0.11708501051049325,-0.11991536521107093,-0.12262535236858696,-0.12521007901946035,-0.12766482508091315,-0.12998506263227938,-0.13216647554978778,-0.13420497940113307,-0.13609674131830474,-0.13783819950528908,-0.13942608219988983,-0.14085742608592966,-0.1421295941894769,-0.14324029325353393,-0.14418759055641317,-0.14496993015163184,-0.1455861485503931,-0.14603548986914916,-0.14631762034448315,-0.1464326419448554,-0.1463811047780581,-0.14616401812959623,-0.14578286009266606,-0.14523958579918173,-0.14453663429284802,-0.14367693409212023,-0.1426639074701157,-0.14150147348162534,-0.14019404977077699,-0.13874655315775186,-0.13716439897503818,-0.13545349912312332,-0.13362025882588568,-0.13167157208292934,-0.12961481583663925,-0.12745784288573958,-0.12520897358718486,-0.12287698640218281,-0.12047110731481325,-0.11800099806114872,-0.1154767430311665,-0.11290883468886648,-0.11030815736710053,-0.10768596937128194,-0.10505388354277301,-0.10242384662159765,-0.09980811766356368,-0.09721924552524541,-0.09467004529415846,-0.09217357358537015,-0.08974310281703168,-0.08739209470902409,-0.08513417316219574,-0.08298309652748515,-0.08095272926793484,-0.07905701316781233,-0.07730993831424371,-0.07572551390908444,-0.07431773880111336,-0.0731005716840869,-0.07208790111463514,-0.07129351563329323,-0.07073107414782243,-0.07041407652399556,-0.07035583430324976,-0.0705694416388738,-0.07106774666718962,-0.0718633234181496,-0.07296844417940207,-0.07439505217570996,-0.07615473453802224,-0.07825869576370792,-0.08071773198892629,-0.08354220623695596,-0.08674202458585967,-0.09032661311866264,-0.09430489557772859,-0.09868527182959497,-0.10347559740609569,-0.10868316433003145,-0.1143146832426396,-0.12037626674099045,-0.12687341381696626,-0.13381099528813678,-0.14119324011613799,-0.14902372252429075,-0.1573053498528978,-0.1660403511628772,-0.17523026671553765,-0.18487593851858009,-0.19497750205830044,-0.20553437922330886,-0.21654527236904642,-0.22800815946907704,-0.23992029031649054,-0.2522781837599126,-0.26507762597562845,-0.2783136697887585,-0.2919806350629557,-0.30607211019601266,-0.320580954766001,-0.3354993033552489,-0.3508185705450799,-0.3665294570464539,-0.38262195695606493,-0.3990853661657354,-0.41590829194566226,-0.4330786637046202,-0.45058374496110076,-0.4684101466385471,-0.4865438418459078,-0.5049701822656871,-0.523673916231985,-0.5426392085695397,-0.5618496621309887,-0.5812883407798566,-0.6009377935962092,-0.6207800803011594,-0.6407967980294629,-0.6609691094785859,-0.681277772250624,-0.7017031691608793,-0.7222253394634066,-0.7428240110532016,-0.7634786335917951,-0.7841684123649841,-0.8048723427341002,-0.8255692451814411,-0.8462378009324567,-0.8668565879940857,-0.8874041174436371,-0.9078588699292709,-0.9281993323126372,-0.9484040342564413,-0.9684515846217963,-0.9883207076580689,-1.0079902789038826,-1.0274393606506251,-1.0466472368868196,-1.0655934476459876,-1.0842578226045845,-1.1026205138457144,-1.1206620278181632,-1.138363256425535,-1.1557055070357762,-1.1726705312865064,-1.1892405527496308,-1.2053982935093117,-1.2211269995366507,-1.2364104647271645,-1.2512330536435528,-1.265579723067539,-1.279436042276032,-1.292788211794928,-1.3056230805002755,-1.3179281611669467,-1.3296916446322342,-1.3409024126100277,-1.3515500490047643,-1.3616248495288588,-1.3711178295742172,-1.380020730430239,-1.3883260239793174,-1.3960269160005865,-1.4031173482020804,-1.4095919990731858,-1.4154462835485333,-1.4206763513385425,-1.425279083781298,-1.4292520892026062,-1.4325936968886808,-1.4353029498037628,-1.437379596153228,-1.4388240798725889,-1.4396375301118596,-1.439821749771582,-1.4393792031504944,-1.4383130027864013,-1.4366268955691126,-1.4343252481844004,-1.431413031966514,-1.4278958072381727,-1.4237797071734377,-1.4190714212136868,-1.413778178076086,-1.4079077283786674,-1.4014683269054515,-1.3944687145273704,-1.3869180997802815,-1.378826140105069,-1.3702029227475805,-1.3610589453413127,-1.3514050962621198,-1.3412526348453255,-1.3306131715152105,-1.3194986478784045,-1.3079213168343315,-1.2958937227584002,-1.2834286818293918,-1.2705392625549123,-1.2572387665130478,-1.2435407093077586,-1.2294588016934895,-1.2150069307557132,-1.2001991410067419,-1.1850496152919092,-1.1695726554438508,-1.1537826627149457,-1.1376941181649016,-1.1213215631936606,-1.1046795802692344,-1.0877827738087404,-1.070645751209021,-1.0532831041615154,-1.0357093904589192,-1.017939116359237,-0.9999867193785761,-0.9818665513742957,-0.9635928619758118,-0.9451797825710173,-0.9266413109464153,-0.9079912964864221,-0.8892434258391049,-0.8704112091489193,-0.8515079670670502,-0.8325468186101759,-0.8135406697465513,-0.7945022025633008,-0.7754438650254016,-0.7563778615198231,-0.7373161443686413,-0.7182704063035246,-0.6992520737274148,-0.6802723005652069,-0.6613419626622061,-0.6424716528803316,-0.6236716770222586,-0.6049520505539618,-0.5863224960000863,-0.5677924408589732,-0.5493710159515146,-0.5310670542887479,-0.5128890906273043,-0.49484536177174476,-0.4769438075515353,-0.4591920723558971,-0.44159750705553336,-0.42416717107785473,-0.4069078344664092,-0.3898259799774948,-0.3729278054771541,-0.3562192268528861,-0.33970588141244207,-0.3233931316001559,-0.30728606888930443,-0.2913895177657082,-0.27570803971411095,-0.2602459370608372,-0.24500725650180755,-0.22999579229495737,-0.21521508933256683,-0.20066844636471615,-0.18635891952035166,-0.17228932616451686,-0.15846224909612516,-0.1448800410692357,-0.13154482956901603,-0.1184585217246763,-0.10562280925535106,-0.0930391733933078,-0.08070888975630908,-0.06863303315101632,-0.05681248228869151,-0.045247924387318506,-0.033939859643560055,-0.022888605568098797,-0.012094301177135947,-0.0015569110386621787,0.00872377082843201,0.01874811720882974,0.028516664095953104,0.0380301072354996,0.04728929880285904,0.05629524420103138,0.06504909889704891,0.07355216515024665,0.0818058884939461,0.08981185389263402,0.09757178157074975,0.10508752253902998,0.11236105381374273,0.11939447330923514,0.12618999438867462,0.1327499400530172,0.13907673675321064,0.14517290783368253,0.1510410666272506,0.15668390921348418,0.16210420684412696,0.16730479802060927,0.17228858018355453,0.1770585009794985,0.18161754908054917,0.18596874452406809,0.19011512853267476,0.19405975276351484,0.19780566793218668,0.20135591180862633,0.20471349674560457,0.20788139706731812,0.2108625366323551,0.21365977677076842,0.21627590472657232,0.21871362267185646,0.22097553729338415,0.22306414992662837,0.22498184719207615,0.22673089208367259,0.22831341547472306,0.22973140802562142,0.23098671252837732,0.23208101677729331,0.23301584703960287,0.23379256213981137,0.23441234813896017,0.2348762136203817,0.23518498565847068,0.23533930657050206,0.23533963151235326,0.23518622691231883,0.2348791696704282,0.23441834704625109,0.23380345721346174,0.2330340104513411,0.23210933088385133,0.231028558693545,0.22979065280272692,0.22839439403082906,0.2268383887155352,0.22512107277350424,0.2232407162211132,0.22119542826479943,0.21898316309729893,0.2166017264760427,0.21404878312036857,0.21132186498034855,0.20841838040067273,0.20533562404194328,0.2020707872703511,0.19862096879451485,0.19498318550692062,0.19115438356876524,0.18713144977461837,0.18291122323425668,0.17849050742417916,0.1738660826544276,0.16903471892107547,0.16399318897213533,0.1587382813455207,0.15326681322799374,0.14757564310879445,0.14166168325333217,0.1355219120185467,0.12915338600586068,0.12255325205427425,0.1157187591162625,0.10864727005795771,0.10133627340635343,0.09378339508523226,0.08598641017990616,0.07794325474087316,0.06965203762057826,0.06111105232110248,0.05231878883864027,0.04327394555369324,0.03397544125168395,0.02442242728918842,0.014614299848673795,0.004550712252047617,-0.005768412661375066,-0.016342870126024422,-0.027172161061415068,-0.038255479720454844,-0.049591701385715226,-0.061179370125522325,-0.07301668661232696,-0.08510149606296835,-0.09743127642438765,-0.11000312691623293,-0.12281375704358766,-0.1358594762333567,-0.14913618426406572,-0.16263936266435763,-0.1763640672408826,-0.19030492179098957,-0.20445611287092902,-0.21881138542325118,-0.23336403923370597,-0.24810692637124276,-0.26303244980606166,-0.27813256330996694,-0.2933987725481586,-0.3088221371983124,-0.3243932741024551,-0.3401023615961307,-0.3559391450746574,-0.37189294370027426,-0.3879526581560384,-0.40410677950843876,-0.42034339926736664,-0.43665022056094216,-0.4530145702929218,-0.46942341231585516,-0.48586336169340427,-0.5023206999567549,-0.5187813912340147,-0.5352310992749381,-0.55165520537426,-0.5680388270927708,-0.5843668377184628,-0.6006238864060691,-0.6167944188579,-0.6328626985189487,-0.6488128284053118,-0.664628773572737,-0.680294384081364,-0.6957934183916024,-0.7111095672072736,-0.7262264776690373,-0.7411277777464704,-0.7557971008202173,-0.7702181105014958,-0.7843745256007821,-0.7982501451047739,-0.8118288731415788,-0.8250947439582177,-0.8380319467936914,-0.8506248504530163,-0.8628580275377331,-0.8747162784494549,-0.886184655199898,-0.8972484848597659,-0.9078933924644303,-0.9181053233676906,-0.9278705651731798,-0.9371757693506098,-0.946007972462148,-0.9543546167972181,-0.9622035703195522,-0.969543145998081,-0.9763621206463995,-0.9826497533505361,-0.988395803523261,-0.9935905486339038,-0.9982248016026531,-1.0022899276744681,-1.0057778604964156,-1.0086811172182166,-1.0109928125737326,-1.012706671972488,-1.0138170436491265,-1.0143189098790373,-1.014207897217176,-1.013480285735902,-1.0121330172837801,-1.0101637027917434,-1.00757062861895,-1.0043527619280113,-1.0005097551353472,-0.996041949493268,-0.990950377798633,-0.9852367662125161,-0.978903535224326,-0.9719537997807279,-0.9643913685229819,-0.9562207420178623,-0.9474471098224839,-0.93807634618544,-0.928115004221695,-0.917570308545308,-0.9064501465006884,-0.8947630581338331,-0.8825182249070167,-0.8697254571191166,-0.8563951801204936,-0.8425384194469387,-0.8281667848981158,-0.8132924536189492,-0.7979281523168922,-0.7820871386638544,-0.7657831819093488,-0.7490305428035029,-0.7318439528867131,-0.7142385931848239,-0.6962300724012351,-0.6778344046591016,-0.659067986840995,-0.6399475756124744,-0.6204902641755154,-0.6007134588067871,-0.5806348552583174,-0.5602724150519762,-0.5396443417194163,-0.5187690570452972,-0.4976651773374101,-0.47635148978167763,-0.45484692892037515,-0.4331705532508323,-0.4113415219955314,-0.38937907208217837,-0.3673024953222068,-0.3451311158272645,-0.32288426770926293,-0.3005812730535524,-0.27824142018592113,-0.25588394226821265,-0.23352799621598308,-0.21119264199523968,-0.1888968223840024,-0.1666593431259784,-0.14449885335351098,-0.12243382634272137,-0.1004825407288692,-0.07866306213878005,-0.05699322514406191,-0.03549061562327438,-0.014172553700369406,0.006943922750011211,0.02784207420614848,0.048505475314094326,0.0689180302753627,0.08906398756034406,0.10892795386210707,0.12849490739856861,0.14775021072470196,0.1666796232144847,0.18526931331459906,0.20350587049954783,0.2213763167158973,0.23886811715692602,0.2559691903619239,0.2726679177255136,0.2889531524992819,0.30481422834358796,0.3202409674948967,0.33522368859605933,0.3497532141885813,0.363820877865372,0.3774185311065281,0.39053854979927394,0.4031738404044205,0.4153178457240827,0.42696455023494906,0.43810848492982046,0.4487447315708124,0.45886892625331654,0.4684772621924438,0.4775664916565674,0.48613392704790215,0.49417744126774465,0.5016954675409337,0.5086869987654978,0.5151515863579945,0.5210893385260036,0.5265009178525517,0.5313875380312965,0.5357509595654051,0.539593484252741,0.5429179483936508,0.5457277148578754,0.5480266641987797,0.5498191848250258,0.5511101621244023,0.5519049665735309,0.5522094410225691,0.5520298872577172,0.5513730517910034,0.5502461108935037,0.5486566550307259,0.5466126727869351,0.5441225342199871,0.5411949736588824,0.5378390720897812,0.5340642392291883,0.5298801952874825,0.5252969524735889,0.5203247963736501,0.5149742672802802,0.5092561414686756,0.5031814124813749,0.49676127254990377,0.49000709418753985,0.48293041192589214,0.47554290427291335,0.46785637601615093,0.4598827408575872,0.4516340042672624,0.4431222465662117,0.43435960643235205,0.4253582649972003,0.41613043052004883,0.4066883235212302,0.39704416231825235,0.3872101490926312,0.3771984567054716,0.36702121633086193,0.3566905057852594,0.34621833837279326,0.33561665214345027,0.32489729965666214,0.3140720384760556,0.3031525225249254,0.2921502942354053,0.28107677731458125,0.2699432699593842,0.2587609384095657,0.24754081077114876,0.23629377108348137,0.2250305536810231,0.21376173799001208,0.20249774388528863,0.1912488276127462,0.180025078222954,0.16883641447426356,0.15769258212781523,0.14660315152467263,0.13557751537612717,0.12462488672132821,0.1137542969816181,0.10297459403282971,0.09229444025070421,0.08172231051528911,0.07126649015583553,0.06093507280973398,0.05073595816200793,0.040676849527010006,0.030765251261641424,0.021008466019353023,0.011413591846888949,0.001987519128434201,-0.007263072608083121,-0.016331718011663554,-0.025212169359541292,-0.033898400142760465,-0.042384608752250585,-0.050665222213936545,-0.05873489996376691,-0.0665885376638613,-0.0742212710334158,-0.08162847966440978,-0.0888057907783164,-0.09574908286608519,-0.10245448916741395,-0.10891840094154048,-0.11513747048167033,-0.12110861384934424,-0.12682901330418872,-0.13229611939789976,-0.13750765271427667,-0.14246160521246765,-0.14715624107822123,-0.15159009699762294,-0.15576198179881118,-0.15967097538563735,-0.16331642687285353,-0.16669795189478265,-0.16981542921142534,-0.17266899688171833,-0.17525904825952665,-0.17758622792486278,-0.17965142752391472,-0.18145578140769913,-0.1830006619452078,-0.18428767442502192,-0.18531865152896643,-0.18609564748300755,-0.18662093212271458,-0.18689698512142172,-0.1869264905044261,-0.18671233144777943,-0.18625758530880887,-0.18556551881847838,-0.18463958332142028,-0.18348340990123546,-0.18210080426800346,-0.18049574143496727,-0.17867236039295875,-0.17663495904796633,-0.1743879895802749,-0.1719360542461601,-0.16928390156757445,-0.16643642285315963,-0.16339864901638634,-0.1601757476401673,-0.15677302020779393,-0.15319589943189982,-0.14944994664230649,-0.14554084920595045,-0.1414744179634866,-0.13725658466971424,-0.13289339940821776,-0.12839102794634982,-0.12375574898729269,-0.11899395125732326,-0.11411213036102197,-0.10911688532875274,-0.10401491476878277,-0.09881301255558839,-0.09351806301935994,-0.08813703562813657,-0.08267697916976147,-0.0771450154193758,-0.07154833224150536,-0.06589417609266235,-0.060189843927624054,-0.054442674500798205,-0.048660039026195534,-0.042849331165363935,-0.03701795639244665,-0.031173320941228155,-0.025322820626108467,-0.019473829752051586,-0.01363369021445493,-0.007809700820466503,-0.002009106808230854,0.003760910462304423,0.00949324362401427,0.01518086921599604,0.020816857436734892,0.026394381724671234,0.03190672808293016,0.03734730410511844,0.04270964775147945,0.04798743595726762,0.05317449311215938,0.05826479939479867,0.06325249894840113,0.06813190793972268,0.0728975225833608,0.07754402720017595,0.0820663023448347,0.08645943292351177,0.09071871602195358,0.09483966809149535,0.09881803129058397,0.10264977896014926,0.10633112028452985,0.10985850418605025,0.11322862248428578,0.11643841236456609,0.11948505821118971,0.12236599282529426,0.12507889803743666,0.12762170475554768,0.12999259249604478,0.13218998842831553,0.13421256594848074,0.1360592428022045,0.13772917877555813,0.1392217729387042,0.14053666041285595,0.14167370867282614,0.14263301343209633,0.14341489415083686,0.14401988919638598,0.14444875069719387,0.14470243912368375,0.14478211760983584,0.14468914603244087,0.1444250748765512,0.14399163892286282,0.14339075078648023,0.1426244943098567,0.14169511780270483,0.14060502714048795,0.13935677874406593,0.13795307244748045,0.1363967442477616,0.13469075893923588,0.1328382026223025,0.13084227505045476,0.12870628178809795,0.12643362617062337,0.12402780105706057,0.12149238038819732,0.1188310106139383,0.11604740205961406,0.11314532026143809,0.11012857726238678,0.10700102282396529,0.10376653552288673,0.10042901378407976,0.09699236694321911,0.0934605063722529,0.08983733663880145,0.08612674667730147,0.0823326009948957,0.07845873097365796,0.07450892633097794,0.0704869267414665,0.06639641357553216,0.0622410017594035,0.058024231827950246,0.05374956224284233,0.04942036202181299,0.04503990367716426,0.040611356421678124,0.036137779632262834,0.03162211662612435,0.027067188812544885,0.022475690239964763,0.017850182521712554,0.013193090111386141,0.008506695897800398,0.0037931371638464384,-0.0009455978632075812,-0.00570767256413518,-0.010491403410291866,-0.015295260337040872,-0.02011786601178045,-0.024957994029200847,-0.029814566074776394,-0.03468664808484334,-0.039573445432814935,-0.044474297179540656,-0.04938866942725184,-0.05431614781110028,-0.05925642915340745,-0.06420931230771032,-0.06917468823166928,-0.07415252932682392,-0.07914287807437859,-0.08414583503025597,-0.08916154631076978,-0.09419019071366819,-0.09923196655567068,-0.10428707825891337,-0.10935572271809235,-0.11443807547693297,-0.11953427672485617,-0.1246444171288772,-0.12976852354060497,-0.13490654466023244,-0.14005833678604063,-0.14522364977181468,-0.15040211326377317,-0.155593223255579,-0.16079632898777163,-0.16601062021990742,-0.1712351149474216,-0.1764686476760886,-0.18170985833778275,-0.1869571818819864,-0.1922088385561196,-0.19746282486964617,-0.202716905219404,-0.2079686041532156,-0.21321519927321475,-0.21845371482890386,-0.22368091609870788,-0.22889330466591673,-0.23408711464678333,-0.2392583098834251,-0.2444025821251543,-0.24951535023979687,-0.25459176048299526,-0.2596266878296163,-0.2646147383478663,-0.26955025259333354,-0.2744273100285568,-0.27923973451944306,-0.28398110100851426,-0.2886447434759063,-0.2932237642711897,-0.2977110448888425,-0.30209925827034567,-0.30638088265327923,-0.31054821678217337,-0.31459339615278026,-0.31850841007887,-0.32228511956391515,-0.32591527605257653,-0.3293905411597109,-0.33270250738561913,-0.3358427196020699,-0.3388026969761526,-0.34157395514929334,-0.34414802868720784,-0.34651649389640937,-0.34867099210272556,-0.3506032533719434,-0.35230512044322637,-0.35376857258933114,-0.3549857492892414,-0.35594897376418544,-0.35665077646696375,-0.35708391857373556,-0.3572414154688488,-0.3571165602100024,-0.3567029469361387,-0.3559944940379083,-0.3549854668015513,-0.3536704992846822,-0.3520446152814358,-0.3501032483196198,-0.34784226070653546,-0.34525796167964273,-0.3423471246941432,-0.3391070038042585,-0.33553534905958315,-0.3316304208907468,-0.32739100350650574,-0.3228164173065693,-0.31790653025509386,-0.3126617681132018,-0.3070831234456506,-0.30117216335719377,-0.29493103592314895,-0.28836247526707126,-0.28146980520548226,-0.2742569413642215,-0.2667283917353771,-0.25888925573570276,-0.25074522185742865,-0.24230256396899819,-0.233568136301038,-0.22454936716528096,-0.21525425144540122,-0.2056913418453945,-0.19586973882097425,-0.18579907908645055,-0.175489522575198,-0.164951737716855,-0.1541968849387274,-0.14323659847941883,-0.1320829667690333,-0.12074851155059463,-0.10924616569514001,-0.09758924959419346,-0.08579144618467183,-0.07386677484637971,-0.06182956437610443,-0.049694425122503105,-0.03747622039976761,-0.02519003739480752,-0.012851157719737216,-0.00047502757076500757,0.011922772569185724,0.02432655851291088,0.0367205729281892,0.04908901574776792,0.06141607447892028,0.073685954329747,0.08588290787526631,0.09799126405896175,0.10999545655742793,0.12188005161482351,0.13362977529568099,0.14522953991532006,0.15666446940804235,0.16791992354716,0.17898152107006382,0.18983516183473625,0.2004670481301929,0.21086370521769027,0.22101200115416475,0.2308991658475108,0.24051280911442774,0.24984093749601755,0.2588719697440567,0.26759475100660524,0.27599856578093807,0.284073149712853,0.29180870028725536,0.2991958864204918,0.3062258569756864,0.3128902482362079,0.31918119038273574,0.3250913130507982,0.33061375005885196,0.3357421433693091,0.34047064633036683,0.34479392627036987,0.34870716652300615,0.3522060679158514,0.3552868497160162,0.35794625005033964,0.36018152585177887,0.3619904523690849,0.36337132222421076,0.364322943969853,0.3648446401304284,0.3649362447577644,0.3645981005425156,0.3638310554805315,0.36263645902981523,0.3610161576904787,0.3589724899878419,0.35650828085615416,0.35362683542027895,0.35033193218269787,0.34662781561308975,0.34251918811651194,0.33801120133941964,0.3331094467554152,0.3278199454730668,0.3221491372191636,0.31610386844794647,0.30969137953121617,0.3029192910685836,0.2957955895321476,0.28832861255499154,0.2805270340531152,0.2723998491773614,0.26395635898653325,0.25520615470377095,0.2461591014588933,0.23682532149528868,0.22721517681922165,0.21733925120680908,0.20720833147675677,0.19683338802765604,0.18622555480948932,0.17539610903855163,0.1643564509384703,0.1531180836349364,0.14169259318425276,0.13009162866522672,0.11832688228062693,0.1064100694165262,0.09435290860753298,0.0821671013762284,0.06986431200909493,0.057456147543106795,0.0449541383422698,0.032369719463368085,0.019714212809766707,0.006998810038794545,-0.0057654438031988775,-0.018567665955913526,-0.0313971509801263,-0.044243385199820295,-0.05709606058235295,-0.06994508809152222,-0.08278061055611374,-0.09559301507563589,-0.10837294497832062,-0.12111131132190422,-0.1337993038095604,-0.14642840089187104,-0.15899037887042056,-0.1714773199223174,-0.18388161904361766,-0.19619598997498855,-0.20841347017176304,-0.22052742482017607,-0.23253154989365754,-0.24441987428671297,-0.2561867610731099,-0.2678269078953406,-0.27933534647041114,-0.2907074412196806,-0.3019388870533106,-0.3130257063632129,-0.3239642453011058,-0.33475116937867,-0.3453834583390858,-0.35585840022333315,-0.36617358461973026,-0.3763268951294165,-0.38631650106558624,-0.3961408484102833,-0.40579865007304505,-0.4152888754844639,-0.4246107395539056,-0.4337636910343008,-0.4427474003299068,-0.45156174676895944,-0.460206805367001,-0.46868283311061276,-0.47699025479517587,-0.4851296484512986,-0.4931017303677976,-0.5009073396819232,-0.5085474224953046,-0.5160230154826948,-0.5233352289798177,-0.5304852296012683,-0.5374742225080809,-0.5443034334017511,-0.5509740902412901,-0.5574874047071603,-0.5638445535056107,-0.5700466595897637,-0.5760947733184167,-0.5819898535956938,-0.5877327490873441,-0.5933241795972037,-0.5987647176612043,-0.6040547704351766,-0.6091945619692183,-0.6141841159357853,-0.6190232388532948,-0.623711503878333,-0.628248235273297,-0.6326324936360308,-0.6368630619637017,-0.6409384326552114,-0.6448567955636264,-0.6486160271591643,-0.6522136808323751,-0.6556469784068568,-0.6589128029877713,-0.6620076932905405,-0.6649278395511615,-0.6676690810613337,-0.670226905380801,-0.6725964493289354,-0.6747725018979267,-0.6767495092139697,-0.6785215815042775,-0.6800825017998093,-0.6814257360945959,-0.682544444882204,-0.6834314961398036,-0.6840794798596619,-0.6844807242144952,-0.6846273134157528,-0.6845111072238268,-0.6841237618708433,-0.6834567520664478,-0.6825013939263727,-0.6812488688716911,-0.6796902485900986,-0.6778165210974834,-0.67561861782454,-0.6730874415017283,-0.6702138945993781,-0.6669889082466227,-0.6634034717027006,-0.659448662481168,-0.6551156771712883,-0.6503958628431619,-0.6452807487303858,-0.6397620778783306,-0.6338318386205373,-0.627482295847166,-0.6207060220464484,-0.6134959281550749,-0.6058452942840802,-0.5977478003396826,-0.5891975564910439,-0.580189133350892,-0.5707175916175231,-0.5607785108821233,-0.5503680173912855,-0.5394828106661862,-0.5281201889368674,-0.5162780733877526,-0.5039550312257646,-0.4911502975558477,-0.4778637960082861,-0.4640961580176892,-0.44984874063975866,-0.4351236428377092,-0.41992372020075663,-0.40425259805042657,-0.3881146828961093,-0.3715151722254646,-0.3544600626207455,-0.33695615617055097,-0.3190110651381346,-0.3006332148705724,-0.2818318449489112,-0.2626170085886841,-0.24299957030886077,-0.22299120187921062,-0.20260437655103658,-0.1818523615715364,-0.16074920893888844,-0.13930974431271892,-0.11754955396541078,-0.09548496960704256,-0.07313305090895739,-0.05051156560626424,-0.027638967108046586,-0.004534369658671267,0.018782478742437547,0.0422912254823089,0.06597094454676977,0.08980016982221173,0.11375693031884282,0.1378187871275216,0.16196287207609572,0.18616592803276433,0.21040435066515784,0.23465423147935383,0.2588914020273023,0.28309147912018773,0.3072299108712997,0.3312820234544489,0.355223068438562,0.37902827052247545,0.4026728755578475,0.4261321987517732,0.44938167288139397,0.47239689638294635,0.49515368117968706,0.5176281000652949,0.5397965335223773,0.5616357158866734,0.5831227807039951,0.6042353051390421,0.6249513533105286,0.6452495184133227,0.6651089635579837,0.6845094612639215,0.7034314314198653,0.7218559775334441,0.7397649212457864,0.7571408350909579,0.7739670733618169,0.7902278009851145,0.8059080204745612,0.8209935970290445,0.8354712816469316,0.8493287320558167,0.8625545314282235,0.8751382050178407,0.8870702348095207,0.8983420720612756,0.9089461474597016,0.9188758787008311,0.9281256755022937,0.9366909421671465,0.9445680778710042,0.9517544748541127,0.9582485146475648,0.964049562388567,0.9691579592488893,0.9735750130202234,0.9773029869385326,0.9803450868361097,0.9827054466753111,0.9843891124938082,0.9854020248019637,0.98575099946666,0.9854437070888906,0.9844886508838684,0.9828951430732289,0.9806732797806745,0.9778339144133739,0.9743886294969926,0.9703497069105396,0.9657300964706081,0.960543382877411,0.9548037512161898,0.9485259513584836,0.9417252615083669,0.9344174509325853,0.9266187418051857,0.9183457701038549,0.9096155456448969,0.9004454115186178,0.8908530031603732,0.8808562071212123,0.8704731195381612,0.8597220044472991,0.8486212522004735,0.837189338116076,0.8254447813567793,0.8134061041508147,0.8010917916016425,0.7885202522087695,0.7757097791087944,0.7626785121680939,0.7494444011543706,0.7360251700667817,0.7224382825788283,0.7087009086904743,0.694829892852745,0.6808417237110262,0.6667525053989607,0.6525779303374932,0.6383332536727693,0.6240332695171773,0.6096922890074126,0.5953241200999031,0.5809420491034274,0.566558824112775,0.5521866405599738,0.5378371289474586,0.5235213446342755,0.5092497594745566,0.4950322551196109,0.4808781177994632,0.46679603443323714,0.4527940900823211,0.4388797669672613,0.4250599452709878,0.41134090578969307,0.3977283344039364,0.38422732832019335,0.3708424040067797,0.35757750671518806,0.34443602142013674,0.33142078500947036,0.31853409962955226,0.3057777471201959,0.293153004435986,0.2806606599272996,0.26830103036837727,0.25607397865133663,0.2439789320892629,0.23201490125739355,0.22018049926924732,0.20847396140475638,0.19689316504111076,0.18543564981784044,0.1740986379628282,0.1628790547350718,0.1517735489410441,0.14077851346511494,0.12989010576897897,0.11910426834978693,0.10841674912968102,0.0978231217034633,0.08731880540910453,0.07689908524012168,0.06655913157971582,0.056294019727893385,0.046098749291779484,0.03596826353858518,0.025897468714475735,0.01588125326733092,0.00591450693644191,-0.004007860313976153,-0.013890899592460926,-0.02373960469826386,-0.03355889407674795,-0.04335359306714537,-0.053128416392048905,-0.06288795087755972,-0.07263663844659618,-0.08237875942644024,-0.09211841616143346,-0.10185951688254136,-0.11160575980876075,-0.12136061758346273,-0.13112732226633028,-0.1409088510839993,-0.15070791308006193,-0.16052693676366658,-0.17036805877972938,-0.18023311354467353,-0.1901236237854249,-0.20004079194795565,-0.20998549245321385,-0.2199582647796774,-0.2299593073318178,-0.23998847204171625,-0.25004525967294455,-0.26012881581868896,-0.2702379275908271,-0.2803710209848518,-0.29052615890329747,-0.3007010398400709,-0.31089299722591335,-0.3210989994269653,-0.33131565040395117,-0.34153919106233843,-0.3517655013289769,-0.3619901029822543,-0.3722081632679348,-0.382414499327723,-0.39260358344151314,-0.4027695490857113,-0.4129061978153672,-0.42300700696854676,-0.43306513821022463,-0.44307344696576223,-0.4530244928154872,-0.4629105509337066,-0.47272362465621853,-0.482455459257352,-0.49209755701850355,-0.5016411936525245,-0.5110774360270582,-0.5203971609387352,-0.5295910746719699,-0.538649733273779,-0.547563563648616,-0.5563228856141436,-0.5649179349948028,-0.5733388876508059,-0.5815758841260816,-0.5896190545786553,-0.5974585438729036,-0.6050845369252187,-0.6124872844117704,-0.6196571287658728,-0.6265845301549646,-0.6332600920880722,-0.6396745865109636,-0.6458189784425556,-0.6516844502380224,-0.6572624255130037,-0.662544592714589,-0.6675229282313211,-0.6721897187773394,-0.6765375827296225,-0.6805594902042031,-0.6842487818046905,-0.6875991860762909,-0.6906048356959928,-0.6932602823616847,-0.6955605103545466,-0.6975009488294432,-0.6990774828684039,-0.700286463234896,-0.7011247147777624,-0.7015895435344603,-0.7016787425936073,-0.7013905967075758,-0.7007238856557905,-0.6996778864291073,-0.698252374308403,-0.6964476228654632,-0.6942644029031797,-0.6917039803868619,-0.6887681134524826,-0.6854590485501362,-0.6817795156760553,-0.6777327225702834,-0.6733223477775994,-0.6685525325043145,-0.6634278712033108,-0.6579534008584531,-0.6521345890855486,-0.645977321334442,-0.6394878874497962,-0.6326729676297447,-0.6255396176597898,-0.6180952533350421,-0.6103476341869509,-0.6023048468096945,-0.5939752880206868,-0.5853676478694823,-0.576490892379816,-0.5673542459816545,-0.5579671738014866,-0.5483393640935859,-0.5384807109696865,-0.5284012973971812,-0.5181113783427307,-0.5076213639664502,-0.4969418029607269,-0.48608336630228166,-0.4750568315976409,-0.46387306798810357,-0.45254302148845227,-0.44107770062571916,-0.42948816231202613,-0.417785498093842,-0.4059808210400959,-0.39408525338252787,-0.3821099148259606,-0.3700659113841098,-0.3579643245823547,-0.34581620090030896,-0.33363254149458044,-0.32142429244017023,-0.3092023357124205,-0.29697748092059584,-0.2847604576549969,-0.27256190829405824,-0.2603923811251221,-0.24826232365198564,-0.23618207607084685,-0.2241618650960291,-0.21221179842270033,-0.2003418599832969,-0.18856190595807476,-0.17688166143260275,-0.16531071760373806,-0.1538585294340109,-0.1425344136425224,-0.1313475469119325,-0.12030696420007558,-0.10942155709899026,-0.09870007228683164,-0.08815111018634525,-0.07778312390049535,-0.06760441842152431,-0.05762315008755792,-0.04784732622478316,-0.03828480485981345,-0.028943294416812648,-0.019830353385650312,-0.01095338993908257,-0.002319661423534569,0.0060637263392848695,0.014189819951909044,0.022051819561852426,0.029643080263348054,0.03695711381992339,0.043987590710962365,0.050728342523818526,0.05717336471757051,0.06331681975805026,0.06915304062832917,0.07467653471952929,0.0798819880909889,0.08476427009970422,0.0893184384139758,0.09353974440259094,0.09742363887423977,0.10096577816342744,0.10416203055255124,0.10700848298932186,0.10950144807613782,0.1116374713329904,0.11341333871095571,0.11482608430938512,0.11587299826715025,0.11655163482236475,0.11685982050710209,0.11679566240159289,0.116357556406399,0.11554419555326945,0.114354578360512,0.11278801716854048,0.11084414635903528,0.10852293039098271,0.10582467164180542,0.10275001808854967,0.0992999708525204,0.09547589155977221,0.09127950941231688,0.08671292784944029,0.08177863070093139,0.07647948777380265,0.0708187598290877,0.0648001029036962,0.05842757193292414,0.0517056236449136,0.044639118799828736,0.037233324014508185,0.029493913438969344,0.02142697039533914,0.013038988955841546,0.0043368753988133335,-0.004672050517093851,-0.013980054516004259,-0.023578987052914613,-0.03346028286899383,-0.043614960872311315,-0.054033624402578084,-0.0647064619762574,-0.0756232486244528,-0.0867733479563455,-0.09814571511076764,-0.10972890076517672,-0.1215110563070283,-0.13347994020608667,-0.1456229256557222,-0.15792700960984973,-0.1703788232705108,-0.18296464386826727,-0.19567040744375674,-0.20848172243051266,-0.2213838839940081,-0.23436188918343248,-0.24740045302372238,-0.2604840256827643,-0.2735968108150786,-0.28672278518655503,-0.29984571971669993,-0.3129492020222173,-0.3260166603648287,-0.33903138873843375,-0.35197657285743134,-0.3648353170012868,-0.3775906718174227,-0.3902256631549932,-0.40272332182875914,-0.4150667140529549,-0.4272389723265988,-0.4392233267459389,-0.4510031367809191,-0.46256192337780533,-0.47388340110897786,-0.48495151020338767,-0.49575044846525884,-0.5062647030753311,-0.5164790821050431,-0.5263787454794127,-0.5359492352279673,-0.5451765050517992,-0.554046949299206,-0.5625474312695928,-0.570665310539745,-0.5783884690487398,-0.5857053359097932,-0.5926049110285945,-0.5990767875815024,-0.6051111734063213,-0.6106989114084627,-0.6158314990727902,-0.6205011069783382,-0.6247005959810323,-0.6284235327613104,-0.6316642036739424,-0.6344176269728052,-0.6366795634694284,-0.6384465256700338,-0.6397157854668905,-0.6404853804724837,-0.6407541190403023,-0.6405215839760174,-0.6397881349600496,-0.6385549097292795,-0.6368238240786184,-0.6345975707389258,-0.6318796171726433,-0.6286742023315739,-0.624986332433835,-0.6208217758302794,-0.6161870570299897,-0.6110894499050445,-0.6055369700454918,-0.5995383662281526,-0.5931031109275224,-0.5862413897485368,-0.5789640896464476,-0.5712827857821381,-0.5632097268681875,-0.5547578189482891,-0.5459406077199205,-0.5367722596607791,-0.527267542185271,-0.5174418028995049,-0.5073109479064257,-0.49689141903477463,-0.4862001698507399,-0.4752546404455842,-0.46407273120392745,-0.45267277580973087,-0.441073513580001,-0.4292940610400606,-0.4173538826168084,-0.405272760467021,-0.3930707636540305,-0.38076821689899276,-0.36838566896540925,-0.355943860578968,-0.34346369176771674,-0.3309661886747506,-0.31847247009531543,-0.306003713963392,-0.29358112381058277,-0.28122589507990625,-0.26895918119422646,-0.2568020594528946,-0.24477549701142465,-0.23290031717581883,-0.22119716606074036,-0.2096864795096991,-0.19838845014691486,-0.18732299454479318,-0.17650972070621407,-0.16596789616943397,-0.1557164169084544,-0.1457737770161458,-0.13615803908233914,-0.12688680516451,-0.11797718826168335,-0.10944578424376061,-0.10130864429280706,-0.09358124809423174,-0.08627847809290756,-0.07941459499558334,-0.07300321452855485,-0.06705728539247247,-0.06158906835482014,-0.056610116441198954,-0.05213125619250292,-0.048162569917259646,-0.044713378864805975,-0.041792227325345266,-0.03940686775397495,-0.03756424707577111,-0.03627049434037133,-0.0355309098403751,-0.0353499557260335,-0.03573124809795303,-0.036677550540737514,-0.038190769031025695,-0.040271948141388236,-0.042921268498552934,-0.046138045477171374,-0.04992072909873002,-0.05426690511097121,-0.059173297238871214,-0.0646357705731333,-0.07064933601515122,-0.07720815569981454,-0.08430554937145018,-0.09193400174937949,-0.1000851709351096,-0.10874989786648115,-0.11791821679079106,-0.12757936674445602,-0.13772180403139345,-0.14833321569008717,-0.15940053395076603,-0.17090995169167655,-0.18284693891116177,-0.1951962602288475,-0.20794199341585795,-0.22106754894634406,-0.23455569055234804,-0.2483885567627695,-0.2625476834344411,-0.277014027305988,-0.29176799061764314,-0.30678944686238196,-0.32205776775219874,-0.3375518514877882,-0.3532501524164431,-0.3691307120868217,-0.3851711915139333,-0.40134890434526227,-0.4176408507355234,-0.43402375193753073,-0.4504740857110505,-0.46696812259340703,-0.4834819628810152,-0.49999157404892003,-0.5164728284628524,-0.5329015414316345,-0.549253509659394,-0.5655045499805667,-0.5816305381222193,-0.5976074473419786,-0.6134113869801112,-0.6290186409595506,-0.6444057060882358,-0.6595493299497335,-0.6744265483179603,-0.6890147221287748,-0.703291573911919,-0.7172352234641508,-0.7308242226534389,-0.7440375894124855,-0.7568548409279501,-0.7692560258410168,-0.7812217552435357,-0.7927332324402627,-0.8037722816313533,-0.814321375628758,-0.8243636624820994,-0.8338829907690055,-0.8428639334617003,-0.851291810476468,-0.8591527100437872,-0.8664335089045636,-0.8731218911283207,-0.8792063652825846,-0.8846762798511918,-0.8895218369890188,-0.8937341047614211,-0.8973050280074091,-0.9002274379533333,-0.9024950606873858,-0.9041025245193808,-0.905045366091457,-0.9053200350398356,-0.9049238971337914,-0.9038552359677965,-0.9021132533216942,-0.8996980682937377,-0.8966107152878493,-0.8928531408982394,-0.8884281997113419,-0.8833396490208827,-0.8775921424320003,-0.8711912223517118,-0.8641433114092791,-0.8564557028646931,-0.8481365500402092,-0.8391948547939734,-0.8296404550593834,-0.8194840114614337,-0.8087369929990871,-0.7974116617943849,-0.7855210569223487,-0.7730789772991074,-0.7600999635845298,-0.7465992790927487,-0.7325928897388039,-0.7180974430525353,-0.7031302462705611,-0.687709243461839,-0.6718529915946618,-0.6555806354470519,-0.6389118812640291,-0.621866969060008,-0.6044666434741828,-0.5867321231131939,-0.5686850684058413,-0.5503475481678706,-0.5317420051523527,-0.5128912207122767,-0.4938182785197256,-0.4745465272808218,-0.45509954255508944,-0.435501087936899,-0.41577507578715256,-0.39594552752731715,-0.3760365334844167,-0.3560722124306821,-0.33607667106469563,-0.3160739635623173,-0.2960880511938839,-0.27614276211933486,-0.2562617516172452,-0.23646846289391732,-0.21678608848612413,-0.19723753237472863,-0.1778453730376981,-0.15863182755747118,-0.1396187167593581,-0.12082743142605068,-0.1022788997878834,-0.0839935564640939,-0.06599131282801807,-0.048291528721136956,-0.030912985653444025,-0.01387386172913807,0.0028082916524923007,0.019116571446858188,0.03503474305002641,0.05054725872630428,0.06563927415892579,0.08029666300270577,0.09450602951952192,0.1082547194814083,0.12153082953654604,0.13432321519105273,0.14662149741687358,0.1584160677005002,0.16969809130869606,0.18045950870592975,0.1906930352074525,0.20039215899560503,0.2095511376612933,0.21816499348009444,0.2262295076180436,0.23374121339160325,0.24069738868532653,0.2470960476469486,0.2529359316860109,0.2582164996241758,0.2629379168315893,0.26710104334332385,0.27070742104044854,0.27375925997711903,0.27625942395281555,0.27821141542644057,0.27961935983800146,0.28048798942275255,0.2808226266210312,0.28062916715726516,0.27991406284287024,0.27868430415624346,0.2769474026448364,0.2747113732005033,0.271984716269003,0.2687764000438335,0.2650958426769279,0.2609528945424273,0.25635782060755474,0.25132128295123835,0.24585432344102998,0.2399683465760276,0.23367510251260626,0.22698667028377173,0.219915441214944,0.2124741025408241,0.20467562123055671,0.19653322802400908,0.18806040167795146,0.17927085341015214,0.17017851151872065,0.16079750615424615,0.1511421542121525,0.1412269442921641,0.13106652166950283,0.12067567323330053,0.11006931236319417,0.09926246373024128,0.08827024801678363,0.07710786653809265,0.06579058570518015,0.054333721236126564,0.042752622011491326,0.03106265345165582,0.01927918030012421,0.00741754870720257,-0.004506932484737547,-0.016479011206762095,-0.02848351210586486,-0.04050535670018718,-0.05252958371409022,-0.06454136968786628,-0.07652604992692602,-0.08846913978404558,-0.1003563561407077,-0.11217363886419918,-0.1239071720975744,-0.13554340539253928,-0.14706907472324815,-0.1584712232586014,-0.16973722165894145,-0.18085478780071185,-0.19181200601939707,-0.2025973459521282,-0.2131996808582528,-0.22360830511667018,-0.2338129506761888,-0.2438038024586362,-0.2535715128467402,-0.2631072153649541,-0.27240253747750387,-0.28144961226092136,-0.2902410887742519,-0.2987701411267736,-0.30703047633988945,-0.315016341095685,-0.32272252732833095,-0.33014437639808847,-0.3372777815450121,-0.3441191885305983,-0.350665594575716,-0.3569145457195333,-0.36286413269201034,-0.36851298542946864,-0.37386026637933156,-0.37890566270422,-0.3836493774916576,-0.3880921200433747,-0.3922350951823006,-0.39607999141068717,-0.3996289678079492,-0.402884639689006,-0.4058500631237436,-0.40852871843245,-0.41092449276569454,-0.4130416618640993,-0.41488487108026817,-0.41645911575373873,-0.4177697210381339,-0.41882232126769736,-0.4196228389455001,-0.4201774634418385,-0.4204926294830713,-0.4205749955046443,-0.4204314219444498,-0.4200689495467458,-0.4194947777400486,-0.41871624315668754,-0.4177407983596666,-0.41657599083673347,-0.41522944231656567,-0.41370882846393897,-0.41202185902029953,-0.4101762584411759,-0.4081797470641675,-0.4060400228480887,-0.4037647437270735,-0.40136151062748127,-0.3988378511960704,-0.39620120427793637,-0.3934589051877495,-0.3906181718013997,-0.3876860914723821,-0.384669608800003,-0.38157551428847114,-0.37841043392108276,-0.37518081966844363,-0.37189294094925174,-0.3685528770431503,-0.3651665104201811,-0.36173952095023765,-0.358277381004271,-0.35478535149295,-0.3512684788707858,-0.3477315930743359,-0.3441793063138334,-0.3406160126411706,-0.3370458882510192,-0.3334728924861423,-0.3299007694961418,-0.3263330504886781,-0.3227730565219602,-0.31922390179740745,-0.3156884974285461,-0.312169555664795,-0.30866959451408604,-0.3051909426758286,-0.3017357447025333,-0.2983059663143237,-0.294903399782946,-0.2915296693218181,-0.2881862364490928,-0.28487440528950003,-0.28159532777981156,-0.2783500087519073,-0.2751393108314062,-0.27196395904346105,-0.2688245451303999,-0.2657215318451449,-0.2626552575488148,-0.2596259412202997,-0.2566336878138671,-0.253678493892032,-0.2507602534487745,-0.24787876379790674,-0.24503373141014606,-0.242224777600903,-0.23945144395838014,-0.2367131974619454,-0.23400943542585395,-0.2313394905472208,-0.22870263628225018,-0.22609809260224978,-0.2235250320599178,-0.2209825860765946,-0.21846985137553077,-0.21598589647308586,-0.21352976812631397,-0.21110049765653827,-0.20869710707262357,-0.2063186148931777,-0.2039640415777697,-0.201632414522237,-0.19932277265338882,-0.1970341707967549,-0.19476568406797412,-0.19251641242639295,-0.1902854853696141,-0.1880720666988509,-0.18587535929798804,-0.18369460990055586,-0.18152911384553505,-0.17937821978445356,-0.17724133424919586,-0.17511792601698062,-0.17300753027072346,-0.17090975256955687,-0.16882427261519695,-0.1667508477401114,-0.16468931600742565,-0.16263959886353518,-0.16060170334239388,-0.15857572382580543,-0.1565618433669158,-0.15456033459260254,-0.15257156021003482,-0.15059597313074846,-0.1486341161652902,-0.14668662118792497,-0.14475420768724945,-0.14283768066547964,-0.1409379278761449,-0.13905591639525738,-0.13719268851330213,-0.1353493569336024,-0.13352709932481588,-0.1317271524334913,-0.12995080608725829,-0.12819939733097385,-0.1264743047572594,-0.12477694301876596,-0.12310875750909389,-0.12147121920229864,-0.1198658196576261,-0.11829406619597904,-0.11675747721243823,-0.11525757758558797,-0.11379589419627933,-0.11237395156834395,-0.11099326760567862,-0.10965534940678623,-0.10836168914887168,-0.10711376002618067,-0.10591301223853833,-0.10476086902927761,-0.10365872276197052,-0.10260793102220589,-0.10160981272756686,-0.10066564422613311,-0.09977665535726743,-0.09894402544582448,-0.098168879218683,-0.09745228264046091,-0.09679523865197837,-0.0961986828064667,-0.09566347882356041,-0.09519041407199325,-0.09478019497863244,-0.0944334423837887,-0.09415068687090411,-0.09393236408210726,-0.09377881004364497,-0.09369025654308416,-0.09366682658496472,-0.09370852992852008,-0.09381525870894336,-0.09398678314935438,-0.09422274736476766,-0.0945226652547504,-0.09488591650365663,-0.09531174276525434,-0.09579924415179164,-0.09634737613263411,-0.09695494689699302,-0.0976206152032475,-0.09834288877028996,-0.09912012331381703,-0.09995052222861744,-0.10083213668703195,-0.1017628658254921,-0.10274045684238331,-0.10376250505194662,-0.10482645402066737,-0.10592959586649897,-0.10706907176508196,-0.10824187274059227,-0.10944484088366835,-0.11067467116195218,-0.11192791393857959,-0.1132009782329888,-0.1144901356422352,-0.1157915247075465,-0.11710115550945233,-0.11841491441214913,-0.11972856898412232,-0.1210377731511656,-0.12233807265072016,-0.12362491089915295,-0.12489363544833765,-0.12613950516711014,-0.12735769806268848,-0.12854331943573527,-0.12969141008484542,-0.13079695447192563,-0.13185488889651964,-0.1328601097934765,-0.1338074823392077,-0.134691849558763,-0.13550804206074218,-0.13625088844021604,-0.13691522622365682,-0.13749591305218445,-0.1379878378274242,-0.1383859317246845,-0.13868517911300415,-0.13888062850104177,-0.13896740367916038,-0.13894071522705786,-0.1387958725099523,-0.138528296146319,-0.138133530702639,-0.1376072572856586,-0.13694530585393494,-0.1361436672419316,-0.13519850495033126,-0.1341061667611001,-0.13286319623634313,-0.13146634415790714,-0.12991257995064842,-0.1281991030849028,-0.12632335431440112,-0.12428302647074219,-0.12207607458062597,-0.11970072522486674,-0.11715548513734575,-0.11443914904917563,-0.11155080678916818,-0.10848984965812036,-0.10525597607985304,-0.10184919652716218,-0.09826983774116371,-0.09451854627162248,-0.09059629136456238,-0.08650436722618338,-0.08224439469387335,-0.07781832234437047,-0.0732284270637038,-0.06847731410307034,-0.06356791663573347,-0.058503494811965595,-0.053287634296943054,-0.047924244275492356,-0.04241755491305099,-0.036772114274967294,-0.030992784725910383,-0.025084738843979437,-0.019053454872356212,-0.012904711702724114,-0.006644583352340305,-0.0002794328471296126,0.00618409465072034,0.012739079670971876,0.019378337385596467,0.026094427785480434,0.03287966708386847,0.03972614016644371,0.04662571384220371,0.0535700508365764,0.060550624666007025,0.06755873552238967,0.07458552710748023,0.08162200416489895,0.08865905049503908,0.09568744747593172,0.10269789325403877,0.10968102263507262,0.11662742747660104,0.1235276773678109,0.13037234055633462,0.13715200515158443,0.1438573004708843,0.150478918255466,0.15700763362166015,0.16343432584120876,0.16974999904999777,0.17594580277158656,0.18201305199708173,0.1879432466689579,0.1937280906012333,0.19935950990780782,0.20482967085460757,0.21013099685700354,0.2152561843613796,0.22019821754724944,0.22495038192515437,0.2295062769288947,0.23385982759297974,0.23800529540147153,0.24193728833074601,0.24565076994377222,0.2491410672775416,0.25240387733615677,0.25543527215376116,0.25823170246868443,0.26079000006648556,0.2631073788744587,0.26518143490967816,0.2670101451661253,0.2685918655246766,0.2699253277746081,0.27100963581211346,0.27184426107266546,0.2724290372728646,0.2727641545285593,0.27285015287600345,0.27268791522461555,0.2722786597926614,0.2716239320545597,0.2707255961997035,0.26958582610453163,0.2682070958532634,0.2665921698800702,0.2647440928007754,0.2626661789530118,0.2603620016144532,0.25783538186477273,0.2550903770705517,0.2521312689655062,0.2489625512771454,0.24558891683438588,0.2420152440869714,0.23824658297557022,0.23428814011267463,0.23014526331905927,0.22582342573877412,0.2213282098579441,0.21666529162568082,0.21184042468959774,0.20685942467398633,0.20172815340263384,0.19645250297863726,0.191038379656284,0.1854916874474526,0.17981831150483885,0.17402410158195636,0.1681148560087422,0.1620963064522769,0.15597410348913598,0.14975380290964324,0.14344085266476725,0.13704058037465927,0.13055818131628882,0.12399870681591807,0.11736705301948547,0.11066795014458819,0.10390595249717194,0.09708542957321953,0.0902105584084083,0.08328531718520793,0.07631348005720895,0.06929861314347363,0.062244071658483335,0.055152998153758404,0.048028321829093557,0.040872758874527904,0.03368881381795319,0.026478781852325994,0.01924475212719301,0.011988611963737128,0.004712051900611414,-0.0025834285265986523,-0.0098965143490517,-0.017226068145532736,-0.024571122515261834,-0.031930872114926956,-0.039304665329638055,-0.0466919956522176,-0.05409249284971196,-0.06150591395609695,-0.06893213407551713,-0.07637113701727571,-0.08382300584764124,-0.09128791342151032,-0.09876611291001325,-0.1062579283251921,-0.11376374503454656,-0.1212840002608857,-0.12881917354107486,-0.13636977704351239,-0.14393634561240276,-0.15151942645842809,-0.15911956850895592,-0.16673731160793892,-0.1743731759189231,-0.18202765179786695,-0.18970119016655218,-0.1973941933237242,-0.20510700617730748,-0.21283990788473517,-0.22059310381309416,-0.22836671767962713,-0.2361607837688311,-0.2439752392000969,-0.25180991625244076,-0.259664534705486,-0.2675386941090636,-0.2754318659506012,-0.28334338582708085,-0.29127244579611045,-0.29921808701306674,-0.30717919266272276,-0.3151544811610947,-0.3231424996230956,-0.3311416175902835,-0.33915002097401015,-0.3471657061542288,-0.35518647419469573,-0.3632099251513523,-0.3712334524715146,-0.37925423751873666,-0.3872692442891932,-0.3952752143815985,-0.40326866224396696,-0.41124587068242136,-0.41920288662002747,-0.4271355171115445,-0.43503932564013326,-0.4429096287956753,-0.4507414934929841,-0.45852973486775284,-0.46626891497771084,-0.47395334247845256,-0.4815770734503033,-0.4891339134593977,-0.4966174207621066,-0.5040209104514304,-0.5113374594445474,-0.5185599124192279,-0.5256808888592417,-0.5326927912015407,-0.5395878139254506,-0.5463579534997294,-0.5529950192769206,-0.559490645409987,-0.5658363036948444,-0.5720233172175924,-0.5780428748229056,-0.5838860464081677,-0.5895437989147396,-0.5950070129411529,-0.6002665000092762,-0.6053130204248234,-0.6101373016229985,-0.6147300569911991,-0.6190820051405552,-0.6231838895043111,-0.6270264982141001,-0.6306006842601874,-0.633897385844115,-0.6369076468273889,-0.6396226372692766,-0.642033673985928,-0.6441322410058845,-0.6459100099230142,-0.6473588601669391,-0.6484708990685917,-0.6492384816205004,-0.6496542299422501,-0.649711052409728,-0.6494021622980597,-0.6487210958299627,-0.6476617296792142,-0.6462182980896287,-0.6443854096915373,-0.6421580638565061,-0.6395316663039807,-0.636502043803155,-0.6330654579988391,-0.6292186185018878,-0.6249586954201192,-0.6202833314507146,-0.6151906535786154,-0.609679284390765,-0.6037483530024517,-0.5973975055771135,-0.5906269154074693,-0.5834372925070568,-0.5758298926509013,-0.567806525812891,-0.5593695639643812,-0.5505219482004335,-0.5412671951452666,-0.5316094025627933,-0.5215532540513621,-0.5111040226378876,-0.5002675730815795,-0.4890503628206915,-0.47745944167498067,-0.4655024504737,-0.453187618645579,-0.4405237606140773,-0.4275202707704153,-0.41418711691337506,-0.4005348322273008,-0.38657450589308695,-0.3723177722688291,-0.357776798523993,-0.3429642707623941,-0.32789337872110735,-0.31257779903048544,-0.2970316770450552,-0.28126960733771966,-0.26530661292581215,-0.2491581232806439,-0.23283995117948564,-0.21636826843968748,-0.19975958058581256,-0.18303070051674553,-0.16619872124505264,-0.14928098780089982,-0.13229506838157334,-0.11525872480692101,-0.09818988234438564,-0.081106598996044,-0.06402703434449819,-0.04696941800739296,-0.029952017787032048,-0.012993107670077109,0.0038890642375406514,0.02067630779773566,0.03735052283590079,0.05389373090385874,0.07028810668765573,0.08651600901981027,0.10256001152985306,0.11840293286662984,0.13402786633287178,0.14941820881376344,0.16455768885658983,0.17943039373322733,0.1940207954652422,0.20831377589748712,0.2222946507925414,0.2359491928187225,0.24926365340932222,0.26222478359585466,0.27481985383847274,0.2870366726850193,0.2988636040619639,0.3102895831628061,0.32130413104429323,0.331897368070841,0.34206002626240917,0.3517834604082495,0.3610596576681786,0.3698812454709639,0.37824149770852245,0.3861343393193195,0.3935543493937885,0.4004967629701923,0.4069574716832207,0.4129330233765458,0.4184206207426229,0.4234181190436104,0.4279240229679715,0.4319374826541278,0.4354582888925691,0.438486867522208,0.44102427303111114,0.4430721813520293,0.4446328818267915,0.4457092682980104,0.4463048292843368,0.4464236372074737,0.4460703366585719,0.4452501317175859,0.44396877233800325,0.4422325397732578,0.4400482309888858,0.4374231419761614,0.4343650498818761,0.4308821939908185,0.42698325579839036,0.422677338463771,0.4179739457635847,0.41288296048333706,0.40741462212895385,0.40157950383550656,0.3953884883796306,0.3888527433814204,0.3819836959579064,0.37479300700248785,0.3672925450733828,0.35949435986739786,0.3514106554222707,0.343053763285738,0.33443611574818277,0.3255702190982248,0.31646862697400735,0.3071439140241736,0.29760865000501724,0.28787537429751353,0.2779565708975227,0.26786464407530275,0.2576118948283721,0.24721049807908457,0.23667248059425816,0.22600969979009022,0.2152338236363036,0.2043563117197209,0.19338839746765757,0.18234107168033376,0.1712250675528324,0.1600508471654294,0.1488285892859409,0.13756817840483393,0.12627919508742735,0.11497090778781427,0.10365226613063072,0.09233189548768905,0.08101809268064386,0.06971882284049968,0.05844171759146377,0.047194074623682525,0.03598285853325933,0.024814702705064917,0.013695912046536307,0.0026324665591062058,-0.008369974098030752,-0.01930606493026943,-0.030170768874604903,-0.04095934918966293,-0.05166736117109849,-0.062290643400125134,-0.07282530868407378,-0.0832677346765962,-0.09361455398749996,-0.10386264361290642,-0.11400911369990752,-0.12405129578174012,-0.1339867306404301,-0.14381315596079958,-0.15352849391614143,-0.16313083878803525,-0.1726184447549315,-0.181989714012893,-0.19124318533036444,-0.2003775230814142,-0.2093915067958605,-0.2182840212844468,-0.22705404742939805,-0.2357006536954529,-0.2442229882993061,-0.25262027192299996,-0.26089179090003256,-0.26903689085089866,-0.27705497076479446,-0.2849454775333484,-0.2927079009383462,-0.30034176908422694,-0.3078466442687784,-0.31522211929560484,-0.32246781424858995,-0.329583373775975,-0.33656846494533,-0.34342277571274593,-0.35014601398324885,-0.3567379071768073,-0.36319820223112487,-0.3695266659861147,-0.37572308583913383,-0.38178727053543327,-0.3877190509889843,-0.39351828103600184,-0.3991848380469918,-0.4047186234654987,-0.4101195635081609,-0.41538761024284554,-0.4205227430843621,-0.42552497060384553,-0.43039433249617787,-0.4351309015589493,-0.4397347856167144,-0.4442061294830424,-0.44854511719162815,-0.45275197466816053,-0.4568269728227108,-0.4607704309309497,-0.46458272016101887,-0.4682642671061288,-0.4718155572373206,-0.47523713838142356,-0.4785296244846933,-0.4816936998346506,-0.48473012370007496,-0.48763973523647763,-0.49042345851406566,-0.4930823075342943,-0.49561739109635994,-0.4980299173981919,-0.5003211983242934,-0.5024926535453886,-0.5045458146817268,-0.5064823296482999,-0.5083039671003959,-0.5100126208758908,-0.511610314387184,-0.5130992049180847,-0.5144815877300672,-0.5157598998628501,-0.516936723561372,-0.5180147892898646,-0.5189969782886052,-0.5198863246300007,-0.5206860167250582,-0.5213993982255545,-0.5220299682720793,-0.5225813810459101,-0.5230574445845804,-0.5234621187969495,-0.5237995126054216,-0.5240738801641172,-0.5242896160936041,-0.5244512496524365,-0.5245634377887072,-0.524630957047286,-0.5246586943934375,-0.5246516371265955,-0.524614862038888,-0.5245535238744452,-0.5244728431094074,-0.5243780930782336,-0.5242745864816811,-0.5241676613142943,-0.5240626662417185,-0.5239649454649893,-0.5238798231257746,-0.523812587313941,-0.5237684737319555,-0.5237526490573288,-0.523770194048474,-0.5238260864682402,-0.52392518392152,-0.5240722066942567,-0.524271720669077,-0.5245281204089451,-0.5248456125053593,-0.5252281992700105,-0.5256796628577689,-0.5262035499437658,-0.5268031570869667,-0.5274815169095106,-0.5282413852382746,-0.5290852293696631,-0.5300152175356558,-0.5310332094310724,-0.5321407475270945,-0.5333390490366128,-0.5346289985989969,-0.5360111418162319,-0.5374856797838277,-0.5390524647788837,-0.5407109971996746,-0.5424604236372801,-0.5442995358121934,-0.5462267702283938,-0.5482402086042484,-0.5503375792246388,-0.5525162593534176,-0.5547732788157234,-0.5571053247641089,-0.5595087474561353,-0.561979566775662,-0.564513479345905,-0.5671058662366448,-0.5697518013420293,-0.5724460605624699,-0.5751831319593634,-0.5779572269659141,-0.5807622924943274,-0.5835920235790297,-0.5864398762618919,-0.5892990806373248,-0.5921626540936771,-0.5950234148180016,-0.5978739956521935,-0.6007068584014021,-0.6035143087089665,-0.6062885115903143,-0.6090215076405201,-0.611705229862693,-0.6143315210144422,-0.6168921512977121,-0.6193788361981802,-0.6217832543716,-0.6240970655692095,-0.6263119286120187,-0.6284195194278084,-0.630411549161046,-0.6322797823413495,-0.6340160550991669,-0.6356122934269095,-0.6370605314759246,-0.6383529298746708,-0.6394817940520454,-0.6404395925411706,-0.6412189752259394,-0.6418127915046554,-0.6422141083526469,-0.6424162282418919,-0.6424127068692513,-0.6421973706552535,-0.6417643339717003,-0.6411080160489391,-0.6402231575129917,-0.639104836508686,-0.6377484843635486,-0.6361499007253641,-0.6343052680970729,-0.632211165726261,-0.6298645828106189,-0.6272629309372846,-0.6244040556782693,-0.6212862472960268,-0.6179082504899327,-0.6142692731041492,-0.6103689937700665,-0.6062075684667718,-0.6017856359280884,-0.5971043218205665,-0.5921652416659526,-0.5869705024811651,-0.581522703049707,-0.575824932679204,-0.5698807683063407,-0.5636942698765353,-0.5572699740363802,-0.5506128863718516,-0.5437284725464551,-0.536622648561881,-0.5293017701587104,-0.5217726213095091,-0.514042401767071,-0.506118713610995,-0.49800954672234354,-0.4897232632424888,-0.48126858129606376,-0.4726545583147015,-0.46389057410584655,-0.4549863135936789,-0.4459517490886853,-0.4367971219588185,-0.4275329235813672,-0.4181698755269565,-0.4087189091742829,-0.3991911451376211,-0.3895978727443534,-0.37995052954629216,-0.3702606807805253,-0.36053999873475817,-0.3508002419530456,-0.3410532341570658,-0.33131084277442113,-0.3215849571169471,-0.3118874664605329,-0.3022302383254569,-0.2926250970902444,-0.28308380292241253,-0.2736180309825045,-0.2642393508241554,-0.2549592058476975,-0.24578889265998072,-0.23673954026401134,-0.227822089136275,-0.21904727042586813,-0.21042558556424495,-0.20196728640753747,-0.19368235584519766,-0.18558048874308497,-0.1776710730793738,-0.16996317117690296,-0.1624655010937417,-0.1551864184393139,-0.1481338989340486,-0.1413155218445752,-0.13473845422336694,-0.1284094358253327,-0.12233476461416615,-0.11652028293085692,-0.11097136459718371,-0.10569290320650992,-0.10068930165539314,-0.0959644628588876,-0.0915217815887317,-0.08736413737782556,-0.0834938884378289,-0.07991286655865792,-0.07662237302825048,-0.07362317575120869,-0.07091550780770461,-0.0684990675910555,-0.06637302054831196,-0.0645360025073316,-0.06298612454698826,-0.06172097934692289,-0.06073764897134026,-0.060032714076683646,-0.05960226453019146,-0.059441911367244415,-0.05954679996047929,-0.05991162430460406,-0.06053064239025474,-0.0613976926189963,-0.06250621113473187,-0.06384924995246877,-0.06541949582379658,-0.06720928976641005,-0.06921064714519076,-0.07141527821479343,-0.07381460910106341,-0.07639980326188578,-0.07916178348636294,-0.08209125446349219,-0.08517872595201936,-0.08841453661681697,-0.09178887852439743,-0.09529182206266995,-0.09891334092405657,-0.10264333693850602,-0.10647166477027525,-0.11038815658395862,-0.11438264668821319,-0.11844499596485747,-0.12256511582815222,-0.12673299161871654,-0.13093870549550246,-0.1351724589020975,-0.13942459457453538,-0.14368561787541267,-0.14794621716406198,-0.15219728307329916,-0.1564299267590954,-0.1606354972485704,-0.16480559801939165,-0.16893210290859884,-0.1730071712751311,-0.17702326214871533,-0.18097314712826318,-0.18484992197979722,-0.18864701701144782,-0.19235820634668954,-0.19597761621960075,-0.19949973239292262,-0.20291940679160803,-0.2062318634252165,-0.20943270355246568,-0.2125179098620933,-0.21548384941121412,-0.2183272752022276,-0.22104532639929175,-0.22363552724543467,-0.2260957848055014,-0.2284243856717083,-0.23061999170752756,-0.23268163484802784,-0.23460871098652092,-0.23640097303464813,-0.23805852324825594,-0.2395818048712428,-0.24097159316892913,-0.2422289859732203,-0.2433553938428048,-0.24435252989567147,-0.245222399380026,-0.2459672890598057,-0.24658975639230363,-0.2470926183119957,-0.24747893938515375,-0.24775201921802648,-0.24791537913639417,-0.24797274820671333,-0.24792804867620788,-0.24778538090279056,-0.2475490078218172,-0.24722333898753845,-0.24681291424180074,-0.24632238706746534,-0.24575650767859258,-0.24512010590837718,-0.24441807396809878,-0.24365534914927878,-0.24283689654384943,-0.24196769185642353,-0.2410527043615005,-0.24009688006181307,-0.23910512513180038,-0.2380822897272239,-0.23703315222150678,-0.23596240392334522,-0.23487463433112055,-0.2337743169775166,-0.23266579591564351,-0.23155327290665184,-0.230440795363819,-0.22933224503355376,-0.22823132730241014,-0.2271415610492724,-0.22606626905468374,-0.22500856898579968,-0.22397136493969327,-0.2229573395483726,-0.22196894671792933,-0.2210084051086625,-0.22007769242117803,-0.21917854049453211,-0.21831243119790855,-0.2174805931010937,-0.21668399891270695,-0.2159233636715996,-0.21519914368431614,-0.21451153622601993,-0.2138604800328281,-0.21324565658294858,-0.21266649212554256,-0.2121221603995167,-0.21161158598455643,-0.21113344825128877,-0.2106861858913902,-0.2102680019983012,-0.20987686968641128,-0.20951053828535748,-0.20916654018068215,-0.20884219834731965,-0.208534634535539,-0.20824077801621144,-0.2079573748369299,-0.20768099757113134,-0.20740805549984742,-0.20713480514752547,-0.20685736110227992,-0.20657170704336636,-0.2062737069000491,-0.20595911609642314,-0.20562359293857213,-0.2052627103520024,-0.20487196820619857,-0.20444680632544276,-0.20398261814013807,-0.20347476489585148,-0.20291859035474147,-0.2023094359180604,-0.20164265608460852,-0.20091363415999552,-0.20011779813485475,-0.19925063667419352,-0.1983077151800714,-0.19728469187160158,-0.1961773337940258,-0.19498153264966334,-0.19369332035251574,-0.19230888422381298,-0.19082458174030137,-0.1892369547413324,-0.18754274299833895,-0.18573889704401836,-0.18382259015938018,-0.18179122942746062,-0.17964246584951127,-0.17737420369017087,-0.17498460928020165,-0.1724721193766996,-0.16983544903819592,-0.16707359892244966,-0.16418586191452533,-0.16117182902683425,-0.15803139454635584,-0.15476476037620301,-0.1513724394825431,-0.14785525836047952,-0.14421435840387176,-0.14045119603822798,-0.13656754152385275,-0.13256547634879468,-0.12844738910596476,-0.12421596989008066,-0.11987420350639866,-0.11542536182025742,-0.11087299534300143,-0.10622092394068261,-0.1014732265269842,-0.09663422966046653,-0.09170849505961343,-0.0867008062266521,-0.08161615450605808,-0.07645972483494035,-0.07123688126894479,-0.06595315224651443,-0.06061421550643331,-0.055225882574632124,-0.04979408275526964,-0.044324846638509996,-0.038824289316792715,-0.03329859360757581,-0.02775399347836327,-0.02219675773689289,-0.016633174024427433,-0.011069533139000498,-0.005512113659513318,3.2833203263749056e-05,0.005559098589145606,0.011060530804982704,0.01653104995072141,0.02196466236841843,0.02735547492957835,0.032697709129948294,0.03798571495239145,0.04321398446758451,0.04837716513966228,0.05347007281316252,0.05848770433386363,0.06342524971574193,0.06827810377399146,0.0730418771689969,0.07771240679631575,0.08228576543368149,0.08675827055960639,0.09112649231398962,0.09538726068564074,0.09953767209800901,0.10357509553350752,0.10749717825211036,0.11130185110128821,0.1149873333747351,0.11855213713900525,0.12199507090108597,0.1253152424752244,0.12851206092033607,0.13158523742226436,0.1345347850666272,0.13736101764918374,0.14006454780480482,0.14264628462079543,0.14510743069101295,0.1474494784756999,0.14967420583869284,0.15178367072250865,0.15378020513387014,0.15566640873611703,0.15744514219176153,0.15911952018268494,0.16069290398295522,0.16216889351106545,0.16355131889254437,0.164844231720501,0.16605189626032058,0.16717878072391557,0.16822954859657813,0.16920904994429975,0.17012231262690136,0.17097453334621093,0.1717710684527134,0.1725174244696248,0.17321924843024306,0.17388231826456746,0.17451253344125917,0.17511590592683746,0.17569855142827606,0.1762666808349067,0.17682659176019655,0.1773846601068101,0.1779473315770872,0.17852111305363394,0.17911256382539875,0.1797282866758394,0.18037491885223034,0.18105912292077875,0.18178757747681118,0.1825669676339743,0.1834039751846035,0.184305268323655,0.18527749087356682,0.18632725100321323,0.18746110944864824,0.18868556724689967,0.19000705307157517,0.19143191040226526,0.19296638483016437,0.1946166117028838,0.1963886041392371,0.19828824135935008,0.2003212572980928,0.20249322952755477,0.20480956854044763,0.2072755074037005,0.2098960917450654,0.21267617006952122,0.21562038444673703,0.21873316157541467,0.22201870418464864,0.2254809827671025,0.22912372768680456,0.23295042167695357,0.23696429269756436,0.2411683071545312,0.24556516351983504,0.2501572863480348,0.254946820639276,0.25993562652746505,0.2651252743248804,0.27051703996570353,0.2761119008463595,0.28191053204427163,0.2879133029597085,0.29412027446136335,0.30053119655799065,0.3071455065571982,0.3139623276696497,0.32098046806353153,0.3281984204168964,0.3356143620059342,0.3432261553512106,0.35103134945543957,0.359027181705585,0.3672105805790764,0.3755781693128668,0.3841262706283217,0.3928509124779893,0.40174783458282093,0.4108124954145538,0.42004007942480825,0.42942550457308215,0.4389634303175711,0.4486482662054172,0.4584741810775057,0.46843511269136684,0.4785247774370234,0.48873667993177605,0.49906412247430865,0.5095002144317817,0.5200378816574514,0.5306698760288882,0.5413887850983699,0.5521870416589607,0.5630569329276014,0.5739906091635802,0.5849800917374353,0.5960172807715338,0.6070939624826011,0.6182018163334959,0.6293324221072112,0.6404772670032699,0.6516277527298442,0.6627752024063298,0.6739108670925233,0.6850259319072975,0.696111521815773,0.707158707164588,0.7181585089870879,0.729101904083187,0.7399798299215163,0.7507831894535357,0.761502855954312,0.7721296780120426,0.7826544847541754,0.7930680913321808,0.803361304677118,0.8135249295832097,0.823549775152685,0.8334266615794803,0.8431464272806508,0.8526999364291115,0.8620780869172293,0.8712718187625228,0.8802721229907746,0.8890700510244898,0.8976567245824967,0.9060233461067284,0.9141612097270979,0.9220617127676931,0.9297163677714906,0.9371168148702722,0.9442548341784303,0.9511223579502612,0.9577114823876727,0.9640144790698741,0.9700238060124136,0.9757321183499386,0.9811322786171104,0.9862173666163301,0.9909806888444237,0.9954157874120853,0.9995164484181487,1.0032767098067055,1.0066908687627958,1.009753488667549,1.0124594055880891,1.0148037342875256,1.016781873788652,1.018389512558926,1.0196226333803224,1.0204775179599395,1.0209507513154676,1.021039225829874,1.0207401446985216,1.020051024521969,1.0189696969811237,1.0174943096446398,1.0156233259716103,1.013355524567693,1.01068999776232,1.00762614958375,1.0041636931905273,1.0003026477783976,0.9960433349598716,0.9913863746128158,0.9863326802142467,0.9808834537301507,0.9750401801732949,0.9688046219259903,0.9621788128863713,0.9551650524644728,0.9477658994611176,0.9399841659039723,0.9318229109283536,0.9232854347559112,0.9143752727890728,0.9050961898600463,0.8954521747150253,0.8854474347898247,0.8750863912676365,0.8643736743992321,0.8533141191219613,0.8419127610492154,0.8301748328639675,0.8181057610848725,0.8057111631633447,0.7929968449299665,0.779968798440251,0.7666332002291156,0.7529964099387314,0.7390649692612143,0.7248456011380213,0.7103452092146938,0.6955708775883593,0.6805298708413332,0.6652296342956916,0.6496777944038001,0.6338821591837203,0.6178507185987812,0.6015916447952065,0.5851132921475752,0.5684241970865429,0.5515330776985579,0.5344488330668327,0.5171805422647182,0.49973746286489984,0.48212902881830644,0.46436484758147145,0.44645469643861446,0.4284085181144448,0.4102364159280114,0.3919486486970669,0.37355562539514153,0.35506789941899086,0.33649616231087975,0.31785123681378025,0.29914406924217474,0.28038572135169915,0.26158736195436916,0.24276025835483495,0.223915767503712,0.2050653267318765,0.18622044404261828,0.1673926881355925,0.14859367840495707,0.12983507498979208,0.11112856876663812,0.09248587113174978,0.07391870353115593,0.05543878690861703,0.03705783132107143,0.01878752579396803,0.0006395282947693204,-0.01737454433896346,-0.03524312658228723,-0.05295471437650434,-0.07049787500163518,-0.08786125652972743,-0.10503359687592706,-0.12200373253300256,-0.13876060710452265,-0.15529327974385865,-0.17159093348975318,-0.18764288330351064,-0.20343858357268374,-0.2189676350180889,-0.23421979110908353,-0.24918496413864233,-0.2638532311040862,-0.2782148395333408,-0.2922602134014056,-0.30597995924096466,-0.31936487239534017,-0.33240594321033967,-0.3450943629861811,-0.35742152965073615,-0.3693790532092862,-0.3809587610579044,-0.39215270326539553,-0.4029531579324228,-0.4133526367192104,-0.423343890630143,-0.43291991615032543,-0.4420739617842244,-0.45079953498361647,-0.45909040945905133,-0.46694063291730004,-0.47434453528744314,-0.4812967374323307,-0.48779216016353644,-0.4938260332561555,-0.4993939042664195,-0.5044916471413714,-0.5091154706858987,-0.5132619269397054,-0.5169279194504313,-0.5201107113641825,-0.5228079332952547,-0.5250175910219568,-0.5267380730706321,-0.5279681582064839,-0.5287070227957358,-0.5289542479662757,-0.5287098265059882,-0.5279741694839046,-0.5267481126184137,-0.5250329224284869,-0.5228303021796918,-0.5201423975928918,-0.5169718022349414,-0.5133215624802219,-0.5091951819497353,-0.5045966253830656,-0.49953032192016167,-0.4940011677558118,-0.4880145281267474,-0.48157623860491583,-0.4746926056745835,-0.46737040656015694,-0.45961688825465785,-0.4514397657020197,-0.44284721911465397,-0.4338478904006706,-0.4244508786405987,-0.41466573454329847,-0.4045024538042412,-0.39397146925100657,-0.38308364163081166,-0.3718502489294764,-0.3602829741748579,-0.3483938916718685,-0.3361954515785399,-0.3237004628386728,-0.31092207471338895,-0.29787375722907683,-0.28456928070798426,-0.2710226943833902,-0.25724830402394616,-0.2432606485119564,-0.22907447549399507,-0.21470471639231192,-0.200166461010717,-0.1854749318022897,-0.1706454577703198,-0.15569344800327656,-0.1406343650304578,-0.12548369830228268,-0.11025693795895819,-0.09496954887774223,-0.07963694494661411,-0.06427446360700628,-0.04889734090308906,-0.03352068732505842,-0.018159464554742044,-0.0028284630705073255,0.012457719449848526,0.027684698879681946,0.04283832428760803,0.057904696180720805,0.07287018328209172,0.08772143794762144,0.10244541030272813,0.11702936116466844,0.1314608738815224,0.1457278652178502,0.15981859535318677,0.17372167704432684,0.18742608398693505,0.20092115831301527,0.21419661707218296,0.22724255760186196,0.24004946182847675,0.25260819961268055,0.26491003124603196,0.27694660916611724,0.2887099789167351,0.30019257939831334,0.3113872425176538,0.32228719237128445,0.33288604404624067,0.3431778020327627,0.3531568582167992,0.36281798948074595,0.37215635499752153,0.3811674933151181,0.3898473193054812,0.39819212100125156,0.40619855628948187,0.4138636494191559,0.4211847873226162,0.42815971578741596,0.4347865355096445,0.4410636980581373,0.4469900017913062,0.4525645877629074,0.45778693564489714,0.4626568596936025,0.4671745047739648,0.47134034244800915,0.47515516713932016,0.47862009238745884,0.48173654718790715,0.4845062723977378,0.48693131718623306,0.4890140354842174,0.49075708238500226,0.49216341049036316,0.4932362661976697,0.49397918591294854,0.49439599217734553,0.49449078967983695,0.49426796111087157,0.49373216280064725,0.49288832008865313,0.49174162238092833,0.4902975178511255,0.4885617077722202,0.48654014052134187,0.4842390052995782,0.4816647255565769,0.47882395207503237,0.4757235556944437,0.47237061969880756,0.46877243188642126,0.46493647631583457,0.46087042473302375,0.4565821276853512,0.4520796053046041,0.4473710377383284,0.4424647552343757,0.43736922789513244,0.43209305510843166,0.42664495466055286,0.42103375152755973,0.41526836634661635,0.40935780359860274,0.4033111395179674,0.39713750971689876,0.3908460965201286,0.3844461160059609,0.3779468047586647,0.3713574063788272,0.36468715778735117,0.3579452752891754,0.3511409403457506,0.34428328507134864,0.33738137750366093,0.3304442066652413,0.3234806674156161,0.3164995451056498,0.3095095000438235,0.3025190517713696,0.2955365631418303,0.28857022420964995,0.2816280359275751,0.2747177936517389,0.2678470704770177,0.2610232004766786,0.25425326205586174,0.2475440617533735,0.24090211875344636,0.2343336502101394,0.2278445574177823,0.2214404128448919,0.21512644805675052,0.208907542570536,0.20278821366425603,0.19677260713439182,0.19086448903032505,0.18506723842678952,0.17938384125593387,0.17381688518809568,0.16836855559066777,0.16304063263864066,0.157834489635313,0.15275109254153563,0.14779100066913742,0.14295436850027698,0.1382409486312497,0.13365009587347032,0.12918077252900417,0.12483155481519503,0.1206006403945068,0.11648585694682367,0.11248467168537957,0.10859420171237844,0.10481122515029995,0.10113219301452858,0.09755324178372149,0.09407020662924737,0.09067863531819143,0.08737380286102336,0.08415072697895454,0.08100418444256974,0.0779287283331982,0.07491870620933128,0.07196827895149482,0.06907143994045128,0.06622203436539564,0.06341377866596787,0.0606402802013406,0.05789505723414834,0.0551715592146067,0.05246318715003895,0.04976331373791254,0.04706530307028345,0.04436252992256584,0.04164839873015325,0.038916362335427834,0.03615994052122318,0.0333727383078255,0.03054846399680855,0.02768094689117362,0.024764154502207703,0.021792209020027542,0.0187594029131688,0.0156602136212598,0.012489317382119225,0.009241602294544293,0.005912180697613678,0.002496400868182036,-0.0010101419898518316,-0.004611595431256887,-0.008311840048911279,-0.012114480317706011,-0.016022836029968346,-0.020039934311434138,-0.02416850217658606,-0.028410959627848342,-0.03276941333533756,-0.03724565088989351,-0.041841135588157385,-0.04655700176547839,-0.05139405075253478,-0.0563527475054002,-0.06143321790749923,-0.06663524674052468,-0.07195827634303953,-0.07740140598443901,-0.08296339196921565,-0.08864264849177772,-0.09443724933265685,-0.10034493054452298,-0.10636309423231438,-0.11248881348146256,-0.11871883851702592,-0.12504960416434585,-0.13147723848454973,-0.13799757227225484,-0.1446061492075046,-0.1512982367123641,-0.15806883768469504,-0.16491270320228324,-0.17182434608255903,-0.17879805504399826,-0.1858279093060844,-0.1929077936412753,-0.20003141394446544,-0.20719231328374121,-0.21438388825652765,-0.22159940547768997,-0.2288320181738186,-0.236074782919502,-0.24332067642386335,-0.2505626121662985,-0.2577934567612843,-0.26500604608226297,-0.2721932011966217,-0.27934774402459794,-0.2864625125212754,-0.29353037526686876,-0.3005442455176919,-0.3074970948216347,-0.3143819662142562,-0.3211919868687616,-0.3279203800230377,-0.33456047610670225,-0.3411057231250183,-0.34754969641087996,-0.3538861078401325,-0.36010881454135557,-0.3662118269761194,-0.3721893161666472,-0.37803561997038315,-0.38374524846894076,-0.38931288857496327,-0.39473340793309575,-0.4000018581928586,-0.40511347774508266,-0.41006369400143683,-0.414848125286035,-0.41946258241640066,-0.4239030700445312,-0.4281657878120768,-0.43224713130497605,-0.4361436926579003,-0.43985226061775506,-0.4433698199978906,-0.44669355058015014,-0.44982082556773406,-0.4527492096927048,-0.45547645704748874,-0.45800050867951825,-0.46031948998517436,-0.4624317079399489,-0.4643356482096479,-0.46602997219503806,-0.46751351405291786,-0.4687852777270294,-0.4698444340197412,-0.47069031772934267,-0.47132242486880926,-0.47174040997538924,-0.47194408351866457,-0.4719334094224408,-0.4717085027275729,-0.4712696274171151,-0.47061719441610705,-0.46975175977935635,-0.46867402309278816,-0.4673848261077751,-0.4658851515950104,-0.464176122384643,-0.46225900052994007,-0.4601351864909802,-0.457806218264615,-0.4552737704610337,-0.45253965336019775,-0.4496058119444939,-0.4464743248117742,-0.4431474028085347,-0.43962738725198847,-0.43591674766728516,-0.43201807899179556,-0.42793409818271044,-0.4236676401520185,-0.41922165308642434,-0.4145991934203792,-0.4098034207282524,-0.40483759257482177,-0.39970505917359844,-0.39440925769105917,-0.38895370610969593,-0.3833419966484968,-0.37757778888073545,-0.37166480278863645,-0.36560681190321276,-0.3594076365305554,-0.35307113699590786,-0.34660120678724127,-0.340001765545658,-0.333276752092587,-0.3264301178085134,-0.31946582051429573,-0.3123878187872151,-0.3052000665462913,-0.2979065077554921,-0.29051107122541,-0.28301766571660636,-0.2754301756591744,-0.2677524576469068,-0.2599883376392853,-0.25214160874882907,-0.24421602954090105,-0.23621532279404533,-0.2281431746348872,-0.2200032339134168,-0.21179911174408517,-0.20353438133333412,-0.1952125783395715,-0.18683720194656672,-0.1784117167200776,-0.16993955522818283,-0.16142412130516703,-0.15286879381522311,-0.14427693082804183,-0.13565187415353108,-0.12699695418322676,-0.11831549498288041,-0.10961081958732422,-0.10088625545289176,-0.09214514001183005,-0.08339082625249006,-0.0746266882138471,-0.0658561263179891,-0.05708257263355421,-0.04830949629504033,-0.03954040923310487,-0.030778872220629694,-0.022028501176549753,-0.013292973675341102,-0.004576035609616724,0.004118492051460976,0.012786706455493402,0.021424616060834012,0.03002813388803105,0.0385930708834934,0.047115129451619,0.05558989719897767,0.06401284091505488,0.07237930082620636,0.08068448516440441,0.08892346508061877,0.09709116993457911,0.10518238299435012,0.11319173757808443,0.12111371366540169,0.128942635004357,0.13667266676333867,0.14429781380015072,0.15181191963679908,0.15920866623082475,0.16648157456344137,0.17362400598715766,0.18062916430904608,0.18749009865445743,0.19419970713706647,0.20075074130806314,0.20713581137326997,0.21334739220039012,0.2193778301093019,0.22521935040928298,0.23086406566238082,0.23630398466817581,0.24153102216321543,0.24653700922286959,0.25131370434787925,0.2558528052191562,0.26014596110519506,0.2641847859110129,0.26796087187568673,0.2714658039153264,0.2746911745880567,0.277628599668148,0.2802697343159508,0.2826062898338719,0.2846300510012867,0.2863328939456409,0.28770680452702635,0.2887438972744931,0.2894364348830436,0.28977684824362626,0.2897577570145913,0.2893719907438026,0.2886126105170419,0.28747293113600136,0.2859465438819413,0.28402733987516626,0.28170953386658226,0.27898768811926544,0.275856736036836,0.27231200537799793,0.2683492410509487,0.2639646274826717,0.2591548105171455,0.25391691881466727,0.24824858476269895,0.24214796488783463,0.23561375961215703,0.22864523201931775,0.2212422253156774,0.21340517886147836,0.20513514277085676,0.19643379110189585,0.18730343366308944,0.17774702645343865,0.16776818074048805,0.15737117077512863,0.1465609401180572,0.13534310651912307,0.12372396526701834,0.11171049092056506,0.09931033735055195,0.08653183606354276,0.07338399281424302,0.05987648248921573,0.046019642186422516,0.031824462415563914,0.017302576383421808,0.0024662473290462117,-0.012671646055551378,-0.028097625880874944,-0.04379763267190384,-0.05975704419235939,-0.07596069551908613,-0.09239290045116633,-0.10903747436677236,-0.1258777586658013,-0.14289664686390324,-0.160076612222376,-0.17739973665251085,-0.19484774070118505,-0.21240201461807828,-0.23004365053103726,-0.24775347557298488,-0.2655120857182425,-0.28329988024231056,-0.3010970968307518,-0.3188838472402864,-0.33664015328558605,-0.3543459830000444,-0.3719812869766699,-0.38952603488520054,-0.4069602519884512,-0.4242640554387478,-0.44141769032211897,-0.4584015654999689,-0.47519628911906153,-0.4917827035536888,-0.5081419196873043,-0.524255350590046,-0.5401047446170466,-0.5556722177883415,-0.5709402852223633,-0.585891891529478,-0.6005104402599102,-0.6147798224913714,-0.6286844444192567,-0.6422092536695914,-0.655339764197187,-0.6680620798247432,-0.6803629165156906,-0.6922296234685987,-0.7036502031534013,-0.7146133303523001,-0.7251083700289414,-0.7351253936626705,-0.7446551938067856,-0.7536892968831097,-0.7622199743262996,-0.7702402521422087,-0.7777439188780875,-0.7847255320021489,-0.7911804227376322,-0.7971046994167992,-0.8024952494125372,-0.8073497397111282,-0.8116666161854269,-0.8154451015851905,-0.8186851921940743,-0.8213876530571724,-0.8235540117094473,-0.8251865503906899,-0.8262882967385821,-0.826863012940585,-0.8269151833249566,-0.8264500003777755,-0.825473349256427,-0.8239917910017382,-0.8220125446689437,-0.8195434684974714,-0.8165930401568815,-0.8131703360728082,-0.809285009799666,-0.8049472693637441,-0.8001678534709242,-0.7949580064372839,-0.7893294517280154,-0.7832943641876824,-0.7768653412116109,-0.7700553730111821,-0.7628778119739437,-0.7553463411829924,-0.7474749423530156,-0.7392778634666897,-0.7307695861755832,-0.7219647928935728,-0.7128783336882236,-0.7035251932809388,-0.6939204583741301,-0.6840792852992266,-0.6740168679985814,-0.6637484065793942,-0.6532890767152324,-0.642653999937906,-0.631858214703108,-0.6209166482527309,-0.6098440895414683,-0.5986551634966801,-0.5873643066534129,-0.575985744066152,-0.5645334674158065,-0.5530212142991573,-0.5414624488342739,-0.5298703438402583,-0.5182577647775872,-0.5066372554551108,-0.49502102538946957,-0.48342093867225344,-0.47184850424009994,-0.4603148674861117,-0.4488308031282884,-0.43740670920728775,-0.4260526021122928,-0.4147781125910086,-0.4035924827021944,-0.3925045636294726,-0.38152281425296763,-0.37065530041235917,-0.3599096948526892,-0.34929327783279973,-0.3388129383192009,-0.3284751756766511,-0.3182861018210801,-0.30825144388263226,-0.2983765474668445,-0.2886663805417058,-0.2791255378726589,-0.269758245919256,-0.260568368188963,-0.25155941106977764,-0.24273453011688417,-0.23409653675572173,-0.22564790542524094,-0.21739078124169708,-0.20932698825124163,-0.2014580382920741,-0.1937851404672628,-0.18630921120618638,-0.1790308847613673,-0.17195052382502496,-0.16506822996753812,-0.15838385377789876,-0.1518970047567123,-0.1456070610888105,-0.13951317939514496,-0.13361430450395062,-0.12790917926055556,-0.12239635435626894,-0.11707419801405905,-0.11194090524612221,-0.10699450647443598,-0.1022328754674291,-0.09765373663899624,-0.09325467182041791,-0.08903312667059993,-0.08498641685687147,-0.08111173406117445,-0.07740615185387867,-0.07386663144512795,-0.07049002715806552,-0.06727309134512183,-0.06421247855697487,-0.06130474893839022,-0.058546370899726696,-0.05593372312127798,-0.05346309595206833,-0.051130692266497135,-0.04893262783294716,-0.046864931245892194,-0.0449235434923807,-0.04310431723486374,-0.041403015880042915,-0.03981531250806114,-0.03833678875844271,-0.036962933756953475,-0.03568914314395499,-0.03451071827373653,-0.03342286563449903,-0.03242069646699264,-0.03149922654071702,-0.030653376113555453,-0.029877970151055422,-0.029167738855115033,-0.028517318490386856,-0.02792125247782451,-0.027373992767223854,-0.026869901533700613,-0.02640325321628012,-0.025968236876607875,-0.025558958870831816,-0.025169445863689077,-0.024793648183880634,-0.024425443486087772,-0.024058640710435952,-0.023686984341921402,-0.023304158965999022,-0.022903794121120313,-0.022479469439637967,-0.02202472005853906,-0.021533042292738003,-0.02099789958190712,-0.020412728704613414,-0.01977094622997555,-0.019065955194861317,-0.018291151987497756,-0.017439933398556207,-0.016505703834731378,-0.0154818826973937,-0.014361911876392242,-0.013139263315856908,-0.011807446674595212,-0.010360017106599173,-0.008790583131236929,-0.007092814554795268,-0.005260450432409414,-0.003287307044203658,-0.001167285845028232,0.001105618619526183,0.003537310804645699,0.006133586268020963,0.008900123835033469,0.011842477853953426,0.014966070507206553,0.018276184156839292,0.021777953759965385,0.025476359398751924,0.029376218933656162,0.033482180755974866,0.03779871659389045,0.042330114339058866,0.0470804709155388,0.052053685250157855,0.05725345139239124,0.06268325179654255,0.06834635074012851,0.07424578782784153,0.08038437153703626,0.08676467277782507,0.0933890184442987,0.1002594849368279,0.10737789164588207,0.11474579439154553,0.122364478816408,0.130234953744214,0.13835794451662764,0.1467338863074943,0.15536291741087638,0.16424487249334874,0.17337927579441015,0.18276533427759745,0.19240193074981704,0.20228761693593356,0.21242060645568728,0.22279876772047658,0.23341961697072833,0.24428031179772347,0.2553776454152157,0.2667080418234349,0.2782675519501794,0.2900518508072807,0.3020562356402223,0.31427562503307627,0.3267045589574451,0.3393371997490391,0.35216733397351163,0.36518837515511393,0.3783933673617881,0.3917749896276632,0.4053255611755091,0.41903704740680325,0.43290106664609596,0.44690889764219577,0.461051487819617,0.475319462251079,0.4897031333298614,0.5041925111397774,0.5187773145213086,0.5334469828299717,0.5481906883804655,0.5629973495807619,0.5778556447681851,0.5927540267383407,0.6076807379513269,0.6226238264166,0.6375711622224713,0.6525104545546156,0.667429268952553,0.6823150445801787,0.697155111371778,0.7119367069931641,0.7266469935905846,0.7412730742874061,0.7558020094035669,0.7702208324257711,0.7845165657885005,0.7986762365189009,0.8126868917993235,0.8265356145112221,0.8402095388065831,0.8536958657179952,0.8669818786991783,0.880054958789195,0.8929025990850477,0.9055124184251966,0.9178721743235556,0.9299697752093223,0.941793292064041,0.953330969562586,0.9645712367840318,0.975502717556104,0.9861142405181411,0.9963948488739547,1.0063338096183756,1.0159206220185126,1.025145025283642,1.033997005472564,1.0424668017355359,1.0505449120023087,1.0582220982233892,1.065489391271889,1.0723380956195854,1.0787597939145215,1.08474635160065,1.0902899217229844,1.0953829500437706,1.1000181805839944,1.1041886616828265,1.1078877525175628,1.1111091298550377,1.113846794863825,1.1160950800029354,1.1178486560881211,1.1191025396462138,1.1198521006699096,1.1200930707898777,1.119821551650226,1.1190340231533398,1.1177273514120003,1.115898796480792,1.1135460200062823,1.110667092898396,1.1072605030430864,1.1033251629036585,1.0988604167339773,1.0938660472525186,1.088342281835459,1.082289798350054,1.0757097307291374,1.068603674280375,1.0609736905120926,1.0528223111919175,1.0441525415246389,1.0349678625098022,1.0252722325914476,1.01507008870567,1.0043663468246748,0.9931664020959161,0.9814761286367713,0.9693018789094907,0.9566504824519981,0.9435292437537157,0.9299459392047069,0.9159088131404189,0.9014265730352449,0.8865083838952614,0.8711638618691282,0.8554030670895898,0.8392364957756726,0.822675071629881,0.8057301365578624,0.7884134407498493,0.7707371321945615,0.7527137456875082,0.7343561913336387,0.715677742518416,0.6966920233362117,0.677412995473901,0.6578549445526818,0.6380324659367531,0.6179604500439027,0.5976540672304012,0.5771287523042403,0.5564001886821259,0.5354842922119971,0.5143971947002015,0.4931552271860511,0.47177490301699976,0.4502729007752251,0.4286660470754171,0.4069712992272514,0.38520572773285267,0.3633864985597981,0.34153085511145065,0.31965609979375387,0.2977795750422274,0.27591864371328967,0.2540906689106137,0.2323129934626209,0.21060291924990082,0.18897768642528234,0.16745445241020462,0.14605027056555997,0.12478206863106323,0.1036666271401927,0.08272055789741017,0.06196028248196228,0.041402010828171854,0.021061720045906895,0.0009551335512156811,-0.018902299597229444,-0.03849542523891358,-0.05780940442074467,-0.07682973331711196,-0.09554226276097921,-0.11393321742398399,-0.13198921450722878,-0.14969728175444885,-0.16704487479831442,-0.18401989396264895,-0.20061070047397322,-0.2168061319181973,-0.23259551693455904,-0.24796868925747617,-0.2629160010912983,-0.27742833568121483,-0.29149711903662734,-0.3051143308841233,-0.3182725148256935,-0.3309647875442252,-0.34318484701235263,-0.3549269798288819,-0.3661860677504336,-0.3769575933070328,-0.3872376443605319,-0.39702291763026665,-0.40631072135026614,-0.4150989771413194,-0.42338622096652756,-0.4311716029887691,-0.43845488632373986,-0.44523644484668523,-0.4515172602058968,-0.4572989180269502,-0.4625836031059549,-0.46737409340177294,-0.4716737528268311,-0.47548652296980976,-0.47881691389223846,-0.48166999412936207,-0.48405138002414105,-0.4859672245116826,-0.48742420546354737,-0.48842951366892606,-0.4889908404286132,-0.48911636463269303,-0.48881473921330354,-0.4880950769856227,-0.4869669359559339,-0.48544030416209694,-0.4835255840985013,-0.4812335767675435,-0.4785754653902714,-0.4755627988206683,-0.4722074747053142,-0.46852172242224555,-0.4645180858580815,-0.46020940606113214,-0.4556088037230168,-0.4507296614201266,-0.4455856055557348,-0.4401904879052694,-0.43455836663918745,-0.4287034867224975,-0.42264025965647534,-0.4163832426504257,-0.4099471174236342,-0.40334666881472714,-0.3965967632520133,-0.3897123270260394,-0.38270832428672463,-0.37559973482915865,-0.3684015318741345,-0.36112865995874444,-0.3537960128474893,-0.346418411350669,-0.33901058111800353,-0.3315871305946416,-0.3241625292205157,-0.3167510857958291,-0.3093669269583046,-0.30202397589732044,-0.29473593149887733,-0.28751624795494024,-0.28037811477294383,-0.2733344372748121,-0.26639781779608285,-0.25958053765117484,-0.2528945397365945,-0.2463514117081047,-0.23996236986702968,-0.23373824391014608,-0.22768946255342826,-0.22182603999024764,-0.2161575632890802,-0.21069318094985334,-0.20544159269802975,-0.20041104037640878,-0.19560929976261576,-0.1910436733069787,-0.18672098396236692,-0.18264757026721412,-0.17882928269004594,-0.1752714811187559,-0.17197903330872322,-0.16895631414563184,-0.16620720580142034,-0.16373509904279615,-0.16154289586150838,-0.15963301339439084,-0.1580073890108551,-0.1566674864388844,-0.15561430280030208,-0.15484837644037697,-0.15436979543957818,-0.15417820667477855,-0.15427282532066044,-0.15465244473044493,-0.1553154466274549,-0.15625981151716672,-0.1574831292565264,-0.1589826097543039,-0.16075509375048824,-0.16279706358693602,-0.1651046539352805,-0.16767366254016025,-0.1704995610792679,-0.1735775062221947,-0.17690235091229312,-0.18046865586905625,-0.18427070133741097,-0.18830249911776775,-0.19255780484904506,-0.19703013045811701,-0.20171275671359723,-0.20659874589859584,-0.21168095467253778,-0.21695204720901273,-0.2224045087033062,-0.22803065934954958,-0.2338226688759235,-0.23977257168375132,-0.245872282551737,-0.2521136127291541,-0.25848828611570696,-0.2649879552646368,-0.27160421715964844,-0.2783286288835427,-0.28515272331485164,-0.2920680249615373,-0.2990660659958593,-0.3061384024019915,-0.3132766299669498,-0.3204723998348058,-0.32771743347900184,-0.33500353708213026,-0.34232261539886366,-0.3496666852141104,-0.3570278884796281,-0.3643985050647416,-0.37177096486366423,-0.3791378589897718,-0.3864919499620427,-0.39382618093583943,-0.4011336840837103,-0.4084077882425774,-0.4156420259241216,-0.42283013976797434,-0.4299660885251271,-0.43704405258264245,-0.44405843885720486,-0.45100388480176434,-0.457875261373772,-0.46466767495313377,-0.47137646826697477,-0.47799722039255244,-0.48452574590636033,-0.490958093240188,-0.4972905423052225,-0.5035196014592174,-0.5096420038952019,-0.5156547035165602,-0.5215548703427046,-0.5273398854827462,-0.5330073357289038,-0.5385550078147361,-0.5439808823700716,-0.5492831276187431,-0.5544600928693981,-0.559510301829711,-0.5644324457575891,-0.5692253764675925,-0.5738880992322706,-0.5784197656199197,-0.5828196662828873,-0.5870872237057014,-0.5912219849267117,-0.59522361423479,-0.5990918858512586,-0.6028266766158481,-0.6064279586765977,-0.6098957921854833,-0.6132303180107428,-0.6164317504580339,-0.6195003699880601,-0.6224365159415228,-0.6252405792845721,-0.6279129953735705,-0.6304542367299604,-0.6328648058083104,-0.6351452277511456,-0.6372960431193704,-0.6393178005597235,-0.6412110494012353,-0.6429763322459294,-0.6446141776462966,-0.6461250929383908,-0.6475095572609675,-0.6487680147707309,-0.6499008680572302,-0.6509084717508316,-0.6517911263042677,-0.6525490719181022,-0.6531824825816273,-0.6536914602221415,-0.6540760290018781,-0.6543361298375174,-0.6544716152081236,-0.6544822442938596,-0.6543676784722692,-0.6541274771684442,-0.653761094036561,-0.6532678734545243,-0.6526470473262052,-0.651897732200517,-0.6510189267153166,-0.6500095093614959,-0.6488682365610714,-0.6475937410479133,-0.6461845305343559,-0.6446389866629048,-0.6429553642647008,-0.6411317909484069,-0.6391662670310367,-0.6370566658205874,-0.6348007342727229,-0.6323960940420932,-0.629840242947111,-0.6271305568829533,-0.6242642921948374,-0.6212385884943288,-0.6180504719444926,-0.614696859097549,-0.6111745613559023,-0.6074802900737737,-0.6036106622972355,-0.5995622071695337,-0.5953313730477632,-0.5909145353705867,-0.5863080053291867,-0.5815080394007524,-0.5765108497879368,-0.5713126157632544,-0.5659094957683095,-0.5602976399484092,-0.554473202841379,-0.5484323561305615,-0.5421713014971772,-0.5356862836416667,-0.528973603546568,-0.5220296320426172,-0.5148508237422007,-0.5074337313721031,-0.4997750203626694,-0.4918714833680369,-0.48372005444307575,-0.4753178227879147,-0.46666204608390416,-0.457750163480803,-0.44857980829910105,-0.43914882050585646,-0.429455259019214,-0.419497413879661,-0.4092738182750537,-0.3987832603013075,-0.38802479423007696,-0.3769977510613316,-0.36570174828057134,-0.3541366988929937,-0.3423028198825264,-0.3302006402290445,-0.3178310085499376,-0.30519510039303555,-0.2922944252067978,-0.2791308329947455,-0.26570652063914224,-0.25202403788426153,-0.23808629298194717,-0.2238965580351575,-0.20945847412227891,-0.19477605626904904,-0.17985369827058406,-0.16469617734676234,-0.14930865861879994,-0.13369669936896855,-0.11786625303906817,-0.10182367293553796,-0.08557571557859234,-0.06912954360630863,-0.052492728149097445,-0.035673250597902495,-0.01867950369400262,-0.0015202918554066969,0.015795169340826476,0.0332572545790768,0.05085593122122134,0.06858076285475789,0.08642091409178931,0.10436515670444635,0.12240187718548867,0.14051908583144979,0.1587044274342233,0.17694519358187222,0.1952283363979035,0.21354048350432464,0.23186795418332906,0.2501967768868951,0.2685127082209604,0.2868012533467166,0.3050476875931949,0.3232370791550565,0.3413543129302994,0.3593841155518831,0.37731108149993275,0.39511970012419795,0.41279438354058584,0.43031949542240966,0.4476793805766235,0.46485839513619,0.4818409372876502,0.49861147841043163,0.5151545943549181,0.5314549966439586,0.5474975635548702,0.5632673710022473,0.5787497230247496,0.5939301817596174,0.6087945968964661,0.6233291345043597,0.6375203050351175,0.6513549904229166,0.6648204703027574,0.6779044472607154,0.6905950709053883,0.7028809606507949,0.7147512272863352,0.7261954934019599,0.7372039125492194,0.7477671869071045,0.7578765833459542,0.76752394797591,0.7767017193386536,0.7854029403366667,0.7936212687947162,0.8013509863658115,0.80858700554721,0.8153248747510489,0.8215607814721722,0.8272915536424463,0.8325146593174892,0.837228204867003,0.8414309317891835,0.8451222122043944,0.8483020431023078,0.8509710394627561,0.8531304263476542,0.8547820300142632,0.8559282680909632,0.8565721388724867,0.8567172097931319,0.8563676051144142,0.855527992862001,0.8542035710701654,0.8524000533699265,0.8501236538939736,0.8473810714638503,0.8441794730836136,0.8405264767709326,0.8364301336910103,0.8318989095411808,0.8269416651839947,0.8215676365825431,0.8157864142009217,0.8096079221419714,0.8030423972544227,0.7961003683151802,0.7887926352869385,0.7811302485606859,0.7731244880429742,0.7647868419445629,0.7561289851478463,0.7471627571630819,0.7379001399237239,0.7283532357593714,0.7185342457018962,0.7084554480493281,0.6981291770201494,0.6875678014236968,0.6767837034934487,0.6657892581270914,0.6545968126136756,0.6432186667336239,0.6316670531144055,0.619954117902445,0.6080919019657713,0.596092322752952,0.5839671567196021,0.5717280221976893,0.5593863627655651,0.5469534313210929,0.5344402749831687,0.52185772078289,0.5092163620563994,0.49652654558668274,0.4837983597223072,0.47104162364200874,0.45826587768421945,0.4454803745671967,0.4326940714928966,0.41991562331594423,0.4071533769112392,0.39441536667674626,0.38170931099065797,0.3690426094748105,0.356422341107951,0.34385526338014927,0.33134781255179035,0.31890610488734694,0.3065359386834672,0.2942427969742951,0.28203185098583106,0.26990796453745247,0.2578756994437228,0.24593932176212974,0.23410280867791755,0.222369855852385,0.21074388515255293,0.19922805285749945,0.18782525854164334,0.17653815471070544,0.1653691570782172,0.15432045530167926,0.14339402400388934,0.13259163390167572,0.12191486284975639,0.11136510669057742,0.10094359000154896,0.09065137697308501,0.08048938259046423,0.0704583841005757,0.0605590326213985,0.0507918647649106,0.04115731415246415,0.03165572267931083,0.022287351417631385,0.013052391062622348,0.003950971803178049,-0.005016827378781841,-0.013850969749576336,-0.02255145194600061,-0.031118295127427587,-0.03955153627904906,-0.04785121979141138,-0.05601738938171508,-0.06405008037698678,-0.07194931236221436,-0.07971508222758672,-0.08734735768774016,-0.09484607136663215,-0.10221111555663498,-0.10944233773584955,-0.11653953687347496,-0.12350246052506009,-0.13033080271395647,-0.13702420256775127,-0.14358224367256156,-0.1500044541468455,-0.15629030746523398,-0.16243922407748101,-0.16845057387522644,-0.17432367952910255,-0.18005782066692433,-0.1856522388230175,-0.1911061430787342,-0.19641871632879315,-0.2015891221084658,-0.20661651193085362,-0.21150003310835075,-0.21623883699383128,-0.22083208753626593,-0.22527897006533948,-0.22957870020970006,-0.23373053280086964,-0.23773377061067436,-0.24158777279073007,-0.24529196286416521,-0.24884583611553523,-0.2522489663491214,-0.2555010121896686,-0.25860172314714447,-0.2615509454990814,-0.26434862787601077,-0.2669948263853854,-0.2694897091218209,-0.2718335600072237,-0.27402678209384135,-0.2760699005379976,-0.2779635652941934,-0.27970855339693657,-0.28130577064338524,-0.28275625256149794,-0.2840611647475555,-0.28522180279782106,-0.2862395919458791,-0.28711608631374474,-0.2878529675997896,-0.2884520430972941,-0.2889152431408135,-0.2892446182145818,-0.2894423358478164,-0.28951067723221513,-0.2894520334224282,-0.28926890102374614,-0.28896387743984775,-0.28853965591886066,-0.28799902058214855,-0.28734484143490846,-0.2865800692450975,-0.285707730148097,-0.28473091985419074,-0.28365279738366667,-0.28247657828088535,-0.28120552730649706,-0.27984295074525534,-0.2783921885805398,-0.2768566067134586,-0.275239589236989,-0.27354453072987184,-0.27177482859419655,-0.26993387547393866,-0.26802505176075186,-0.26605171818262363,-0.2640172084854129,-0.2619248222277122,-0.2597778176891836,-0.25757940485488007,-0.25533273842439996,-0.25304091078892554,-0.2507069449059003,-0.2483337870573834,-0.24592429957348116,-0.2434812535958244,-0.24100732188473017,-0.23850507165411017,-0.23597695742631686,-0.23342531388704657,-0.2308523487428431,-0.2282601356409515,-0.2256506072132396,-0.22302554826617182,-0.2203865891268606,-0.21773519915065265,-0.21507268038026695,-0.21240016136295736,-0.2097185911798931,-0.20702873376141184,-0.20433116255454564,-0.2016262556253423,-0.19891419130591004,-0.19619494451262653,-0.1934682838686257,-0.19073376976278666,-0.1879907534911709,-0.18523837758114325,-0.1824755772241815,-0.17970108257974715,-0.1769134217432935,-0.17411092435524012,-0.17129172596270337,-0.16845377326246336,-0.16559483035653955,-0.16271248614761902,-0.15980416285123056,-0.1568671253816447,-0.1538984913713719,-0.1508952417802334,-0.14785423216406457,-0.14477220470244134,-0.14164580111790315,-0.1384715764996045,-0.13524601377064016,-0.13196553846037062,-0.12862653365882437,-0.12522535525054934,-0.1217583475881483,-0.11822185973499444,-0.11461226229537402,-0.11092596462821547,-0.10715943208015943,-0.10330920298080315,-0.0993719053579909,-0.095344273419677,-0.09122316384119245,-0.08700557188789304,-0.08268864741896209,-0.07826971082983647,-0.0737462689747943,-0.0691160310911414,-0.06437692473354417,-0.0595271116578715,-0.05456500346229376,-0.04948927674476522,-0.0442988876332322,-0.038993085655420145,-0.033571426963575846,-0.028033786938671312,-0.02238037219457567,-0.016611732011448055,-0.010728769230276214,-0.0047327506036864975,0.00137468345859304,0.0075915098586634144,0.013915314583719862,0.020343285292355517,0.026872204689972534,0.03349844474143282,0.04021796185472937,0.04702629317869622,0.053918554129680274,0.060889437263980994,0.06793321266133034,0.07504373002164044,0.0822144226212913,0.08943831311398753,0.09670802098035836,0.10401577141138318,0.1113534055979315,0.1187123925568514,0.1260838426263362,0.13345852264017566,0.14082687262195748,0.1481790238277938,0.15550481814138806,0.16279382893377203,0.17003538338624224,0.1772185860737423,0.1843323435716755,0.19136539001173247,0.19830631360241568,0.20514358398630606,0.2118655801867959,0.21846061903753622,0.22491698415613826,0.23122295545140048,0.23736683900457223,0.2433369971999042,0.2491218790940195,0.2547100509536122,0.26009022674416826,0.2652512983848325,0.27018236574646437,0.2748727663769728,0.2793121047653244,0.2834902808928206,0.28739751799010804,0.2910243895913922,0.29436184594816694,0.2974012396546897,0.3001343501965579,0.30255340724598767,0.30465111271902856,0.3064206616974303,0.30785576231461675,0.30895065460713766,0.309700128142012,0.31009953810757906,0.3101448196448544,0.3098325003757765,0.30915971118059815,0.3081241952818772,0.3067243156663082,0.3049590608599999,0.3028280490809152,0.30033153080402997,0.297470389765671,0.2942461424032743,0.29066093572479446,0.2867175436549232,0.28241936192448236,0.27777040152472665,0.2727752807401487,0.2674392157981629,0.26176801018702633,0.255768042715097,0.24944625443220048,0.24281013454595524,0.23586770540919133,0.2286275065911596,0.22109857800242594,0.21329044200835767,0.20521308446552666,0.19687693463963285,0.18829284395003043,0.17947206346192246,0.17042622015577535,0.1611672922169447,0.15170758364499193,0.14205969831427723,0.13223651343528786,0.12225115235460748,0.11211695679475042,0.10184745877339196,0.09145635239012506,0.0809574655130092,0.07036473133226195,0.05969215986488052,0.04895380961712448,0.03816375952415996,0.02733608109421226,0.01648481062168372,0.00562392149729618,-0.005232703106379688,-0.016071296894189402,-0.02687823643238829,-0.03764006659881858,-0.048343525547856814,-0.05897556904248091,-0.06952339395370899,-0.07997446088448612,-0.09031651603859814,-0.1005376124544668,-0.11062613053921666,-0.12057079768069201,-0.1303607068218966,-0.1399853340922661,-0.14943455566525188,-0.15869866392937126,-0.1677683828663774,-0.1766348823959092,-0.18528979152620906,-0.1937252103353515,-0.20193372090484019,-0.2099083972997775,-0.21764281458553825,-0.22513105673158407,-0.23236772320421295,-0.23934793416761124,-0.24606733434394812,-0.25252209563510064,-0.2587089186492264,-0.26462503330260745,-0.2702681986352573,-0.27563670189452694,-0.280729356818604,-0.28554550094334985,-0.2900849917482873,-0.2943482015645813,-0.29833601129909937,-0.3020498030770753,-0.3054914518739338,-0.30866331618897647,-0.3115682278277916,-0.3142094808456406,-0.3165908196804139,-0.3187164265312177,-0.32059090805690005,-0.32221928140641154,-0.3236069595697515,-0.32475973609797393,-0.3256837692351624,-0.3263855654474739,-0.32687196236393135,-0.327150111176735,-0.32722745849875423,-0.3271117276819595,-0.32681089966551014,-0.32633319341138645,-0.32568704595388454,-0.3248810921099974,-0.3239241439051952,-0.3228251697452933,-0.32159327337625854,-0.3202376727203742,-0.31876767868217115,-0.3171926739669857,-0.31552209191916347,-0.313765395392835,-0.31193205566703597,-0.31003153137196193,-0.308073247337056,-0.3060665732474064,-0.30402080197496417,-0.3019451274792715,-0.29984862238228516,-0.29774021557680896,-0.29562867020904804,-0.293522562124231,-0.2914302586789006,-0.2893598978126377,-0.28731936741358055,-0.28531628521030683,-0.28335797944011887,-0.28145147035307616,-0.2796034524590425,-0.27782027741199755,-0.27610793753169105,-0.27447205015823073,-0.27291784311411504,-0.27145014139669144,-0.27007335506674934,-0.26879146826645695,-0.26760802935815065,-0.26652614234114225,-0.2655484598358129,-0.2646771778256678,-0.2639140321572029,-0.26326029671688644,-0.2627167831799966,-0.2622838421947904,-0.2619613658823212,-0.2617487915702412,-0.261645106738122,-0.2616488553002583,-0.26175814544937026,-0.26197065918992024,-0.26228366354697386,-0.2626940233661159,-0.26319821561205714,-0.2637923450831252,-0.26447216142938146,-0.2652330773261298,-0.2660701876630682,-0.2669782896455146,-0.2679519037192506,-0.26898529521055536,-0.27007249655594023,-0.2712073300037474,-0.27238343069341653,-0.273594270035872,-0.2748331793100718,-0.27609337338326867,-0.2773679744608373,-0.27865003576633995,-0.2799325650711708,-0.281208548022029,-0.28247097120115683,-0.28371284483721126,-0.28492722510895874,-0.28610723600119314,-0.28724609065733375,-0.2883371121761016,-0.2893737538222112,-0.29034961862000586,-0.2912584782929315,-0.2920942915344895,-0.2928512216037973,-0.2935236532227634,-0.29410620875519555,-0.29459376367348256,-0.2949814613387858,-0.29526472711730634,-0.29543928180580536,-0.2955011543012276,-0.2954466934756965,-0.2952725792695645,-0.2949758330487313,-0.2945538272919066,-0.29400429468930156,-0.2933253367362596,-0.2925154318928662,-0.29157344337907887,-0.290498626658497,-0.2892906365545116,-0.28794953375587085,-0.28647579039016335,-0.28487029444876555,-0.2831343529868846,-0.2812696941030808,-0.2792784677453284,-0.2771632453738704,-0.27492701845310563,-0.27257319574543004,-0.27010559943993684,-0.267528460170503,-0.26484641095105843,-0.26206448004973026,-0.25918808284220773,-0.2562230126752141,-0.2531754307517531,-0.2500518550612796,-0.24685914838685363,-0.24360450540893197,-0.24029543891717964,-0.236939765122699,-0.23354558806215664,-0.23012128311204805,-0.22667547961315648,-0.22321704258066433,-0.21975505351679203,-0.21629879039470268,-0.21285770691112305,-0.20944141111564107,-0.20605964350147588,-0.20272225462284865,-0.19943918231607682,-0.19622042860689248,-0.1930760363919788,-0.19001606597866072,-0.18705057153091076,-0.18418957746307996,-0.18144305482586276,-0.17882089769518217,-0.17633289954372344,-0.1739887295694018,-0.1717979089666315,-0.16976978713528723,-0.1679135178103337,-0.16623803509060764,-0.16475202934840638,-0.16346392304602375,-0.16238184664553046,-0.16151361494092242,-0.16086670410436454,-0.16044822960719785,-0.16026492506339451,-0.16032312198904464,-0.16062873050169202,-0.16118722101663252,-0.16200360697244776,-0.16308242860675648,-0.16442773783455777,-0.16604308426718006,-0.16793150237890586,-0.1700954998670241,-0.17253704726183372,-0.17525756876067788,-0.17825793420848868,-0.18153845219055853,-0.18509886426976863,-0.1889383404300986,-0.19305547576126258,-0.19744828836554262,-0.20211421843064414,-0.20705012840035408,-0.21225230418294672,-0.2177164573874677,-0.22343772864886802,-0.2294106921220873,-0.23562936120162448,-0.24208719552504476,-0.24877710932323538,-0.25569148117432405,-0.2628221652263818,-0.2701605039651014,-0.2776973425963831,-0.28542304502398963,-0.2933275112220741,-0.3014001957223513,-0.30963012708505744,-0.3180059284308925,-0.32651583918654126,-0.3351477381574952,-0.3438891679080953,-0.35272736021200757,-0.3616492622505447,-0.37064156340419174,-0.3796907226537911,-0.38878299664599325,-0.3979044684708697,-0.40704107706323356,-0.4161786469370128,-0.42530291797773856,-0.4343995752044094,-0.4434542785481952,-0.45245269273509336,-0.46138051725517215,-0.4702235161756221,-0.4789675474462314,-0.4875985914912917,-0.49610277907805767,-0.5044664185168344,-0.5126760222449249,-0.5207183328584932,-0.5285803486564546,-0.5362493487262654,-0.5437129174899198,-0.5509589684503879,-0.5579757668261962,-0.5647519509093826,-0.5712765521301364,-0.577539013837189,-0.5835292087799857,-0.5892374552795303,-0.5946545321033128,-0.5997716920811911,-0.6045806744990543,-0.6090737163039748,-0.6132435621611805,-0.6170834734029285,-0.620587235888145,-0.6237491667805628,-0.626564120263005,-0.6290274922148527,-0.6311352238687462,-0.6328838044370286,-0.6342702726976199,-0.6352922175314291,-0.6359477773849136,-0.6362356386443082,-0.6361550329695476,-0.6357057336486349,-0.634888050952604,-0.6337028264350764,-0.6321514261790995,-0.630235733013734,-0.6279581376839758,-0.6253215289397289,-0.6223292825160343,-0.6189852489519652,-0.6152937401367851,-0.6112595144611106,-0.606887760552155,-0.602184079784422,-0.5971544679385303,-0.5918052963123728,-0.5861432923606316,-0.5801755198082788,-0.5739093581608117,-0.5673524815225264,-0.5605128366257759,-0.5533986200428842,-0.5460182547640073,-0.5383803665183464,-0.5304937601437203,-0.5223673960663646,-0.5140103668219851,-0.5054318735642127,-0.49664120254249866,-0.48764770159650794,-0.47846075689299283,-0.4690897702833823,-0.45954413755902124,-0.44983322765811806,-0.4399663627955519,-0.4299527994970802,-0.41980171049616644,-0.4095221674351279,-0.3991231243411093,-0.38861340186317506,-0.3780016722407211,-0.36729644502427305,-0.35650605371416333,-0.34563864354426954,-0.33470216051853185,-0.32370434168610274,-0.31265270664001577,-0.3015545502379027,-0.2904169364942675,-0.27924669354860043,-0.2680504096479055,-0.25683443015556406,-0.2456048555946495,-0.23436754067835608,-0.2231280942597209,-0.21189188011852877,-0.20066401848988846,-0.18944938825979563,-0.1782526297703768,-0.1670781481809982,-0.1559301173317138,-0.14481248403404123,-0.13372897273558237,-0.1226830905735028,-0.11167813283933725,-0.10071718882800695,-0.08980314803014267,-0.07893870663295388,-0.06812637428403434,-0.05736848107184045,-0.046667184686256746,-0.03602447772853168,-0.025442195156756497,-0.014922021847894484,-0.004465500235902198,0.005925961998748619,0.01625108418985377,0.02650870491016377,0.036697774185682874,0.04681734571991569,0.05686656914706134,0.06684468233485319,0.07675100374948585,0.08658492487991509,0.09634590270725596,0.1060334522107027,0.11564713891804956,0.12518657151137802,0.1346513944976948,0.14404128095394242,0.15335592534435705,0.16259503640495154,0.17175833009581254,0.1808455226292125,0.1898563235880033,0.19879042914897127,0.20764751541887705,0.2164272318947411,0.22512919507713747,0.23375298228032904,0.24229812568268017,0.2507641066410926,0.25915035026604016,0.2674562202506152,0.27568101395527833,0.28382395775056324,0.2918842026280899,0.29986082010146475,0.30775279841667214,0.31555903907133853,0.3232783536265629,0.3309094608063532,0.3384509838987597,0.3459014484771359,0.3532592804721446,0.36052280462651964,0.36769024334839173,0.374759715980872,0.38172923850665086,0.3885967236838894,0.39535998156932806,0.40201672035120595,0.4085645474302382,0.41500097074376896,0.42132340035750104,0.42752915033677397,0.4336154409143944,0.4395794009661813,0.44541807074100603,0.4511284047621018,0.45670727486965745,0.4621514734283494,0.4674577167383376,0.472622648679085,0.47764284458867934,0.4825148153337864,0.4872350114983419,0.49179982766899144,0.49620560684455484,0.5004486449977819,0.5045251958356829,0.5084314758226824,0.512163669507558,0.5157179351358749,0.5190904104718683,0.5222772187638114,0.5252744748571416,0.5280782915152429,0.5306847860148096,0.5330900870621136,0.5352903420761237,0.5372817248880253,0.5390604438714135,0.5406227504755989,0.541964948126811,0.5430834014788388,0.5439745460149581,0.5446348980330527,0.5450610650762968,0.5452497568635266,0.5451977967548416,0.544902133803717,0.5443598554070306,0.5435682003820972,0.5425245721237744,0.5412265515309969,0.5396719095769811,0.5378586195272277,0.535784868841013,0.5334490707963511,0.5308498758750488,0.5279861829345336,0.5248571501894759,0.5214622060294261,0.5178010596918128,0.5138737117498735,0.5096804642458181,0.5052219302295242,0.5004990425558802,0.4955130619177055,0.49026558413201116,0.4847585467062956,0.47899423471372415,0.47297528599052185,0.46670469567442296,0.46018582010831466,0.453422380096427,0.4464184634818622,0.43917852702910665,0.4317073976007535,0.42401027262948787,0.41609271991568164,0.4079606767826718,0.39962044857794154,0.39107870646507337,0.38234248444234,0.37341917552205217,0.3643165269854407,0.3550426346055744,0.3456059357147865,0.3360152009919375,0.32627952488470413,0.3164083147198866,0.3064112787513835,0.29629841345375496,0.2860799902324871,0.275766541558383,0.2653688464250905,0.25489791499021663,0.24436497230927756,0.23378144115473987,0.22315892402102122,0.21250918455546497,0.20184412869812007,0.19117578567856697,0.18051628884951043,0.16987785626510998,0.1592727709179087,0.1487133605605777,0.1382119770343735,0.12778097511949937,0.11743269115472543,0.10717942177456763,0.09703340295278196,0.08700678937102424,0.07711163406316501,0.06735986824169515,0.05776328121394414,0.048333500325753675,0.03908197086504117,0.030019935895133187,0.021158416163537197,0.012508190409377562,0.004079776349890096,-0.004116587550115014,-0.012070959536686132,-0.019773711322102372,-0.02721554423681738,-0.0343875048452702,-0.04128100004965063,-0.04788781172180023,-0.05420011093606547,-0.06021047180834671,-0.06591188475280774,-0.07129776885107475,-0.07636198313358022,-0.08109883673699159,-0.0855030979713618,-0.08957000235223234,-0.09329525966338537,-0.09667506010916327,-0.09970607961198397,-0.10238548430351102,-0.10471093423355171,-0.10668058632416688,-0.10829309661332331,-0.10954762181165734,-0.11044382017782794,-0.11098185172139807,-0.11116237772780124,-0.11098655960294934,-0.11045605707666795,-0.1095730258103984,-0.1083401144199172,-0.10676046090937064,-0.10483768851274533,-0.10257590092857782,-0.09997967691221277,-0.09705406416261297,-0.09380457243337759,-0.09023716581192076,-0.08635825413184506,-0.08217468352171409,-0.07769372610840009,-0.07292306885491229,-0.06787080148614422,-0.06254540348074755,-0.05695573012957311,-0.05111099762401494,-0.045020767121826566,-0.03869492777772621,-0.03214367873517432,-0.025377510112456036,-0.018407183109154346,-0.011243709368599752,-0.0038983296828476455,0.0036175078838809327,0.011292170377103616,0.01911386276292859,0.027070651093914933,0.03515048598628567,0.04334122640841542,0.051630663831097934,0.06000654681547246,0.06845660609123883,0.076968580168149,0.08553024147511223,0.09412942281630166,0.10275404378724318,0.11139213693535766,0.12003187364961576,0.12866158980082787,0.13726981107875247,0.14584527782065493,0.15437696901545195,0.1628541252718847,0.17126627075167278,0.17960323417179325,0.18785516888284803,0.19601257179952825,0.20406630087144606,0.212007590923605,0.21982806786049025,0.22751976132324359,0.23507511593223995,0.24248700123473554,0.24974872037373075,0.2568540173003484,0.2637970822522959,0.2705725553495455,0.2771755283537445,0.2836015447146707,0.2898465980099232,0.2959071288602715,0.3017800203893586,0.3074625922867966,0.3129525935233701,0.31824819375771085,0.3233479735087741,0.32825091323574185,0.33295638146055495,0.3374641220072121,0.3417742404228221,0.3458871896777467,0.349803755244551,0.3535250396392513,0.35705244652151436,0.36038766445228276,0.3635326503755749,0.3664896128901276,0.3692609954042041,0.37184945925258717,0.3742578668377732,0.37648926487101875,0.3785468677831574,0.38043404136152503,0.382154286680894,0.38371122439076544,0.3851085794018232,0.3863501660163067,0.3874398735140261,0.3883816521593957,0.3891794996356026,0.3898374479558626,0.3903595508912332,0.390749871967202,0.3910124730814246,0.3911514037633097,0.3911706911137003,0.39107433049413487,0.3908662770183895,0.39055043786450483,0.39013066542616315,0.38961075136124634,0.38899442159249276,0.3882853322469515,0.38748706648326703,0.38660313217795306,0.38563696049487817,0.3845919054118099,0.3834712442550625,0.3822781792381633,0.3810158399814867,0.37968728696578324,0.3782955158534236,0.37684346262911106,0.37533400954066565,0.37376999181453385,0.37215420507603625,0.3704894134088548,0.3687783580509105,0.367023766728245,0.36522836357628563,0.3633948795601043,0.36152606328094805,0.3596246920456636,0.35769358308956356,0.3557356048807563,0.353753688464856,0.3517508388151356,0.34973014615577824,0.34769479722470464,0.3456480864274525,0.34359342679736926,0.34153436063400733,0.33947456967624134,0.33741788467839484,0.33536829428356185,0.3333299530826679,0.3313071886898271,0.32930450766234287,0.3273266001916326,0.32537834362113927,0.3234648049625548,0.3215912426031906,0.31976310726990675,0.3179860421413636,0.3162658819251547,0.3146086507375685,0.31302055864539113,0.3115079967056005,0.3100775303081491,0.30873589069062746,0.3074899647062779,0.30634678311231767,0.30531350756307063,0.30439741625763617,0.3036058880894217,0.302946385212131,0.3024264341130234,0.30205360546354143,0.30183549298868684,0.30177969136305904,0.30189377301615394,0.3021852638997018,0.30266161847517026,0.3033301941177058,0.3041982249496087,0.305272795076327,0.30656081132813995,0.30806897576931647,0.30980375822873185,0.3117713689316801,0.31397773117697625,0.31642845406283726,0.3191288054812986,0.32208368571984636,0.3252976018753273,0.32877464308178617,0.3325184564795549,0.33653222387373205,0.340818639045672,0.345379885689276,0.3502176160230235,0.3553329302927821,0.36072635745775017,0.36639783724506714,0.3723467036004209,0.3785716694936596,0.38507081304436497,0.3918415649235172,0.3988806969795178,0.4061843120739397,0.4137478351394108,0.42156600546428535,0.4296328702154142,0.43794177923036415,0.4464853811243117,0.4552556207633387,0.46424373815219155,0.4734402687705952,0.4828350453848955,0.4924172013792685,0.5021751756815647,0.5120967193726642,0.5221689040505595,0.5323781320127949,0.5427101483658632,0.5531500552316899,0.5636823282311312,0.5742908352946472,0.5849588576024516,0.5956691123677302,0.6064037773835196,0.6171445174665351,0.6278725128769977,0.6385684895609955,0.6492127509890508,0.6597852115518634,0.6702654315778176,0.6806326538683791,0.6908658415245341,0.700943716973768,0.7108448022051164,0.7205474600772988,0.7300299364949012,0.7392704033890638,0.7482470024612837,0.7569378895114056,0.7653212791850663,0.7733754900763827,0.7810789900720536,0.7884104417663877,0.7953487478122483,0.8018730960599569,0.8079630043431578,0.8135983648427398,0.8187594878857567,0.8234271449370354,0.8275826106634341,0.8312077040485946,0.8342848284518354,0.8367970105112263,0.8387279379036485,0.8400619959169902,0.84078430262403,0.8408807424680305,0.8403379982475059,0.839143581538849,0.8372858614414582,0.834754091413636,0.8315384340767409,0.8276299840571326,0.8230207890265149,0.8177038690979757,0.8116732346902822,0.8049239028505042,0.7974519118408949,0.7892543337289339,0.7803292848470775,0.7706759341439948,0.760294509513642,0.7491863021943104,0.7373536693245342,0.724800034730805,0.7115298879892435,0.6975487817738966,0.6828633275095655,0.6674811893768648,0.6514110767330976,0.6346627350213012,0.6172469352458165,0.5991754620390068,0.5804611002597397,0.5611176200455432,0.5411597602645415,0.5206032102775779,0.4994645898863084,0.47776142746464245,0.45551213648307254,0.4327359906744377,0.40945309791016626,0.3856843727144863,0.36145150741587173,0.33677694211055353,0.31168383363282715,0.2861960235495786,0.2603380051194577,0.2341348893075832,0.20761237005127242,0.18079668884561073,0.15371459859417058,0.12639332678764248,0.09886053819038665,0.0711442970971703,0.043273029118559236,0.015275482569066412,-0.012819310396338324,-0.04098207287493949,-0.06918332254034709,-0.09739341108259936,-0.12558256367570664,-0.1537209184909898,-0.1817785662104825,-0.20972558940189145,-0.2375321017146419,-0.2651682869472296,-0.29260443792753676,-0.319810995088055,-0.34675858475162613,-0.37341805717956333,-0.39976052428864506,-0.4257573969300381,-0.45138042175468485,-0.47660171765768666,-0.5013938116640944,-0.5257296741967323,-0.5495827538098368,-0.5729270113896234,-0.5957369536872221,-0.6179876661151056,-0.6396548448655182,-0.6607148283766762,-0.6811446280317668,-0.7009219579661305,-0.7200252640361384,-0.7384337520796151,-0.7561274154031778,-0.7730870612744312,-0.7892943363353382,-0.8047317510633576,-0.819382703412046,-0.8332315015488732,-0.8462633854213237,-0.858464546983555,-0.8698221491597593,-0.8803243437244035,-0.8899602882410349,-0.8987201620412151,-0.9065951809810997,-0.9135776106459232,-0.9196607778560804,-0.9248390805037872,-0.9291079958143342,-0.9324640871444245,-0.9349050094081051,-0.9364295131975169,-0.9370374476812628,-0.9367297623542825,-0.9355085076760332,-0.9333768346110389,-0.9303389930592587,-0.926400329133763,-0.9215672812205042,-0.9158473747491129,-0.9092492156295293,-0.9017824823110772,-0.893457916366188,-0.8842873114892171,-0.8742835008718899,-0.8634603429644585,-0.8518327056162178,-0.8394164485636963,-0.8262284042065176,-0.8122863565857728,-0.7976090184726203,-0.7822160064714225,-0.7661278140421999,-0.7493657824310134,-0.7319520696929942,-0.7139096180876905,-0.6952621199864311,-0.6760339822422665,-0.6562502889625605,-0.635936762811653,-0.6151197251004064,-0.5938260547916769,-0.5720831463999758,-0.5499188668350001,-0.5273615113879302,-0.504439759031257,-0.4811826270684634,-0.45761942520940124,-0.4337797092844511,-0.4096932347440969,-0.385389909965248,-0.3608997494729067,-0.3362528272637917,-0.31147923032276736,-0.2866090124154752,-0.2616721483339859,-0.23669848870332544,-0.21171771533622774,-0.1867592972087806,-0.16185244723269676,-0.13702607990585847,-0.11230876984651417,-0.08772871130792481,-0.0633136788094717,-0.0390909889186517,-0.015087463210228691,0.008670607463791669,0.03215749729731954,0.0553480785029663,0.07821785296856376,0.10074298246293978,0.12290031726146111,0.14466742325698334,0.1660226076850435,0.18694494341112744,0.20741429158537983,0.2274113225977601,0.24691753548093232,0.26591527589321373,0.2843877526069605,0.30231905236005474,0.3196941530926196,0.3364989357488142,0.35272019479294414,0.3683456473883808,0.38336394102883986,0.39776465948806106,0.4115383271352542,0.42467641175758786,0.4371713260418204,0.4490164278287594,0.46020601915407866,0.4707353439393458,0.48060058413484796,0.48979885421697844,0.4983281940539612,0.5061875602029673,0.5133768157644738,0.5198967189413182,0.5257489103842161,0.5309358993755922,0.5354610489353533,0.5393285599235682,0.54254345417786,0.5451115567321878,0.5470394771690579,0.5483345901176833,0.5490050148922165,0.5490595942809122,0.5485078724861836,0.547360072191033,0.5456270707276403,0.5433203753278448,0.540452097481321,0.5370349265397181,0.5330821027726884,0.5286073900661776,0.5236250484039999,0.5181498061822083,0.512196832322708,0.5057817081172473,0.4989203986993971,0.4916292240250897,0.4839248292684033,0.47582415462085237,0.46734440466510563,0.4585030176013518,0.4493176344578629,0.43980606824045054,0.4299862730034576,0.4198763129967702,0.4094943321447104,0.39885852399017097,0.387987102051639,0.376898270588768,0.3656101959768492,0.3541409789116017,0.3425086274646034,0.33073103089255795,0.3188259342160862,0.3068109137523578,0.29470335379120627,0.28252042444381686,0.270279060549683,0.25799594153428274,0.24568747225907828,0.23336976505200369,0.22105862308917068,0.2087695251505295,0.19651761162330672,0.1843176715486905,0.1721841305259204,0.16013103943563323,0.14817206413698614,0.13632047632664523,0.12458914561064915,0.11299053272431081,0.10153668380654324,0.09023922560607645,0.07910936144061509,0.06815786772904175,0.057395091016900324,0.04683094557076117,0.036474911710669744,0.026336034982442413,0.016422926139874505,0.006743761846330187,-0.0026937139878313587,-0.011882188299267682,-0.020814776467986462,-0.029485019515981037,-0.03788688101515447,-0.0460147437954177,-0.053863406558271265,-0.06142808051594528,-0.06870438614581076,-0.07568835012995834,-0.08237640255413936,-0.08876537441010157,-0.09485249533528162,-0.1006353913683995,-0.1061120824557662,-0.11128097955857186,-0.11614088134152922,-0.12069097048338762,-0.12493080965804637,-0.12886033721924406,-0.13247986261582412,-0.13579006156998474,-0.13879197104521523,-0.14148698402885174,-0.14387684416288238,-0.1459636402513027,-0.1477498006430622,-0.14923808746704736,-0.15043159071510104,-0.15133372218842567,-0.15194820929722397,-0.1522790886845229,-0.15233069966186719,-0.1521076774639809,-0.15161494636685546,-0.15085771274787163,-0.14984145813765792,-0.14857193225412146,-0.14705514596972336,-0.14529736415305194,-0.14330509832798555,-0.1410850990906667,-0.13864434825902805,-0.13599005082310356,-0.13312962679269447,-0.13007070296235668,-0.12682110454834117,-0.12338884662099048,-0.11978212522917175,-0.11600930809996157,-0.1120789248045071,-0.10799965632056541,-0.10378032396801018,-0.09942987769177591,-0.09495738369226814,-0.09037201157173058,-0.08568302129194194,-0.08089975010494754,-0.07603159941237436,-0.07108802143828541,-0.06607850559927186,-0.061012564521234935,-0.055899719835586836,-0.050749488012392874,-0.04557136637676962,-0.04037481926035014,-0.035169264152735025,-0.029964057753780082,-0.024768482000979475,-0.019591730318303746,-0.014442894260362493,-0.009330950515376912,-0.00426474811366262,0.0007470042786437148,0.005695750918434328,0.010573101145020303,0.01537084091741292,0.020080943691674236,0.024695580719857446,0.02920713085607929,0.03360818985181169,0.03789157895248252,0.04205035258363665,0.04607780509914505,0.04996747671004442,0.05371315870550575,0.057308898053221924,0.06074900148346529,0.06402803916081723,0.06714084801985365,0.0700825347914602,0.0728484786631256,0.07543433348120487,0.07783602948602208,0.08004977465697038,0.08207205574432663,0.08389963904661357,0.08552957100535963,0.08695917868527658,0.08818607016922897,0.08920813488567347,0.09002354391078171,0.09063075027919609,0.09102848930594831,0.09121577892447164,0.09119192007335641,0.09095649717363585,0.0905093787347937,0.08985071811626,0.08898095444991583,0.08790081368999836,0.08661130970052966,0.08511374528307414,0.08340971310547474,0.08150109649879056,0.079390070029703,0.07707909976534211,0.07457094319887858,0.07186864876513255,0.06897555480533413,0.06589528783576526,0.0626317599848818,0.059189165441743796,0.055571975751178115,0.05178493385621863,0.047833046944461444,0.043721578303632214,0.039456038388038905,0.035042175140780785,0.030485963435964436,0.025793593442621443,0.020971457864838783,0.016026138280913926,0.01096439086362011,0.005793131521222961,0.0005194202984810659,-0.004849555028386021,-0.010306495963220641,-0.01584401058865126,-0.02145463099427758,-0.027130830893121072,-0.032865043545626804,-0.03864967997207458,-0.044477147240549186,-0.05033986663149648,-0.0562302916610804,-0.062140926031759136,-0.06806434145322982,-0.07399319507111102,-0.07992024622570426,-0.08583837243944004,-0.09174058467567647,-0.09762004195868457,-0.10347006543589288,-0.10928415188094931,-0.11505598644664161,-0.12077945433839687,-0.1264486511875802,-0.13205789209906982,-0.13760171941370913,-0.14307490923050636,-0.148472476750392,-0.1537896804969492,-0.1590220254520247,-0.1641652651612162,-0.16921540288187487,-0.17416869182844152,-0.17902163456291476,-0.18377098159209737,-0.18841372922251765,-0.19294711671356168,-0.19736862278278977,-0.20167596151446077,-0.20586707770084445,-0.20994014162191377,-0.2138935432239606,-0.2177258856404478,-0.22143597808210558,-0.22502282824160602,-0.228485634390303,-0.23182377728564063,-0.2350368119356787,-0.2381244592508196,-0.24108659763078322,-0.24392325452593155,-0.24663459800581933,-0.24922092838693288,-0.251682669965696,-0.2540203628665765,-0.2562346549919283,-0.25832629408330376,-0.26029611992309754,-0.262145056682904,-0.2638741054204701,-0.2654843367429791,-0.2669768836395363,-0.26835293446735164,-0.26961372609251555,-0.2707605372235804,-0.2717946819966386,-0.27271750384169735,-0.27353036961840616,-0.27423466400142615,-0.27483178409919873,-0.2753231342650082,-0.2757101210070658,-0.2759941478626047,-0.27617661011818484,-0.2762588893209639,-0.2762423476199132,-0.2761283221286206,-0.27591811963398527,-0.27561301195438404,-0.275214232091777,-0.2747229711416068,-0.2741403758281322,-0.2734675465504992,-0.2727055358879511,-0.27185534753800056,-0.27091793565461586,-0.2698942045406696,-0.26878500860082255,-0.2675911524164576,-0.2663133908713604,-0.26495242944128705,-0.26350892491793587,-0.26198348680034655,-0.26037667939960585,-0.25868902457504817,-0.2569210050207502,-0.2550730680807902,-0.2531456301069994,-0.2511390813353884,-0.24905379118823134,-0.24689011387789606,-0.24464839422363838,-0.24232897365196493,-0.23993219637522145,-0.23745841574714177,-0.23490800079707697,-0.23228134293077574,-0.22957886274373607,-0.22680101684743192,-0.22394830460504522,-0.22102127472137312,-0.21802053168985935,-0.2149467421097242,-0.2118006408538804,-0.20858303706730652,-0.20529482000968358,-0.20193696475802625,-0.19851053774954863,-0.1950167021051925,-0.19145672264883729,-0.18783197054268896,-0.18414392747853014,-0.18039418938419516,-0.1765844696408294,-0.17271660181554438,-0.16879254188452109,-0.16481436992312126,-0.1607842912624875,-0.15670463710307558,-0.1525778645494711,-0.14840655603251207,-0.1441934181004072,-0.13994127954449453,-0.1356530888100238,-0.13133191064707717,-0.12698092196229993,-0.12260340692393612,-0.11820275159034566,-0.11378243843776659,-0.10934604100931011,-0.10489721871071822,-0.1004397117147704,-0.09597733592818258,-0.09151397796274807,-0.08705359005195135,-0.08260018485279375,-0.07815783007190902,-0.07373064288173481,-0.06932278418582172,-0.06493845294061629,-0.06058188080343285,-0.05625732726768007,-0.051969075293236244,-0.04772142735959051,-0.04351870186525986,-0.03936522982846924,-0.03526535185718416,-0.031223415342950034,-0.02724377182563842,-0.02333077449359422,-0.01948877580787922,-0.015722125246327323,-0.012035167145519665,-0.008432238601898234,-0.004917667389342739,-0.0014957698474233894,0.0018291513051664765,0.005052809274339154,0.008170935656487188,0.011179283108454285,0.014073628245213854,0.016849774785782756,0.019503556987729098,0.022030843421262603,0.02442754113292267,0.02668960026272771,0.028813019181129107,0.030793850180700133,0.03262820569711522,0.03431226500262596,0.035842281351833094,0.03721458959391555,0.03842561422938928,0.03947187784307715,0.04035000986463899,0.04105675563774014,0.041588985746159324,0.04194370552609428,0.04211806472680024,0.042109367276211174,0.0419150810715152,0.041532847719139454,0.04096049215679898,0.04019603207026279,0.03923768701834973,0.03808388721511591,0.036733281991516264,0.035184748042837555,0.033437397557960935,0.03149058623982626,0.029343921188150546,0.026997268626182347,0.024450761428290946,0.021704806360041573,0.01876009096625353,0.015617590097548373,0.012278572044415625,0.008744604188287042,0.00501755806748605,0.0010996137901244651,-0.0030067362437122824,-0.007298684335580674,-0.011773105206351886,-0.01642655444781127,-0.021255267767600117,-0.026255161126250925,-0.03142183184211689,-0.03675056070981242,-0.042236315171855665,-0.04787375357776824,-0.05365723056542038,-0.05958080360794327,-0.06563824077348102,-0.07182302975672172,-0.07812838819287293,-0.08454727508151194,-0.0910724029985559,-0.09769625086533296,-0.10441107724545873,-0.11120893424058664,-0.11808168204593272,-0.12502100418023332,-0.13201842339765335,-0.13906531828458668,-0.14615294039357707,-0.15327243156067283,-0.16041484107820025,-0.16757114262955497,-0.17473225105744916,-0.18188903902733955,-0.18903235358988013,-0.1961530326675316,-0.20324192154646425,-0.21028988939256976,-0.21728784560161785,-0.22422675565113082,-0.23109765620730371,-0.23789166938257011,-0.24460001608998994,-0.2512140285056432,-0.2577251617148377,-0.2641250045917687,-0.2704052899226639,-0.2765579038007928,-0.2825748943689135,-0.2884484800026428,-0.29417105697806534,-0.29973520660095687,-0.3051337018044862,-0.31035951330595424,-0.3154058154278232,-0.3202659916264139,-0.324933639719994,-0.3294025768118587,-0.33366684392179025,-0.3377207102873072,-0.3415586772097754,-0.34517548133747766,-0.34856609738611866,-0.3517257403489964,-0.3546498672039746,-0.35733417808290113,-0.35977461689658696,-0.3619673714537157,-0.3639088731189304,-0.36559579603432724,-0.3670250559320394,-0.3681938086003953,-0.36909944807280937,-0.3697396045774397,-0.3701121422717364,-0.3702151567963696,-0.37004697267973086,-0.369606140624235,-0.3688914347197283,-0.36790184961549954,-0.3666365976654262,-0.36509510607469764,-0.3632770140805164,-0.3611821701786866,-0.35881062940126185,-0.35616265066831687,-0.35323869423756804,-0.35003941925124593,-0.3465656813808593,-0.3428185305981444,-0.338799209115507,-0.3345091495258714,-0.3299499731584561,-0.32512348866097796,-0.3200316908159593,-0.3146767596064066,-0.30906105953311425,-0.3031871391587231,-0.2970577308615532,-0.29067575080368613,-0.2840442991047425,-0.27716666018935854,-0.27004630328393375,-0.2626868830426332,-0.2550922402624991,-0.24726640264132982,-0.23921358554670036,-0.23093819277215033,-0.2224448172503557,-0.21373824168003352,-0.20482343900296485,-0.19570557266160193,-0.18638999658550404,-0.17688225486964626,-0.1671880811081934,-0.15731339734479377,-0.14726431259389017,-0.13704712086423143,-0.12666829858859074,-0.11613450136452741,-0.10545255991878122,-0.09462947520869847,-0.08367241257518288,-0.07258869489028541,-0.06138579478963635,-0.050071326265310745,-0.03865303587495106,-0.02713879363030003,-0.015536583490160183,-0.003854493343439458,0.007899295623758462,0.019716520176459085,0.03158884669430506,0.043507882963766065,0.05546518995998895,0.06745229366053707,0.07946069700358294,0.09148189206167245,0.1035073723152351,0.11552864473613056,0.1275372414682181,0.1395247311033998,0.15148272966270326,0.16340291138770624,0.17527701934288586,0.18709687561304378,0.19885439078536393,0.21054157259520423,0.22215053382249295,0.233673499554925,0.24510281391899014,0.25643094638871133,0.2676504977661267,0.2787542058286263,0.28973495044511566,0.3005857578708273,0.3112998040568442,0.3218704169786122,0.3322910780727497,0.3425554228893617,0.3526572410517659,0.3625904756057068,0.3723492218417235,0.38192772567202127,0.3913203816478159,0.40052173070461805,0.40952645771008633,0.418329388887166,0.42692548919342954,0.43530985972510194,0.4434777351982788,0.4514244815718982,0.45914559388528176,0.46663669437433697,0.4738935309322798,0.4809119759887608,0.4876880258766292,0.494217800742895,0.5004975450552678,0.5065236287260575,0.5122925488110042,0.5178009317002434,0.5230455357204775,0.5280232540794003,0.5327311181162244,0.537166300868698,0.5413261209616849,0.5452080467717835,0.548809700816328,0.5521288643658266,0.5551634823140859,0.5579116683142971,0.5603717101239383,0.5625420750921393,0.5644214157764225,0.5660085757003159,0.5673025952266286,0.5683027174622381,0.5690083941145048,0.5694192912722542,0.5695352950842576,0.5693565172674298,0.5688833003556582,0.568116222611394,0.5670561025566698,0.5657040031116409,0.5640612353043508,0.5621293614493226,0.5599101976751371,0.5574058157260495,0.5546185440007889,0.5515509677843369,0.5482059285763583,0.5445865223707713,0.5406960968069683,0.5365382473350238,0.5321168127354952,0.527435870288798,0.522499730666766,0.5173129324314942,0.5118802359536048,0.5062066165864394,0.5002972570235826,0.4941575389303168,0.4877930341351373,0.48120949569192817,0.4744128489332766,0.4674091824658859,0.46020473902176207,0.45280590611131544,0.445219206547236,0.4374512890936515,0.42950891951031167,0.42139897204788923,0.4131284212820674,0.4047043341721732,0.39613386225337877,0.3874242338595124,0.378582746289581,0.36961675795532756,0.36053368075782544,0.3513409729994095,0.3420461329593323,0.3326566930869461,0.323180214710149,0.3136242831563649,0.3039965031932468,0.2943044946959006,0.2845558884334096,0.2747583218566021,0.2649194348142032,0.25504686524585907,0.24514824502912802,0.23523119617144772,0.22530332740615222,0.21537223111620563,0.20544548048523126,0.19553062679299416,0.18563519676935414,0.17576668996260025,0.16593257614459844,0.15614029276157737,0.14639724238429608,0.13671079008044273,0.1270882606222301,0.11753693547758814,0.10806404959973293,0.09867678804798174,0.08938228241441948,0.08018760697252958,0.07109977449247395,0.06212573175210423,0.05327235479081338,0.04454644387466544,0.03595471808981188,0.027503809531388868,0.01920025711486062,0.011050500021106302,0.003060870728518239,-0.004762412419900386,-0.012413253109421873,-0.01988568536850721,-0.027173882269337923,-0.03427216491333951,-0.0411750114980336,-0.04787706628749078,-0.05437314845196539,-0.06065826082701875,-0.06672759860495603,-0.07257655792020046,-0.07820074431856483,-0.083595981146388,-0.08875831787452171,-0.09368403833152428,-0.09836966882679121,-0.10281198616231535,-0.10700802550713462,-0.11095508809457755,-0.11465074873324,-0.11809286313282996,-0.12127957500371878,-0.1242093228640897,-0.126880846515661,-0.12929319315860255,-0.131445723084056,-0.13333811487813563,-0.1349703701016054,-0.13634281741155974,-0.13745611607308916,-0.13831125881421968,-0.1389095739730024,-0.13925272683527368,-0.13934272002911996,-0.13918189286486182,-0.13877291953585313,-0.13811880607647709,-0.13722288595153742,-0.13608881427150976,-0.13472056089081974,-0.13312240273209142,-0.13129891544881644,-0.12925496431195427,-0.12699569417758028,-0.12452651844378693,-0.12185310701921281,-0.11898137353369975,-0.11591746212200604,-0.1126677339619988,-0.1092387535403816,-0.10563727451527427,-0.10187022506951138,-0.09794469285096596,-0.09386790981258741,-0.0896472372241206,-0.08529015092396719,-0.08080422676656696,-0.07619712619828078,-0.07147658187552253,-0.06665038322432082,-0.061726361842382005,-0.056712376727638514,-0.05161629950421087,-0.04644599993085308,-0.041209331893441004,-0.03591411993726723,-0.03056814632203242,-0.025179138575772697,-0.019754757535523026,-0.014302585872947304,-0.008830117122329284,-0.0033447452113506415,0.0021462455516996215,0.0076356900795175875,0.013116551722362146,0.018581931134448837,0.024025074812719538,0.029439383314695533,0.03481841916335782,0.04015591444499478,0.045445778113681,0.05068210300691334,0.05585917254640549,0.06097146709905843,0.06601366998375369,0.0709806730970044,0.07586758212352862,0.08066972130889383,0.08538263776472377,0.0900021052635438,0.09452412747326377,0.09894494057138559,0.10326101521032172,0.10746905786419347,0.11156601158086943,0.11554905610729094,0.11941560732491041,0.12316331593203955,0.12679006532410142,0.1302939686154545,0.13367336471230118,0.136926813352801,0.1400530890831675,0.14305117413520207,0.14592025013963905,0.148659688725175,0.15126904128590013,0.15374802828807077,0.15609652833787635,0.15831456701815227,0.16040230538791178,0.1623600280508697,0.1641881307452735,0.16588710743376822,0.16745753689453835,0.1689000688586404,0.1702154098765547,0.17140430928293426,0.1724675456250111,0.1734059137137436,0.17422021230404994,0.17491123238907846,0.17547974610387485,0.17592649623062329,0.17625218629399342,0.17645747123621192,0.17654294865791798,0.17650915060499273,0.17635653590315314,0.17608548312644245,0.17569628436658036,0.17518913994383922,0.174564154107145,0.17382133171370384,0.17296057587617497,0.17198168660166857,0.1708843604691026,0.16966819136539613,0.16833267226380144,0.16687719800532363,0.16530106903144315,0.16360349603172608,0.16178360550271265,0.15984044622245364,0.15777299664650712,0.15558017326358708,0.15326083998797912,0.15081381865346088,0.14823790052758312,0.1455318585474359,0.1426944599399249,0.13972447907061536,0.13662071054254454,0.13338198265653034,0.13000717134776352,0.12649521455660562,0.12284512674055037,0.11905601316411207,0.11512708381401637,0.11105766700487152,0.10684722276994307,0.10249535608517135,0.09800182990620954,0.09336657784698588,0.08858971620105649,0.0836715550700049,0.07861260853142227,0.07341360389040119,0.06807549010419933,0.06259944546679463,0.05698688460543622,0.0512394648310206,0.04535909190853005,0.03934792528578157,0.03320838268337667,0.026943143847326212,0.020555153342435517,0.014047622385461978,0.007424029741294191,0.00068812171493704,-0.006156088682352845,-0.013104323315836552,-0.020152041230183215,-0.027294441655108415,-0.03452646766179868,-0.041842810421712784,-0.049237914054842236,-0.05670598104725144,-0.064240978193844,-0.071836643029215,-0.07948649074052838,-0.08718382158780713,-0.09492172885988737,-0.10269310735948523,-0.11049066238241778,-0.11830691918334679,-0.12613423295770332,-0.13396479936191952,-0.1417906655512553,-0.14960374169586288,-0.15739581299727234,-0.16515855229519616,-0.1728835333669423,-0.18056224502674212,-0.18818610609919517,-0.19574648126198468,-0.20323469767445346,-0.21064206217386072,-0.21795987873801437,-0.22517946605265848,-0.23229217522669643,-0.23928940778512953,-0.24616263406570482,-0.2529034120435938,-0.25950340637470504,-0.2659544072803186,-0.27224834900504646,-0.27837732781141966,-0.2843336196006305,-0.29010969727807634,-0.29569824793072286,-0.3010921897073473,-0.3062846881150918,-0.3112691714882203,-0.3160393455721433,-0.320589207283561,-0.324913057748887,-0.32900551472914685,-0.33286152451768913,-0.33647637338231107,-0.3398456985591167,-0.34296549863766046,-0.34583214306701393,-0.3484423806189554,-0.35079334680530394,-0.35288257027939807,-0.3547079782288165,-0.35626790077423465,-0.3575610744047921,-0.35858664448462463,-0.3593441668662649,-0.3598336086443865,-0.36005534807347317,-0.3600101736779422,-0.359699282604673,-0.35912427826896476,-0.3582871673218264,-0.35719035595329274,-0.35583664555127115,-0.3542292277296255,-0.3523716787227116,-0.3502679531591397,-0.34792237728775177,-0.3453396417683763,-0.3425247940930447,-0.3394832306214326,-0.33622068818129947,-0.3327432352145294,-0.32905726251366474,-0.32516947361705206,-0.3210868748701543,-0.31681676508677015,-0.31236672473936977,-0.3077446046834993,-0.30295851447944955,-0.29801681034645355,-0.2929280827493628,-0.2877011436245809,-0.2823450132557923,-0.2768689067788941,-0.27128222024719406,-0.26559451618876295,-0.2598155086233689,-0.2539550474935339,-0.24802310243426717,-0.24202974582145487,-0.23598513506843943,-0.2298994941942638,-0.22378309484585657,-0.21764623711182196,-0.2114992303984451,-0.20535237443365162,-0.19921594037021606,-0.19310015197387287,-0.18701516685797515,-0.1809710576713357,-0.17497779315399242,-0.16904521902893066,-0.1631830387060944,-0.15740079379794736,-0.1517078446283051,-0.14611335111347046,-0.14062625432034537,-0.13525525877337685,-0.13000881548091314,-0.12489510566193474,-0.11992202513680894,-0.11509716932236813,-0.11042781879595509,-0.1059209254396265,-0.10158309918002573,-0.09742059535487613,-0.09343930286683388,-0.08964473339149492,-0.08604201180072124,-0.08263586777636789,-0.07943062850861793,-0.07643021238581582,-0.07363812364385325,-0.07105744800165326,-0.06869084930457348,-0.06654056715149892,-0.06460841545329288,-0.06289578186517986,-0.06140362802540267,-0.06013249055174441,-0.05908248283422779,-0.05825329770300414,-0.057644210994034495,-0.05725408598573978,-0.057081378668513594,-0.05712414381503095,-0.0573800418563124,-0.05784634660240329,-0.05851995384859521,-0.05939739091026297,-0.06047482712818919,-0.061748085366886585,-0.06321265452710634,-0.06486370304639166,-0.0666960931682894,-0.06870439560599806,-0.07088290434147382,-0.07322565151758909,-0.07572642245749961,-0.07837877084969591,-0.08117603415775676,-0.0841113493312946,-0.08717766891516732,-0.09036777766363713,-0.09367430968930535,-0.09708976599448249,-0.10060653209631454,-0.10421689548649482,-0.10791306278268564,-0.11168717654489058,-0.11553133182877673,-0.11943759258656428,-0.12339800797871447,-0.1274046285935455,-0.1314495225761263,-0.13552479171945464,-0.13962258760220436,-0.14373512782898956,-0.14785471231705571,-0.151973739405733,-0.15608472150465502,-0.16018030012036633,-0.16425326022094566,-0.1682965439171653,-0.17230326346111724,-0.17626671360586954,-0.1801803833813267,-0.18403796732142297,-0.18783337613662354,-0.19156074679500534,-0.19521445201028342,-0.19878910920825632,-0.20227958905002907,-0.20568102352112305,-0.20898881353231502,-0.21219863597835342,-0.2153064502620552,-0.2183085043367612,-0.22120134030472371,-0.22398179960553932,-0.22664702781698054,-0.2291944790204994,-0.2316219196513245,-0.23392743179732634,-0.23610941593052104,-0.23816659305722965,-0.24009800632106248,-0.241903022125463,-0.24358133079721966,-0.2451329467545662,-0.2465582081394757,-0.24785777585132251,-0.24903263188318903,-0.25008407690945944,-0.2510137271556019,-0.25182351059386576,-0.25251566248626034,-0.2530927203026394,-0.2535575180541727,-0.2539131800782073,-0.25416311430279137,-0.2543110050149693,-0.2543608051559616,-0.25431672817673956,-0.2541832395073982,-0.2539650477007598,-0.25366709528926634,-0.253294549377145,-0.25285279197219523,-0.2523474100236811,-0.2517841851087681,-0.2511690827037043,-0.2505082409622901,-0.2498079589149853,-0.24907468400607513,-0.24831499890854047,-0.24753560764091986,-0.2467433211891148,-0.24594504294196895,-0.24514775412661294,-0.24435849922971897,-0.24358437129964727,-0.24283249703388066,-0.24211002157972672,-0.24142409296545964,-0.24078184610990405,-0.24019038651843516,-0.23965677394016893,-0.23918800623401637,-0.2387910035177896,-0.23847259255084907,-0.23823949125974764,-0.23809829330081556,-0.23805545256164606,-0.23811726755081253,-0.23828986568262422,-0.23857918749028073,-0.2389909708242257,-0.23953073518896417,-0.24020376645793107,-0.24101510214326538,-0.24196951729992833,-0.24307151112969194,-0.2443252943269485,-0.2457347771526841,-0.24730355819298921,-0.2490349137623582,-0.2509317879725259,-0.25299678354414823,-0.25523215342976613,-0.25763979328306874,-0.26022123475560477,-0.2629776395516714,-0.2659097941809492,-0.2690181053744638,-0.27230259617345354,-0.2757629027650168,-0.2793982721304076,-0.28320756051809326,-0.28718923274566066,-0.29134136233342645,-0.29566163243987376,-0.30014733754713774,-0.30479538587124466,-0.30960230250867227,-0.3145642333225922,-0.31967694955688586,-0.3249358531818771,-0.33033598298834477,-0.33587202143403516,-0.34153830221087134,-0.34732881846775854,-0.35323723164984955,-0.3592568809758987,-0.3653807935901625,-0.37160169540615584,-0.37791202267423785,-0.38430393435796617,-0.3907693254366009,-0.3972998412441413,-0.40388689292836943,-0.410521673988157,-0.4171951776249614,-0.4238982145607011,-0.43062143112652507,-0.4373553276242035,-0.4440902770652002,-0.4508165444081058,-0.4575243063097503,-0.46420367115976546,-0.4708446990240134,-0.4774374212760222,-0.4839718599360836,-0.4904380468248277,-0.4968260426003184,-0.5031259556810923,-0.5093279609707224,-0.515422318166479,-0.5213993893886055,-0.527249656004642,-0.5329637346603135,-0.5385323925411143,-0.543946561893506,-0.5491973538949466,-0.5542760720012652,-0.559174224880131,-0.5638835389251398,-0.5683959701301546,-0.5727037150032075,-0.5767992203486685,-0.5806751919271136,-0.5843246020612014,-0.5877406962833973,-0.5909169991487673,-0.5938473193215756,-0.5965257540058317,-0.5989466927542679,-0.6011048206618952,-0.6029951209563862,-0.6046128770556791,-0.6059536742147458,-0.6070134008786567,-0.6077882498307261,-0.6082747192164675,-0.6084696135023222,-0.6083700443471969,-0.6079734313187188,-0.6072775024511827,-0.6062802947208752,-0.6049801545206677,-0.6033757381832885,-0.6014660125877143,-0.5992502558788715,-0.5967280582806396,-0.5938993229157674,-0.5907642665583666,-0.5873234203068876,-0.5835776301913711,-0.5795280577319417,-0.5751761804602467,-0.5705237924078759,-0.565573004557578,-0.5603262452381657,-0.5547862604251748,-0.5489561138704673,-0.5428391869371012,-0.5364391780289992,-0.529760101569579,-0.5228062865274481,-0.5155823744864989,-0.5080933172456739,-0.5003443739227791,-0.4923411075038615,-0.48408938075122876,-0.47559535138558573,-0.46686546646724736,-0.457906455900698,-0.4487253249755554,-0.4393293458944285,-0.4297260484150911,-0.4199232099110759,-0.40992884510566796,-0.39975119554345184,-0.3893987187312078,-0.37888007683857694,-0.3682041248457466,-0.35737989806759174,-0.3464165991477657,-0.33532358480449886,-0.3241103525694129,-0.3127865275429613,-0.30136184905934016,-0.28984615714510653,-0.2782493787061071,-0.26658151352869197,-0.25485262036063716,-0.2430728033153997,-0.23125219863024427,-0.21940096166252232,-0.2075292539868272,-0.19564723044858567,-0.18376502602264821,-0.17189274237760088,-0.16004043422413616,-0.14821809575533962,-0.1364356475121653,-0.12470292378552017,-0.11302966046955731,-0.10142548324731848,-0.0898998960399311,-0.07846226969015646,-0.06712183083248391,-0.05588765086519487,-0.04476863494912209,-0.03377351099491932,-0.022910818654843013,-0.012188898452862418,-0.001615881313981049,0.00880032126698893,0.019052026334286154,0.029131787886036875,0.03903240463046842,0.04874692709128681,0.05826866406629705,0.06759118845356227,0.07670834244549951,0.08561424209391788,0.09430328129428744,0.10277013522611611,0.11100976322686051,0.11901741108687958,0.126788612789845,0.1343191917056572,0.14160526121391825,0.14864322474589642,0.15542977528077273,0.16196189436946895,0.16823685072370154,0.17425219833808114,0.1800057740944183,0.18549569483901251,0.19072035396774822,0.1956784175778168,0.20036882024081848,0.20479076042355615,0.20894369558956072,0.2128273370416096,0.21644164454106374,0.21978682070824362,0.22286330522532438,0.22567176888040308,0.22821310746748935,0.23048843551162435,0.23249907978181739,0.23424657258613735,0.23573264484353018,0.23695921893776273,0.23792840141185678,0.23864247555144402,0.23910389384722208,0.23931527031720634,0.23927937268082644,0.23899911436093646,0.23847754626966378,0.23771784834293896,0.2367233208069166,0.23549737515450886,0.2340435248010877,0.2323653754673458,0.23046661553325265,0.22835100672424602,0.226022375360742,0.22348460419980398,0.2207416248130798,0.21779741044455392,0.2146559693082395,0.21132133832011135,0.20779757729618353,0.20408876364134443,0.2001989875045851,0.19613234734479335,0.19189294585426353,0.1874848862013323,0.1829122686086322,0.17817918738796834,0.17328972858396696,0.16824796828156252,0.16305797152471513,0.15772379176603124,0.15224947077786766,0.14663903895161212,0.14089651590568764,0.13502591132600372,0.12903122596645034,0.12291645274047625,0.11668557785593237,0.11034258199410374,0.10389144156505381,0.09733613004035391,0.09068061931919402,0.0839288810629597,0.07708488794041557,0.07015261477420864,0.06313603962460945,0.05603914483951655,0.04886591804726237,0.0416203530379704,0.034306450527097354,0.026928218847565688,0.019489674595249085,0.011994843207794759,0.004447759456397193,-0.003147532124714303,-0.010786976829187722,-0.018466509386193763,-0.026182053609161926,-0.033929522082353,-0.041704815850820864,-0.049503824096909455,-0.05732242381436947,-0.06515647949491665,-0.07300184281412925,-0.08085435227993543,-0.08870983284152345,-0.09656409549485545,-0.10441293691798847,-0.11225213914515564,-0.12007746924000173,-0.12788467892175248,-0.13566950417828139,-0.14342766495222747,-0.15115486494847374,-0.15884679159057669,-0.16649911619921198,-0.17410749447278562,-0.1816675672708783,-0.1891749616386207,-0.19662529204870793,-0.20401416192126476,-0.21133716552030535,-0.2185898902976504,-0.22576791970344345,-0.23286683645451944,-0.23988222625202837,-0.24680968194660835,-0.25364480815294854,-0.26038322630139277,-0.2670205801002865,-0.2735525413860884,-0.27997481632027643,-0.2862831518711175,-0.292473342535132,-0.2985412372731915,-0.3044827466530933,-0.31029385022438305,-0.3159706041846988,-0.3215091494173947,-0.32690571997143536,-0.33215665202952493,-0.3372583933843245,-0.3422075133235012,-0.34700071261369914,-0.3516348332408086,-0.35610686776350775,-0.36041396829472205,-0.36455345515118154,-0.3685228252127146,-0.372319760037108,-0.37594213376342367,-0.3793880207681113,-0.3826557028720572,-0.3857436757720336,-0.38865065446461244,-0.3913755776078318,-0.39391761082554666,-0.39627614894892815,-0.3984508172073191,-0.40044147139121833,-0.40224819698226355,-0.40387130723865283,-0.4053113402414823,-0.40656905489414896,-0.40764542584259544,-0.4085416373227915,-0.4092590760498638,-0.4097993233331465,-0.41016414654990285,-0.4103554900206916,-0.41037546531648417,-0.4102263410558251,-0.4099105322623373,-0.409430589381536,-0.40878918708167333,-0.4079891129126878,-0.4070332558156764,-0.4059245944805454,-0.40466618563490186,-0.4032611523806864,-0.4017126726453526,-0.40002396776105087,-0.3981982911639932,-0.39623891721916493,-0.3941491302168245,-0.39193221361495745,-0.3895914395872637,-0.38713005890918595,-0.3845512911792994,-0.3818583153323374,-0.3790542604073224,-0.3761421965733831,-0.3731251264508586,-0.3700059768117683,-0.3667875907374949,-0.36347272023966326,-0.3600640193098883,-0.35656403737215925,-0.352975213116693,-0.34929986869187957,-0.3455402042259692,-0.34169829265154306,-0.3377760748319716,-0.3337753549980391,-0.32969779647673647,-0.32554491768963345,-0.32131808841380405,-0.31701852628683724,-0.312647293535818,-0.3082052939509694,-0.30369327015090875,-0.2991118011785261,-0.2944613004479564,-0.28974201404811595,-0.28495401939681386,-0.2800972242313122,-0.2751713659414037,-0.2701760113329499,-0.26511055699972275,-0.2599742304623689,-0.25476609213579593,-0.24948503812205303,-0.24412980381818272,-0.23869896833072346,-0.23319095967706716,-0.22760406075266815,-0.22193641605905157,-0.21618603919353774,-0.21035082110302028,-0.20442853910663672,-0.19841686668303993,-0.1923133840026523,-0.1861155891587174,-0.17982091004897427,-0.17342671690259692,-0.16693033548288128,-0.16032906100392808,-0.15362017280013163,-0.14680094979127034,-0.13986868678632902,-0.13282071166533171,-0.12565440345446888,-0.11836721116979021,-0.11095667310280533,-0.1034204362097455,-0.09575627545956422,-0.0879621131435897,-0.08003603817546434,-0.07197632541181775,-0.06378145502454657,-0.05545013188041281,-0.046981304685807856,-0.038374184519362586,-0.029628262479192813,-0.020743326351897906,-0.011719476303625243,-0.002557139624144611,0.006742915463973986,0.016179566944224177,0.025751327100827837,0.03545633157195027,0.04529232936556582,0.055256673844638726,0.06534631470739782,0.0755577910047549,0.08588722521526648,0.09633031838612993,0.1068823463831805,0.11753815731918138,0.12829217022613904,0.13913837503595516,0.15007033395805536,0.16108118434818408,0.17216364314509036,0.18331001293659455,0.19451218967106598,0.2057616719975357,0.2170495722695165,0.22836662924205342,0.23970322230699992,0.25104938692842893,0.26239483099463,0.2737289520163131,0.28504085526176226,0.29631937295911115,0.3075530846407446,0.31873033858434496,0.32983927415165226,0.3408678447534612,0.35180384125924036,0.3626349158146809,0.3733486061024607,0.38393236003152253,0.39437356068187057,0.4046595512357811,0.41477765972500436,0.4247152236147045,0.4344596143148749,0.4439982615534035,0.4533186773777942,0.4624084795966681,0.47125541460314935,0.47984737960067037,0.48817244424967754,0.49621887162663114,0.5039751382797277,0.5114299532675659,0.5185722762613878,0.5253913348929871,0.5318766414810341,0.5380180090772768,0.5438055666137984,0.5492297730039724,0.5542814302474071,0.5589516956984681,0.5632320936774917,0.5671145265466677,0.5705912851724264,0.5736550585030145,0.5762989420402391,0.5785164451759996,0.5803014974945881,0.5816484542217779,0.582552101044854,0.5830076584588255,0.5830107856276427,0.5825575835836645,0.5816445975504649,0.5802688183068696,0.5784276826737553,0.5761190732753079,0.5733413177196454,0.5700931873270889,0.5663738955416164,0.562183096164901,0.5575208814836898,0.5523877802050805,0.5467847549968852,0.5407131994725844,0.5341749345997542,0.5271722045987914,0.5197076724024541,0.5117844147513964,0.5034059170155132,0.49457606781083285,0.4852991534621225,0.47557985238294265,0.4654232294637808,0.4548347305251639,0.44382017684176844,0.432385759731325,0.4205380352451158,0.40828391903303185,0.3956306814095001,0.38258594257844436,0.3691576679531323,0.3553541634945674,0.3411840710150216,0.32665636346118276,0.3117803402176236,0.2965656224530093,0.281022148498451,0.2651601691838579,0.2489902430049895,0.23252323097518257,0.21577029100097178,0.19874287161315607,0.1814527049286241,0.16391179887104812,0.14613242884414035,0.1281271290231274,0.10990868323499114,0.09149011526930195,0.07288467852698233,0.054105845112935924,0.03516729457180645,0.01608290231751397,-0.0031332723872381507,-0.022466999030598345,-0.04190388895015218,-0.06142940873489522,-0.08102889388284495,-0.10068756280801239,-0.12039053117055687,-0.1401228263388461,-0.15986940186336085,-0.17961515200315858,-0.19934492630172684,-0.21904354404331627,-0.23869580843835791,-0.2582865205717084,-0.27780049320291766,-0.2972225643828281,-0.3165376107986049,-0.3357305608872352,-0.35478640784402415,-0.3736902225164158,-0.3924271659985621,-0.4109825017967381,-0.42934160764971097,-0.4474899871631379,-0.46541328123129944,-0.4830972790333732,-0.5005279284834074,-0.5176913462263855,-0.534573827343273,-0.5511618548076243,-0.56744210852154,-0.583401473721409,-0.5990270487528448,-0.614306152381694,-0.6292263308255173,-0.6437753646242825,-0.6579412752919822,-0.6717123315172842,-0.6850770547262286,-0.6980242240216583,-0.7105428806388261,-0.722622332059764,-0.7342521559183197,-0.745422203841315,-0.7561226053566443,-0.7663437719051913,-0.7760764008258079,-0.7853114790778193,-0.7940402865585554,-0.8022543990432212,-0.8099456908391574,-0.8171063372495979,-0.8237288169375034,-0.8298059142479346,-0.8353307215357475,-0.8402966415799753,-0.8446973901884007,-0.8485269990888753,-0.8517798191917905,-0.8544505243038287,-0.8565341153578174,-0.8580259251772162,-0.858921623730005,-0.8592172238252402,-0.8589090872770839,-0.8579939316013778,-0.8564688372942229,-0.8543312557125446,-0.8515790175053937,-0.8482103414453306,-0.8442238435003802,-0.8396185460891701,-0.8343938875495169,-0.8285497318524193,-0.8220863785412789,-0.8150045728257354,-0.8073055157559352,-0.7989908744524072,-0.7900627923950339,-0.7805238997637574,-0.770377323820945,-0.7596266993175362,-0.7482761788810137,-0.7363304433250306,-0.7237947118238068,-0.7106747519069998,-0.6969768892444463,-0.6827080171988555,-0.6678756061205604,-0.6524877123355282,-0.6365529867458761,-0.620080682925142,-0.6030806645336639,-0.5855634118080246,-0.5675400268693593,-0.5490222376494529,-0.5300224003315037,-0.5105535004024659,-0.49062915255711914,-0.4702635995774287,-0.44947171008954,-0.4282689750290132,-0.40667150275758956,-0.3846960129113981,-0.36235982903440345,-0.339680869895858,-0.31667763932625803,-0.2933692145504949,-0.26977523316206486,-0.24591587881141663,-0.22181186553414278,-0.19748442071361438,-0.1729552668034131,-0.14824660186886973,-0.12338107890565198,-0.09838178398384656,-0.07327221333923006,-0.048076249416105554,-0.02281813581804215,0.0024775487781028005,0.027785917715917208,0.05308180453391742,0.07833979220464471,0.10353424329051109,0.12863933095250957,0.15362907083397914,0.17847735375109153,0.2031579790957636,0.22764468893530676,0.2519112027454682,0.27593125264530727,0.2996786190959284,0.32312716708442935,0.3462508826955002,0.3690239099333965,0.391420587773581,0.4134154874038174,0.43498344950342016,0.4560996214761843,0.4767394946590855,0.49687894144843625,0.5164942521582745,0.5355621715106409,0.5540599348008541,0.5719653036766488,0.5892566013243155,0.6059127469720167,0.6219132897794069,0.637238442104227,0.6518691119642526,0.665786934499728,0.6789743023980748,0.6914143953468681,0.7030912084482281,0.713989579332349,0.7240952137618208,0.7333947097462072,0.7418755803191601,0.7495262750831202,0.7563362004010017,0.76229573790269,0.7673962610368505,0.7716301496272706,0.7749908025315975,0.7774726485169765,0.7790711554416561,0.7797828378098473,0.7796052627449441,0.7785370543902488,0.7765778967168799,0.7737285347243201,0.7699907740380709,0.7653674789040323,0.7598625685602656,0.753481011954861,0.7462288207631929,0.7381130406391847,0.729141740658271,0.7193240010265427,0.708669899268699,0.6971904951066392,0.684897814118024,0.6718048301564394,0.6579254464273134,0.643274475030772,0.6278676147585784,0.6117214269987841,0.594853309762911,0.5772814699939062,0.559024894276881,0.5401033179688497,0.5205371928080993,0.500347653167573,0.4795564810608042,0.45818606992982325,0.4362593873599607,0.4137999369270773,0.3908317192387756,0.3673791921993299,0.3434672306246753,0.31912108533795447,0.29436634187651123,0.2692288789571933,0.2437348267823296,0.21791052527873234,0.19178248242081963,0.1653773327198138,0.13872179593781908,0.111842636167097,0.08476662138913582,0.05752048358596795,0.030130879507233033,0.0026243521695263894,-0.024972706848934934,-0.05263409422833831,-0.08033383080279322,-0.10804619649242397,-0.13574576415354045,-0.16340743228004584,-0.1910064565966607,-0.2185184804956961,-0.245919564156857,-0.2731862123190112,-0.30029540083364026,-0.3272246020367078,-0.35395180878749244,-0.38045555706149514,-0.40671494718514367,-0.432709663826806,-0.45841999468723316,-0.4838268477649663,-0.5089117671920178,-0.5336569477475237,-0.5580452481273923,-0.5820602028955122,-0.6056860329633906,-0.6289076545669374,-0.6517106868801221,-0.6740814584676187,-0.6960070127307034,-0.7174751124307264,-0.7384742433607911,-0.7589936171912655,-0.7790231733752861,-0.798553579934449,-0.8175762330525558,-0.8360832555402311,-0.8540674942855802,-0.871522516795082,-0.8884426068910258,-0.9048227595859899,-0.920658675124173,-0.9359467521824456,-0.9506840802487915,-0.9648684312201752,-0.9784982502727644,-0.991572646050976,-1.0040913802257734,-1.0160548564875498,-1.0274641090430165,-1.038320790672941,-1.048627160394723,-1.0583860707789157,-1.067600954966629,-1.0762758134159611,-1.0844152003864664,-1.0920242101625846,-1.0991084630089105,-1.105674090835059,-1.1117277225546403,-1.1172764691530332,-1.1223279084928066,-1.1268900698711448,-1.1309714183268866,-1.13458083866702,-1.137727619134644,-1.140421434592355,-1.1426723290721057,-1.1444906975505447,-1.145887266821049,-1.1468730753422705,-1.1474594520009518,-1.1476579938714622,-1.1474805432274167,-1.1469391640815942,-1.1460461183523805,-1.144813841613363,-1.1432549183691663,-1.141382056780607,-1.139208062781094,-1.1367458137293625,-1.1340082319332936,-1.1310082582637904,-1.1277588258305116,-1.1242728336144054,-1.1205631200320099,-1.1166424365496468,-1.1125234215981905,-1.1082185750337814,-1.1037402332418509,-1.0991005448379312,-1.094311446851826,-1.0893846413327921,-1.084331572535426,-1.0791634050373204,-1.0738910030351008,-1.0685249108162367,-1.063075334307456,-1.0575521236539984,-1.0519647568095891,-1.0463223240840875,-1.0406335136671814,-1.034906598343106,-1.02914942369042,-1.023369397945082,-1.0175734835654353,-1.0117681904608204,-1.0059595708134452,-1.0001532154093837,-0.9943542513937089,-0.9885673413824208,-0.9827966838668303,-0.977046014838912,-0.9713186105694618,-0.965617291467403,-0.9599444269409005,-0.954301941195169,-0.9486913199216431,-0.9431136178367368,-0.9375694670207082,-0.9320590860061984,-0.9265822895762597,-0.9211384992335354,-0.9157267543017653,-0.9103457236365244,-0.9049937179384386,-0.899668702667114,-0.8943683115631629,-0.8890898607972844,-0.8838303637981966,-0.8785865468506557,-0.8733548655206889,-0.8681315218653722,-0.8629124823259247,-0.8576934962339919,-0.852470114937887,-0.8472377116104823,-0.8419915017999529,-0.8367265647385977,-0.8314378653785752,-0.8261202771112437,-0.8207686050906702,-0.8153776099334777,-0.8099420314605013,-0.804456612250803,-0.798916120910711,-0.7933153749884454,-0.7876492635061254,-0.7819127691498124,-0.7761009901919351,-0.7702091622224287,-0.76423267969394,-0.7581671171002071,-0.7520082494549314,-0.7457520717707524,-0.7393948173634186,-0.7329329749212476,-0.7263633043565534,-0.7196828514690239,-0.7128889614509859,-0.7059792912739553,-0.6989518209881354,-0.6918048639515177,-0.6845370760006517,-0.677147463584042,-0.6696353908812256,-0.662000585921966,-0.6542431457181834,-0.6463635404126649,-0.6383626164360123,-0.6302415986651653,-0.6220020915743802,-0.6136460793331793,-0.6051759247444224,-0.5965943668929299,-0.5879045174387443,-0.5791098556266334,-0.5702142221920994,-0.5612218123392694,-0.5521371679118161,-0.5429651688487596,-0.5337110239771974,-0.5243802611298989,-0.5149787165259028,-0.5055125233405278,-0.4959880993972092,-0.4864121339058016,-0.4767915732025543,-0.4671336055888702,-0.45744564548753885,-0.4477353170514107,-0.43801043718265475,-0.42827899786895074,-0.418549147882743,-0.40882917409887654,-0.39912748270814546,-0.3894525804112092,-0.37981305551547706,-0.3702175588738754,-0.3606747847592686,-0.3511934518751829,-0.34178228461958327,-0.3324499945615287,-0.3232052620212116,-0.3140567177271052,-0.30501292472991537,-0.296082360860801,-0.28727340188756045,-0.27859430532134155,-0.2700531947524212,-0.26165804460137565,-0.25341666524047923,-0.24533668862648028,-0.23742555474082394,-0.22969049906323136,-0.2221385411234138,-0.21477647406697997,-0.20761085514391198,-0.20064799703100533,-0.1938939598998033,-0.18735454413806707,-0.18103528365382715,-0.17494143970890264,-0.16907799522203248,-0.1634496495345985,-0.15806081376081238,-0.1529156068937354,-0.14801785273139245,-0.1433710775769157,-0.13897850865350136,-0.1348430731689021,-0.13096739794770684,-0.1273538095817912,-0.12400433508499731,-0.12092070302846025,-0.11810434511334478,-0.11555639814162078,-0.11327770634683532,-0.11126882403348048,-0.1095300184917889,-0.10806127317981407,-0.10686229114813983,-0.10593249866556675,-0.10527104901557749,-0.10487682645081975,-0.10474845033193247,-0.10488427954000912,-0.1052824172762925,-0.10594071632548463,-0.1068567848134947,-0.10802799245267636,-0.10945147723651871,-0.1111241525559663,-0.1130427147477917,-0.11520365111987019,-0.11760324853977977,-0.12023760273162765,-0.12310262844626862,-0.12619407061743715,-0.12950751656656223,-0.1330384092419976,-0.13678206127518422,-0.14073366950321997,-0.144888329727344,-0.14924105166227974,-0.1537867741237875,-0.15852038053028394,-0.16343671473679677,-0.16853059704607176,-0.1737968401109029,-0.17923026453514979,-0.18482571417967364,-0.19057807125540904,-0.1964822712716625,-0.2025333178550781,-0.20872629728016534,-0.21505639238095853,-0.22151889557849103,-0.22810922095845854,-0.23482291544689815,-0.24165566915053915,-0.24860332493364012,-0.25566188731146866,-0.262827530717324,-0.27009660711112815,-0.2774656527453132,-0.2849313938043636,-0.2924907507248875,-0.3001408411782691,-0.3078789817569927,-0.3157026883996892,-0.32360967560470755,-0.33159785446112977,-0.33966532950647377,-0.3478103944483095,-0.35603152678110916,-0.3643273812987644,-0.37269678251465876,-0.3811387160297244,-0.3896523189318657,-0.3982368693525089,-0.40689177528703624,-0.41561656271730385,-0.4244108630380765,-0.4332743998118076,-0.44220697492306726,-0.4512084542446715,-0.46027875292961795,-0.4694178203863828,-0.4786256249494656,-0.4879021382911901,-0.4972473196759992,-0.5066611001552133,-0.5161433667514359,-0.5256939466686248,-0.5353125916198422,-0.5449989624038452,-0.554752613821222,-0.5645729799836658,-0.5744593601133516,-0.5844109049693529,-0.5944266039912804,-0.604505273200509,-0.6146455439082956,-0.6248458523249525,-0.6351044302113422,-0.6454192966965877,-0.6557882512667419,-0.6662088677450484,-0.6766784889727191,-0.6871942220066956,-0.6977529338627235,-0.7083512479259184,-0.7189855411022421,-0.7296519417184513,-0.7403463281746312,-0.7510643283815099,-0.7618013200286953,-0.7725524317336365,-0.7833125451212553,-0.7940762978809701,-0.8048380878444377,-0.8155920781237782,-0.8263322033363636,-0.8370521768519126,-0.8477454988128841,-0.858405464592785,-0.869025173501683,-0.8795975377570997,-0.890115291823868,-0.9005710022125584,-0.9109570777830811,-0.9212657805575617,-0.9314892370451773,-0.9416194501015553,-0.9516483112390617,-0.9615676131050677,-0.9713690618153592,-0.9810442890015807,-0.9905848635580341,-0.9999823030776653,-1.0092280849749358,-1.0183136573217766,-1.0272304494096929,-1.0359698820303862,-1.0445233774782068,-1.052882369274272,-1.0610383116086552,-1.0689826885420146,-1.0767070230146771,-1.0842028856551877,-1.0914619033902753,-1.0984757679128094,-1.1052362440465586,-1.1117351779895657,-1.117964505427686,-1.123916259570997,-1.129582579185346,-1.1349557166517528,-1.1400280460498706,-1.1447920712848756,-1.1492404343337483,-1.1533659237133733,-1.1571614832776476,-1.160620221462402,-1.16373542107754,-1.1665005496529233,-1.1689092701716177,-1.1709554518654528,-1.1726331807723085,-1.1739367699464864,-1.1748607693665605,-1.1753999756303415,-1.1755494415339527,-1.175304485624352,-1.1746607018080226,-1.1736139691011331,-1.172160461602914,-1.1702966587554187,-1.168019355872751,-1.1653256747404228,-1.1622130739565577,-1.158679358778656,-1.154722690422581,-1.1503415948457132,-1.1455349710583747,-1.1403020989883998,-1.1346426468974968,-1.1285566783528296,-1.122044658765624,-1.1151074614992638,-1.107746373557454,-1.0999631009125252,-1.0917597735734432,-1.0831389504587463,-1.0741036240782051,-1.0646572249997135,-1.0548036260612577,-1.0445471462467637,-1.0338925541031045,-1.0228450705939096,-1.011410371355133,-0.9995945883424895,-0.9874043108226331,-0.9748465856396962,-0.9619289166888549,-0.9486592635220248,-0.9350460390424544,-0.9210981063284649,-0.9068247746653597,-0.8922357947849378,-0.8773413532046916,-0.8621520655281429,-0.8466789685684688,-0.8309335111370544,-0.8149275433224403,-0.7986733041277176,-0.7821834075229148,-0.7654708272067481,-0.7485488803734768,-0.7314312105461411,-0.7141317693550917,-0.6966647971709179,-0.6790448026769482,-0.661286541563058,-0.643404994400548,-0.6254153436013894,-0.607332949413852,-0.5891733250913589,-0.5709521114000609,-0.5526850504963434,-0.5343879592348841,-0.5160767021296948,-0.49776716413762045,-0.4794752232622628,-0.4612167230218631,-0.443007444949302,-0.4248630812098,-0.4067992073010842,-0.3888312549028754,-0.37097448507277875,-0.3532439618905414,-0.335654526547259,-0.3182207719869794,-0.3009570182839454,-0.2838772887897818,-0.2669952869812633,-0.2503243740751131,-0.23387754760324242,-0.21766742104561132,-0.20170620447382248,-0.18600568618175828,-0.17057721544148308,-0.15543168659502982,-0.14057952455652156,-0.1260306716354478,-0.11179457552928795,-0.09788017839616003,-0.08429590713767254,-0.07104966517839983,-0.05814882591819526,-0.045600227839528884,-0.03341017117967482,-0.021584416085588032,-0.010128182163143151,0.0009538506980177885,0.011657540373043673,0.021979279592727607,0.031915992227538936,0.041465128852017585,0.05062466162758028,0.05939307855121001,0.06776937714492703,0.07575305761846352,0.08334411544338849,0.09054303325567048,0.09735077206948262,0.10376876184727024,0.10979889150961242,0.1154434984785695,0.12070535781415259,0.1255876709757402,0.13009405426547005,0.13422852703561716,0.1379954997114865,0.14139976163048118,0.14444646868874145,0.14714113082286673,0.14948959937341755,0.1514980543297355,0.15317299140922813,0.15452120895767507,0.15554979472160113,0.15626611255054712,0.15667778902290763,0.15679269992310196,0.1566189564694227,0.1561648911778306,0.15543904325754454,0.1544501434934915,0.15320709861295967,0.15171897516906085,0.14999498311718185,0.1480444593797401,0.14587685157779617,0.14350170189099032,0.1409286309081068,0.13816732133980736,0.13522750154032792,0.13211892896813282,0.128851373860833,0.12543460329145972,0.1218783655717246,0.11819237488752066,0.11438629607025774,0.11046972955683998,0.10645219678679041,0.10234312625821929,0.0981518402705035,0.09388754226176133,0.08955930462256134,0.08517605692837549,0.08074657472967317,0.07627946918989892,0.07178317775638021,0.06726595583593564,0.06273586932796604,0.05820078782185334,0.053668378250826265,0.04914609882845866,0.04464119323285587,0.04016068522827254,0.03571137402560254,0.03129983056042107,0.026932394680258653,0.0226151731484876,0.01835403835188032,0.014154627553189414,0.01002234249205003,0.005962349161684699,0.0019795776654376596,-0.001921277807724664,-0.005735758678866887,-0.00945964110186992,-0.013088934442571087,-0.01661987922472008,-0.020048944684063486,-0.023372826023788207,-0.026588441422667586,-0.029692928809431862,-0.03268364239608701,-0.03555814901898913,-0.03831422442342358,-0.040949849628027835,-0.04346320743619003,-0.04585267912388957,-0.048116841337460414,-0.050254463235226865,-0.05226450390085091,-0.054146110077553544,-0.055898614276522096,-0.057521533174899275,-0.05901456604185995,-0.06037759295667655,-0.0616106727293797,-0.06271404050153251,-0.06368810501562905,-0.06453344557080953,-0.06525080869010225,-0.06584110450812375,-0.06630540292752585,-0.06664492965248314,-0.06686106219142118,-0.06695532587030328,-0.06692938987443142,-0.06678506333147283,-0.06652429144966021,-0.06614915171939373,-0.06566185017793913,-0.06506471774500966,-0.06436020663894482,-0.06355088686726873,-0.06263944278363454,-0.06162866971217795,-0.06052147064164615,-0.05932085298343992,-0.058029925372096614,-0.056651894488794596,-0.05519006190425557,-0.05364782093595721,-0.05202865353078323,-0.05033612723819658,-0.0485738923414587,-0.04674567915738237,-0.04485529550015599,-0.04290662431390757,-0.04090362145328186,-0.038850313562448946,-0.036750796001847164,-0.034609230784781175,-0.03242984448866082,-0.03021692610784754,-0.02797482483538971,-0.02570794777004437,-0.02342075752699202,-0.021117769722813762,-0.01880355033914327,-0.016482712989528636,-0.014159916071790235,-0.011839859741840542,-0.009527282641379031,-0.007226958317843923,-0.004943691281383167,-0.002682312730236447,-0.00044767614888741036,0.0017553469646856001,0.003921871125704968,0.006047000651868473,0.008125833254808867,0.01015346348791013,0.012124986114869785,0.014035499449562394,0.01588010868670864,0.017653929232011478,0.0193520900754649,0.020969737285767565,0.022502037700490973,0.02394418287897082,0.025291393392045336,0.026538923525500024,0.027682066473801115,0.028716160086389664,0.02963659321052603,0.03043881261901049,0.031118330342913225,0.03167073111097807,0.03209167969001925,0.03237692807235959,0.03252232253191778,0.03252381059670739,0.03237744799140785,0.03207940560556466,0.03162597654820587,0.031013583358564745,0.030238785437425975,0.0292982867440017,0.028188943801701782,0.02690777400843558,0.025451964095900337,0.023818878464908266,0.02200606717712361,0.0200112735235507,0.01783244119131666,0.015467721079161834,0.012915477787984742,0.010174295795877697,0.007242985334748653,0.004120587985333657,0.0008063820012012002,-0.002700112627984197,-0.006399129366819523,-0.010290650581559646,-0.014374403251835588,-0.01864985494324145,-0.02311621003102715,-0.027772406182705822,-0.03261711113896837,-0.03764871983612039,-0.04286535186533058,-0.048264849232865004,-0.05384477441755564,-0.05960240874302514,-0.06553475106894524,-0.07163851680628142,-0.07791013727569407,-0.08434575942956002,-0.09094124594764708,-0.09769217570354272,-0.10459384459624488,-0.11164126675912911,-0.11882917616620858,-0.12615202865617903,-0.13360400440942755,-0.1411790109168436,-0.1488706864803575,-0.15667240429541351,-0.16457727717019566,-0.17257816291525785,-0.18066767036867049,-0.18883816595206326,-0.1970817806776637,-0.20539041762028631,-0.2137557599340809,-0.2221692795042074,-0.23062224632332118,-0.23910573870318075,-0.24761065445198227,-0.2561277231299499,-0.2646475193804605,-0.2731604771098901,-0.28165690416063427,-0.2901269972547311,-0.2985608572106173,-0.3069485045477549,-0.31527989560597547,-0.3235449392172285,-0.33173351377351423,-0.3398354844142162,-0.3478407201361833,-0.3557391107794672,-0.3635205839321287,-0.3711751217970871,-0.37869277792775335,-0.3860636935755579,-0.3932781134360326,-0.400326400794782,-0.40719905220489494,-0.4138867118360281,-0.42038018560246826,-0.4266704551124789,-0.4327486914303549,-0.4386062685811325,-0.4442347766169732,-0.44962603403424595,-0.45477209944105823,-0.45966528251112493,-0.46429815430136756,-0.4686635569549864,-0.4727546127591111,-0.4765647325466631,-0.48008762349054734,-0.4833172963755956,-0.4862480724191016,-0.488874589650905,-0.49119180883464253,-0.49319501894954954,-0.4948798422781735,-0.49624223913397003,-0.4972785122334855,-0.4979853106676728,-0.4983596334046254,-0.49839883230308146,-0.49810061468028266,-0.4974630455146425,-0.49648454935812225,-0.4951639119727602,-0.4935002816585623,-0.491493170276712,-0.4891424540290146,-0.486448374063265,-0.4834115369584424,-0.4800329151244753,-0.4763138470938202,-0.472256037610741,-0.4678615574188498,-0.46313284270481603,-0.45807269420265584,-0.45268427596485594,-0.44697111379439036,-0.4409370933190715,-0.43458645767108095,-0.42792380473215275,-0.4209540839140615,-0.4136825924455181,-0.4061149711525971,-0.39825719973523377,-0.39011559153427555,-0.38169678778172766,-0.3730077513291832,-0.3640557598167291,-0.3548483982157009,-0.34539355068087474,-0.33569939163652407,-0.3257743759952234,-0.31562722840438084,-0.30526693142504513,-0.29470271262027836,-0.28394403073846775,-0.27300056134340167,-0.2618821821463797,-0.25059895807281407,-0.2391611259753148,-0.22757907891261198,-0.21586334995993184,-0.20402459551064567,-0.19207357807562886,-0.18002114880050613,-0.1678782300650994,-0.15565579840324517,-0.14336486779593116,-0.1310164733132524,-0.11862165504924604,-0.10619144229642785,-0.09373683792096443,-0.08126880287860416,-0.068798240836216,-0.056335982996429834,-0.04389277335918251,-0.03147925465851387,-0.019105955110156003,-0.006783275995339011,0.005478519957677008,0.017669319420839713,0.029779168545822188,0.04179828232236105,0.05371705327716114,0.06552605953402235,0.07721607226421412,0.08877806257392251,0.10020320784845183,0.11148289756328467,0.12260873858967614,0.1335725600298403,0.14436641759640167,0.1549825975300294,0.165413620084081,0.17565224265752022,0.18569146263973835,0.1955245199686786,0.20514489938967273,0.21454633245429733,0.22372279935078865,0.23266853065739213,0.24137800905069895,0.24984597093488503,0.25806740796462435,0.26603756848620463,0.2737519589524311,0.2812063453770719,0.28839675483883553,0.29531947690879434,0.30197106480215297,0.30834833612765067,0.3144483732119454,0.32026852301751774,0.32580639668268674,0.33105986871897386,0.33602707589025016,0.34070641577320515,0.3450965450022707,0.34919637722551045,0.3530050807878524,0.35652207613305364,0.35974703291574883,0.3626798668145881,0.3653207360341497,0.3676700375034798,0.36972840282145114,0.3714966940332971,0.37297599932306014,0.3741676286545541,0.3750731093310691,0.37569418142717836,0.3760327930526657,0.3760910954341483,0.3758714378550678,0.37537636253428985,0.37460859950613923,0.3735710615067305,0.3722668388336885,0.3706991941925253,0.36887155760961576,0.3667875214652341,0.3644508356312457,0.36186540271684464,0.35903527347888087,0.3559646424267484,0.3526578435907908,0.3491193464276421,0.34535375189678064,0.3413657887649322,0.3371603101474534,0.33274229026314117,0.3281168214152288,0.3232891112405909,0.31826448022604126,0.31304835944008147,0.3076462884340003,0.3020639133094676,0.29630698498318253,0.2903813576531675,0.28429298741063747,0.27804793091229385,0.27165234405380545,0.2651124806433458,0.25843469110344586,0.2516254211969624,0.2446912107123964,0.23763869201116705,0.2304745883346655,0.2232057117708024,0.21583896079271625,0.20838131728761056,0.2008398429926359,0.19322167529509215,0.185534022464509,0.1777841585216251,0.16997941800077143,0.1621271907740791,0.15423491697663394,0.14631008198752937,0.13836021138258303,0.13039286576373144,0.12241563535535249,0.11443613423663379,0.10646199409928414,0.0985008575031685,0.09056037075496448,0.08264817668059266,0.07477190751720997,0.06693917794538606,0.059157578153829604,0.05143466683263398,0.04377796407828072,0.036194944378358684,0.028693029962411742,0.021279584691633602,0.013961908479849683,0.006747232159618477,-0.0003572873096970852,-0.007344571407415401,-0.014207624515890416,-0.02093953837279372,-0.027533496488253206,-0.033982778349539444,-0.04028076319288232,-0.04642093325622909,-0.052396876564245076,-0.058202289329997825,-0.0638309780565649,-0.0692768614196666,-0.074533971994029,-0.07959645786335301,-0.08445858415567642,-0.08911473457197872,-0.09355941299172343,-0.09778724523707893,-0.10179298108973711,-0.10557149665619647,-0.1091177971473627,-0.11242702013688444,-0.11549443938824311,-0.11831546933191106,-0.12088567024395047,-0.12320075412011278,-0.1252565910978234,-0.12704921617261533,-0.12857483602223851,-0.12982983588511132,-0.13081078652052724,-0.13151445130318962,-0.13193779347432155,-0.13207798353030142,-0.13193240673752626,-0.13149867080425537,-0.13077461376136057,-0.12975831209374888,-0.12844808915036765,-0.12684252386095096,-0.12494045979399004,-0.12274101457344955,-0.12024358962556647,-0.11744788010533824,-0.1143538846570138,-0.11096191463747829,-0.10727260266035188,-0.10328691052190919,-0.09900613658660262,-0.09443192265281652,-0.08956626029372217,-0.08441149666326453,-0.07897033974850842,-0.0732458630307633,-0.06724150950545749,-0.060961095033327695,-0.05440881104580342,-0.0475892266669149,-0.040507290291522224,-0.03316833058447344,-0.025578056814708816,-0.01774255843967154,-0.009668303870718375,-0.001362138337817953,0.0071687192581748604,0.0159166806123352,0.024873793451106962,0.03403174814269505,0.043381885507955076,0.052915205834622725,0.06262237894316058,0.07249375503550226,0.08251937615715832,0.09268898829127181,0.10299205422301583,0.11341776732344044,0.12395506625346542,0.13459265038056856,0.14531899568702045,0.1561223711362345,0.16699085559896076,0.17791235536088124,0.18887462204107663,0.19986527071196747,0.21087179818696455,0.2218816015764702,0.23288199710651014,0.24386023901188736,0.254803538330556,0.2656990816147058,0.2765340496890687,0.287295636483357,0.2979710677640597,0.30854761956987886,0.3190126363458532,0.32935354890919655,0.3395578922957654,0.34961332332617445,0.35950763766654603,0.36922878633082945,0.3787648917539954,0.3881042635972989,0.39723541431999365,0.40614707434351516,0.4148282065899025,0.4232680203465762,0.4314559845556474,0.43938184067113184,0.4470356152129611,0.45440763200062406,0.46148852384319383,0.46826924345155874,0.4747410735146218,0.4808956360088388,0.4867249008573964,0.49222119410308096,0.497377205777525,0.5021859975440535,0.5066410099529506,0.5107360690281055,0.514465392037252,0.5178235924663994,0.5208056842790327,0.5234070855526127,0.5256236216170009,0.5274515278728416,0.5288874524549172,0.5299284588265607,0.530572028315774,0.5308160624899472,0.5306588851555105,0.5300992438152861,0.5291363105869564,0.5277696827120764,0.5259993827928611,0.5238258588389542,0.5212499841622105,0.5182730571475105,0.5148968009183079,0.5111233628849448,0.5069553141678469,0.5023956489166395,0.4974477835500082,0.49211555595636014,0.4864032247024994,0.4803154682676052,0.4738573842888769,0.46703448877520515,0.45985271522486215,0.45231841359810687,0.44443834910005364,0.43621970070894633,0.42767005937565017,0.4187974258140059,0.4096102077993464,0.40011721691756463,0.3903276647360414,0.38025115834113166,0.3698976951182473,0.359277656624279,0.3484018014170971,0.3372812567151797,0.3259275087897393,0.314352392038451,0.30256807668803987,0.29058705509950045,0.27842212680759815,0.26608638253346584,0.2535931872789803,0.24095616240261108,0.2281891665101199,0.2153062751282917,0.2023217593594282,0.1892500638018504,0.1761057838652036,0.16290364240261823,0.14965846555470108,0.13638515787590677,0.12309867697916843,0.10981400788480045,0.09654613710591775,0.08331002650947994,0.07012058713073799,0.056992653119273484,0.04394095581516666,0.03098009785363587,0.018124527327145756,0.005388512198763351,-0.007213884896145828,-0.019668831507758,-0.031962749927316736,-0.04408234125570232,-0.056014608717617875,-0.0677468801436305,-0.0792668297366248,-0.09056249920270432,-0.10162231812050493,-0.11243512331971317,-0.12299017718050465,-0.13327718495002472,-0.143286311222262,-0.1530081956127347,-0.1624339674378419,-0.17155525912176728,-0.18036421822011306,-0.1888535181303581,-0.19701636759268837,-0.20484651907437268,-0.21233827609461287,-0.2194864994003609,-0.22628661176324982,-0.23273460121900058,-0.23882702273586887,-0.2445609984333359,-0.24993421652972359,-0.25494492916477185,-0.25959194918679884,-0.2638746459921464,-0.2677929405352728,-0.2713472996053241,-0.27453872934630397,-0.27736876788537046,-0.2798394769643764,-0.2819534325661621,-0.2837137145786315,-0.28512389558417084,-0.28618802888603767,-0.28691063585517185,-0.2872966926739906,-0.2873516165608194,-0.2870812515379626,-0.2864918538036676,-0.28559007677562676,-0.284382955871493,-0.28287789308235034,-0.2810826413722012,-0.2790052889451715,-0.276654243430869,-0.27403821599862965,-0.27116620541037406,-0.2680474820519052,-0.26469157195764126,-0.2611082408223169,-0.257307478020806,-0.25329948065707697,-0.24909463763252404,-0.2447035137308191,-0.2401368337246339,-0.2354054664684071,-0.23052040893207248,-0.22549277015314573,-0.2203337550372595,-0.21505464786624628,-0.20966679538529576,-0.204181589478722,-0.19861044967539243,-0.19296480582897146,-0.18725608114350933,-0.18149567548914547,-0.17569494886597425,-0.1698652048812761,-0.1640176742310402,-0.15816349838600274,-0.15231371371474012,-0.14647923608312396,-0.14067084580750588,-0.1348991728446478,-0.12917468226594764,-0.12350766023343596,-0.1179082006304597,-0.11238619229484925,-0.1069513066934249,-0.10161298593921941,-0.09638043124657258,-0.09126259204817444,-0.08626815591091486,-0.08140553922092408,-0.07668287852879274,-0.07210802251562143,-0.06768852473597065,-0.06343163740892521,-0.05934430639760535,-0.05543316728865477,-0.051704542376775464,-0.04816443838124229,-0.044818544774358315,-0.041672232603190196,-0.03873055366247513,-0.03599823998924734,-0.03347970386243304,-0.0311790385514783,-0.029100019926580956,-0.027246108881556097,-0.02562045442374483,-0.02422589729033575,-0.023064974013777828,-0.022139921384507488,-0.021452681218427472,-0.021004905288677378,-0.02079796028576908,-0.020832932726307263,-0.021110633780033083,-0.02163160398519892,-0.022396117799033277,-0.023404187898648843,-0.024655569124327315,-0.026149761978025765,-0.027886015645883333,-0.029863330552039713,-0.03208046045125457,-0.0345359140677175,-0.03722795631587417,-0.040154609128251195,-0.04331365184609126,-0.04670262109750922,-0.05031881012591555,-0.05415926761509127,-0.05822079615108322,-0.06249995047522816,-0.06699303562343317,-0.07169610500899637,-0.07660495849574289,-0.08171514049489303,-0.08702193811532766,-0.09252037940822078,-0.09820523174655449,-0.10407100038460726,-0.11011192726282104,-0.11632199012808542,-0.12269490202881173,-0.12922411125875044,-0.13590280183765913,-0.14272389460700907,-0.14968004900168097,-0.15676366551758747,-0.16396688884306343,-0.1712816116258722,-0.17869947890677906,-0.1862118933170649,-0.1938100211720979,-0.20148479956529997,-0.20922694449397738,-0.21702696002047617,-0.224875148530856,-0.23276162221559815,-0.2406763158683063,-0.24860900093801064,-0.2565493005404278,-0.2644867050731676,-0.2724105882873644,-0.28031022387137483,-0.2881748026214481,-0.2959934502372832,-0.30375524579234536,-0.31144924088778936,-0.3190644792910504,-0.32659001669399146,-0.3340149403643551,-0.3413283887283711,-0.3485195710085378,-0.35557778696012576,-0.36249244662726454,-0.3692530899026707,-0.3758494056211248,-0.3822712500404606,-0.3885086647070679,-0.39455189374255184,-0.400391400606253,-0.40601788440603315,-0.4114222957469167,-0.4165958519229136,-0.4215300511876521,-0.4262166859954277,-0.4306478552740458,-0.4348159758349368,-0.43871379304612645,-0.4423343909305615,-0.4456712018649114,-0.44871801601443906,-0.4514689904812812,-0.4539186579300605,-0.45606193442492327,-0.4578941263771199,-0.45941093663516597,-0.46060846978625847,-0.4614832367556687,-0.4620321588407492,-0.4622525713555632,-0.46214222702128893,-0.46169929914807284,-0.46092238453692147,-0.45981050589189465,-0.4583631135198232,-0.4565800862589171,-0.4544617317274984,-0.4520087860128328,-0.4492224129206761,-0.4461042029138653,-0.44265617185129713,-0.4388807596191242,-0.43478082866624135,-0.4303596622731831,-0.425620962255401,-0.42056884588315313,-0.4152078419810721,-0.4095428862659176,-0.40357931599533003,-0.3973228639911994,-0.3907796520643245,-0.38395618386433483,-0.376859337208316,-0.369496355922017,-0.3618748411974906,-0.3540027424731065,-0.34588834783972544,-0.33754027397191066,-0.32896745557135887,-0.32017913428014566,-0.3111848470380991,-0.3019944139478312,-0.29261792577234047,-0.28306573114818434,-0.273348423513184,-0.26347682773337766,-0.2534619864834937,-0.24331514647334984,-0.2330477445575383,-0.22267139367217226,-0.21219786845310296,-0.20163909034195626,-0.19100711200530185,-0.1803141009660436,-0.16957232251142074,-0.15879412208943933,-0.1479919073105762,-0.137178129461752,-0.12636526445269425,-0.11556579331558225,-0.10479218243431632,-0.09405686353001386,-0.08337221339149892,-0.07275053349985683,-0.062204029745544176,-0.05174479232300655,-0.04138477590291245,-0.031135780264115454,-0.021009431447197358,-0.011017163383151285,-0.0011702000847293448,0.0085204614356158,0.018044067518282247,0.027390123541970013,0.03654840885925381,0.04550899086044069,0.05426223818949438,0.0627988331768492,0.07110978341381013,0.07918643233337264,0.0870204688137477,0.09460393595488625,0.10192923906583218,0.10898915271462783,0.11577682673951273,0.12228579133006434,0.12850996138588044,0.13444364022967648,0.1400815225305223,0.14541869627026216,0.15045064377114414,0.15517324195020876,0.1595827619600172,0.16367586821321822,0.16744961659177449,0.17090145164266346,0.17402920275095113,0.1768310794317287,0.17930566591147823,0.18145191513973913,0.18326914235255032,0.18475701831753355,0.18591556238531126,0.18674513544606697,0.1872464328846135,0.18742047763315384,0.1872686133845889,0.1867924979479696,0.18599409665370104,0.18487567571127528,0.18343979547724842,0.18168930363158609,0.17962732827025718,0.177257270952758,0.17458279978737323,0.17160784261243123,0.16833658027228893,0.16477343997951266,0.16092308875791161,0.15679042693665224,0.15238058165552104,0.1476989003513225,0.1427509441823389,0.13754248130225477,0.1320794798575875,0.12636810057594516,0.12041468882329553,0.11422576601643897,0.107808020336293,0.10116829687287066,0.0943135875043879,0.08725102075437263,0.07998785167128375,0.07253145164047226,0.06488929799859022,0.057068963402208794,0.0490781051092668,0.04092445441386161,0.03261580628992533,0.024160009089214896,0.015564954155962596,0.006838565441846356,-0.002011210656625906,-0.010976415145165674,-0.020049086051265874,-0.0292212679319519,-0.03848502125051567,-0.0478324314355163,-0.0572556174876766,-0.06674674022556104,-0.07629801035093209,-0.08590169636794087,-0.09555013219522124,-0.10523572429849537,-0.11495095834079905,-0.12468840550607041,-0.13444072862635892,-0.14420068802638042,-0.153961146883006,-0.16371507604883107,-0.17345555846469551,-0.18317579333633205,-0.19286910017619618,-0.20252892260429434,-0.2121488316997926,-0.22172252884242027,-0.23124384815479715,-0.24070675872777514,-0.2501053668193549,-0.259433918101287,-0.2686867998096716,-0.27785854258140574,-0.28694382189821255,-0.2959374592040831,-0.30483442282946527,-0.31362982890173186,-0.3223189424020987,-0.3308971783569845,-0.339360102912849,-0.3477034340245311,-0.35592304171390055,-0.36401494802721857,-0.3719753268174273,-0.37980050342677174,-0.38748695432886393,-0.3950313068185949,-0.40243033889507984,-0.4096809794317764,-0.4167803085073274,-0.4237255576218075,-0.43051410960852365,-0.4371434982084992,-0.4436114073458981,-0.4499156701333078,-0.4560542676268682,-0.462025327359207,-0.4678271216693233,-0.47345806584272054,-0.47891671609050235,-0.4842017673940475,-0.48931205121887444,-0.49424653310288846,-0.49900431015340985,-0.5035846084958209,-0.5079867806767524,-0.5122103029877039,-0.5162547727013802,-0.5201199052248029,-0.5238055311334548,-0.5273115930627412,-0.5306381424907087,-0.5337853364647742,-0.5367534343101568,-0.5395427943384306,-0.5421538705734221,-0.5445872095204649,-0.5468434470070989,-0.5489233051326394,-0.5508275893692272,-0.5525571858388645,-0.5541130587787819,-0.5554962482241947,-0.5567078679567032,-0.5577491037555689,-0.5586212119423806,-0.559325518184508,-0.5598634165357979,-0.5602363686913066,-0.5604459034291835,-0.5604936162286975,-0.5603811690351037,-0.5601102900717905,-0.5596827735503567,-0.5591004791525478,-0.558365331216514,-0.5574793176034163,-0.5564444882756803,-0.5552629537107094,-0.5539368833425158,-0.5524685041847519,-0.5508600996974309,-0.5491140089271482,-0.5472326259260853,-0.5452183993564077,-0.543073832116761,-0.5408014808647081,-0.5384039553640037,-0.5358839175917112,-0.5332440805146845,-0.5304872064068391,-0.5276161045802468,-0.5246336285493243,-0.5215426728961532,-0.5183461701743113,-0.5150470879651294,-0.5116484259884189,-0.5081532131511537,-0.504564504466309,-0.5008853777767115,-0.49711893017013153,-0.4932682739745715,-0.489336532406881,-0.4853268351803166,-0.481242314379827,-0.47708610069177126,-0.472861319869196,-0.4685710892656729,-0.46421851432952366,-0.4598066850061855,-0.45533867202068024,-0.45081752309264544,-0.44624625928582873,-0.4416278717464266,-0.4369653189565952,-0.43226152448730915,-0.4275193752074742,-0.4227417199240975,-0.41793136840793466,-0.41309109069018746,-0.40822361646768,-0.40333163449620457,-0.3984177919636309,-0.39348469398065333,-0.38853490341133323,-0.3835709411895394,-0.37859528714299984,-0.37361038129873236,-0.3686186256300701,-0.36362238618904996,-0.3586239955577497,-0.3536257555527982,-0.3486299401282906,-0.3436387984296019,-0.3386545579509246,-0.33367942775357307,-0.32871560170183756,-0.32376526166004993,-0.31883058059107583,-0.31391372550683627,-0.30901686021862673,-0.3041421478344972,-0.2992917529549999,-0.29446784350776056,-0.2896725921652177,-0.2849081772963231,-0.28017678339989516,-0.2754806009981223,-0.27082182602799776,-0.2662026587994575,-0.26162530256472394,-0.2570919616771903,-0.25260483927989696,-0.24816613449510783,-0.24377803914877205,-0.23944273409524897,-0.23516238518672594,-0.2309391389008013,-0.2267751176294297,-0.22267241466398247,-0.218633088949872,-0.21465915965301008,-0.21075260055356182,-0.20691533432081854,-0.20314922673783542,-0.19945608091035893,-0.1958376314781134,-0.1922955388821066,-0.18883138377034214,-0.18544666158741308,-0.1821427773770452,-0.1789210408730213,-0.17578266196598236,-0.1727287465858609,-0.16976029301375206,-0.16687818868015114,-0.16408320753910743,-0.16137600806113284,-0.15875713183696405,-0.15622700278615298,-0.1537859270180988,-0.15143409346103454,-0.14917157535864334,-0.14699833266648454,-0.14491421535379345,-0.1429189676080611,-0.1410122328677872,-0.13919355942334022,-0.13746240619128258,-0.13581814841172957,-0.13426008326950267,-0.13278743552127992,-0.13139936317001855,-0.13009496320156444,-0.12887327739549903,-0.12773329822702806,-0.1266739748840351,-0.12569421940710868,-0.124792912860201,-0.1239689112798601,-0.12322105110701642,-0.12254815392997642,-0.1219490305001969,-0.12142248402386713,-0.12096731272254857,-0.1205823116591489,-0.12026627384702238,-0.12001799064906038,-0.11983625146374521,-0.11971984271212222,-0.11966754616081943,-0.11967813665786764,-0.11975037939630795,-0.1198830268104274,-0.1200748151712574,-0.12032446089941118,-0.12063065658266225,-0.12099206670290386,-0.1214073231055508,-0.12187502024131902,-0.12239371020032053,-0.12296189756946774,-0.12357803415160618,-0.1242405135891147,-0.12494766596677209,-0.12569775250398862,-0.1264889604548145,-0.12731939831392936,-0.12818709138988993,-0.12908997778706066,-0.1300259048493757,-0.13099262611692808,-0.1319877988127871,-0.13300898187195287,-0.1340536345501846,-0.13511911564118861,-0.13620268330461727,-0.1373014955188907,-0.13841261120238357,-0.13953299204434444,-0.14065950507101377,-0.14178892600158832,-0.14291794348496012,-0.14404316427799557,-0.14516111936138287,-0.14626827094883765,-0.14736102036351184,-0.14843571679160306,-0.14948866689934448,-0.15051614527295243,-0.15151440565153962,-0.15247969291370822,-0.1534082557610219,-0.15429636003828762,-0.15514030262362866,-0.1559364258281235,-0.1566811322474635,-0.15737089999403509,-0.15800229822936984,-0.15857200291300444,-0.15907681268530638,-0.15951366480771867,-0.15987965106794633,-0.1601720335415422,-0.16038826011001106,-0.1605259796394094,-0.1605830567142803,-0.16055758583939195,-0.16044790506034445,-0.16025260894738835,-0.15997056084496108,-0.15960090426138152,-0.15914307325880372,-0.1585968017065298,-0.1579621312737487,-0.15723941804045438,-0.1564293376007626,-0.1555328885770848,-0.15455139462551415,-0.15348650518535578,-0.15234019520390518,-0.1511147638780983,-0.14981283230124376,-0.14843733988026742,-0.14699153945426247,-0.14547899114788265,-0.1439035551310468,-0.14226938352863527,-0.14058091162533515,-0.13884284836780836,-0.13706016609273064,-0.1352380893841456,-0.13338208307838073,-0.13149783964940553,-0.12959126622891404,-0.12766847133092796,-0.1257357512228907,-0.12379957586111345,-0.12186657433041148,-0.11994351984986196,-0.11803731460624078,-0.11615497474031145,-0.11430361565665237,-0.11249043764851052,-0.11072271177241788,-0.10900776590600714,-0.1073529709038823,-0.105765726755358,-0.10425344865064545,-0.10282355284776656,-0.10148344222174899,-0.10024049145415148,-0.09910203200546874,-0.09807533711360605,-0.09716760693108029,-0.09638595374331516,-0.09573738720156655,-0.09522879955733288,-0.09486695088639863,-0.09465845428573516,-0.09460976102810292,-0.09472714564069662,-0.09501669088335518,-0.09548427263590042,-0.09613554471711439,-0.09697592365754559,-0.09801057343786823,-0.09924439021092724,-0.10068198704384912,-0.10232767871647042,-0.1041854666306179,-0.106259023906496,-0.10855168074350274,-0.11106641011354412,-0.11380581383928501,-0.11677210911831537,-0.11996711557354445,-0.123392242915763,-0.12704847933089525,-0.13093638073826952,-0.13505606107233348,-0.13940718373967798,-0.14398895441653536,-0.1488001153063223,-0.15383894079583627,-0.15910323429589823,-0.1645903261279713,-0.17029707252387993,-0.1762198559231294,-0.18235458669391136,-0.18869670621899104,-0.1952411911734302,-0.20198255891811812,-0.2089148740717448,-0.21603175625774185,-0.22332638887638012,-0.23079152881418707,-0.23841951716923404,-0.24620229102815472,-0.2541313961633094,-0.26219800052760434,-0.2703929085383123,-0.27870657609055627,-0.2871291261462403,-0.2956503648530955,-0.3042597982577959,-0.3129466495392137,-0.32169987658102883,-0.3305081898357187,-0.33936007050160555,-0.34824378892383123,-0.35714742311238723,-0.36605887738132026,-0.3749659010985411,-0.383856107381888,-0.39271699157576023,-0.4015359495638009,-0.4103002961168869,-0.41899728334905717,-0.4276141191148568,-0.43613798513097635,-0.4445560547755676,-0.45285551066847773,-0.4610235621810759,-0.46904746299972544,-0.47691452870680706,-0.48461215417235337,-0.492127830603998,-0.4994491622718371,-0.5065638829830306,-0.513459872375094,-0.5201251721233717,-0.5265480021627837,-0.5327167769900925,-0.5386201221037936,-0.5442468906389806,-0.5495861802310387,-0.5546273501381123,-0.5593600386563864,-0.5637741808404044,-0.5678600265300346,-0.5716081586707276,-0.5750095118675134,-0.5780553910389088,-0.5807374899968138,-0.5830479098427972,-0.5849791771558088,-0.586524261947126,-0.5876765953282472,-0.5884300868548564,-0.5887791415314751,-0.5887186764402017,-0.5882441369256242,-0.587351512243039,-0.586037350573001,-0.5842987733214997,-0.5821334886482603,-0.5795398041712545,-0.5765166387730076,-0.5730635334289573,-0.569180660986774,-0.5648688348163802,-0.5601295162273203,-0.5549648205129856,-0.549377521478732,-0.5433710543432326,-0.5369495168856488,-0.5301176687398907,-0.5228809289465914,-0.5152453720547783,-0.5072177229825598,-0.49880535064939124,-0.49001626026068124,-0.4808590840510547,-0.47134307035183554,-0.46147807110054373,-0.45127452806760004,-0.4407434579417284,-0.42989643623307927,-0.41874557993802597,-0.4073035290644853,-0.39558342728260243,-0.3835989018955459,-0.3713640431056362,-0.35889338247481817,-0.34620187060347973,-0.3333048542017494,-0.32021805269341286,-0.30695753430276795,-0.29353969148913706,-0.2799812157593493,-0.2662990721022567,-0.2525104732679395,-0.23863285391196598,-0.2246838444897108,-0.2106812447995523,-0.19664299721713974,-0.18258715983751728,-0.16853187973978834,-0.15449536639629713,-0.1404958650975061,-0.12655163025959126,-0.11268089859549946,-0.09890186233555198,-0.0852326427634651,-0.07169126415738702,-0.05829562804916577,-0.045063487674894986,-0.03201242247072855,-0.01915981251173804,-0.006522812981877735,0.00588167106404569,0.018037009437165352,0.029926871032678548,0.041535247642663364,0.0528464775076074,0.06384526871132579,0.0745167224317882,0.08484635590235001,0.09482012481387159,0.10442444497945758,0.11364621329256153,0.12247282812423776,0.13089220931910006,0.13889281785865393,0.14646367504497704,0.15359438089665645,0.16027513152417328,0.16649673545914823,0.17225062904866206,0.17752889105573644,0.1823242565904195,0.18663013040708876,0.19044059939560753,0.19375044395948748,0.19655514807163854,0.1988509079657419,0.2006346395080385,0.20190398431875423,0.20265731469870474,0.20289373739164773,0.20261309620639878,0.20181597349051827,0.20050369034695592,0.198678305411228,0.19634261207270498,0.19350013414128142,0.19015512001944046,0.1863125354605728,0.18197805498705577,0.1771580520278988,0.17185958785320565,0.166090399375733,0.15985888586300945,0.15317409460685383,0.14604570559846763,0.1384840152405431,0.13049991910492764,0.12210489373868683,0.1133109775511727,0.10413075084068169,0.0945773150252549,0.0846642711166723,0.07440569742777114,0.06381612646417523,0.05291052092771764,0.041704248748281714,0.03021305706536026,0.01845304508137957,0.0064406357311810325,-0.005807453753810421,-0.018274242122394924,-0.03094251495718936,-0.043794856025762385,-0.05681367918898417,-0.06998126092184975,-0.08327977335215309,-0.09669131755722304,-0.11019795689878009,-0.12378175037866868,-0.13742478610630826,-0.1511092148332409,-0.16481728331184797,-0.17853136725868524,-0.19223400389236645,-0.20590792410811787,-0.2195360842202163,-0.23310169701975525,-0.24658826195128825,-0.25997959443038354,-0.2732598543546274,-0.28641357365823694,-0.29942568263689395,-0.31228153490685884,-0.32496693106485,-0.337468141140306,-0.3497719257689482,-0.36186555583574886,-0.37373683035289673,-0.38537409254600163,-0.39676624427777085,-0.40790275895100336,-0.4187736929726782,-0.42936969580043893,-0.4396820185807897,-0.44970252131015087,-0.4594236783128238,-0.46883858186587446,-0.47794094395914755,-0.48672509624920224,-0.4951859882815981,-0.5033191840744493,-0.511120857154296,-0.518587784126396,-0.5257173368664141,-0.532507473436219,-0.5389567278350782,-0.5450641986994711,-0.5508295370772132,-0.5562529333968982,-0.5613351037210776,-0.5660772753430976,-0.5704811717556524,-0.5745489969903517,-0.5782834193417301,-0.5816875545375382,-0.5847649484518058,-0.587519559440814,-0.5899557403370252,-0.5920782201304462,-0.5938920853990766,-0.5954027615587876,-0.59661599397662,-0.5975378289833628,-0.5981745948337718,-0.5985328826515754,-0.5986195273818353,-0.598441588779778,-0.5980063324687848,-0.5973212110932167,-0.5963938455820426,-0.5952320065501837,-0.5938435958796688,-0.5922366285029241,-0.5904192143982101,-0.5883995408230973,-0.5861858548173018,-0.5837864459945123,-0.5812096296285247,-0.5784637300378108,-0.5755570642796499,-0.5724979261576664,-0.56929457057457,-0.5659551983004079,-0.5624879411856156,-0.5589008478036419,-0.5552018695263712,-0.5513988470541165,-0.5474994974199419,-0.5435114014757545,-0.5394419918519802,-0.5352985413881512,-0.5310881520479569,-0.52681774432709,-0.5224940471656936,-0.5181235883891873,-0.5137126856875369,-0.509267438138501,-0.5047937182975488,-0.5002971648594183,-0.4957831758788487,-0.49125690257587706,-0.48672324377582044,-0.4821868409887671,-0.47765207410233756,-0.4731230577070278,-0.4686036381257779,-0.4640973912200579,-0.4596076210307345,-0.45513735930617827,-0.450689365977027,-0.44626613065502596,-0.44186987519569243,-0.43750255728148346,-0.4331658749340406,-0.4288612718678735,-0.4245899436328955,-0.4203528445351097,-0.4161506953667313,-0.4119839920254478,-0.40785301512009653,-0.40375784061438225,-0.3996983515150987,-0.39567425056520733,-0.3916850737454709,-0.3877302042102002,-0.38380888631612464,-0.3799202395937158,-0.3760632726368556,-0.3722368969273049,-0.3684399406184724,-0.364671162284111,-0.3609292646244242,-0.3572129081266695,-0.3535207246124017,-0.34985133044743577,-0.3462033391111845,-0.3425753729301917,-0.3389660739298108,-0.33537411381019666,-0.33179820306632024,-0.32823709928864986,-0.3246896146702838,-0.32115462273836926,-0.31763106434117816,-0.3141179529245193,-0.310614379130179,-0.30711951475515065,-0.30363261611267944,-0.3001530268348276,-0.29668018015189546,-0.29321360068243507,-0.28975290577685087,-0.2862978064493831,-0.28284810791437565,-0.27940370976238427,-0.27596460582061866,-0.2725308836817817,-0.26910272385280365,-0.26568039851529335,-0.2622642698983313,-0.2588547882496641,-0.25545248940298393,-0.2520579919281829,-0.24867199380806682,-0.2452952685420584,-0.24192866055226148,-0.23857307982491704,-0.23522949591066578,-0.23189893162108888,-0.2285824567655581,-0.22528118203496206,-0.2219962529299977,-0.21872884362404932,-0.21548015072318094,-0.21225138688173928,-0.2090437741695439,-0.2058585371275896,-0.2026968956788906,-0.1995600582517838,-0.19644921536904292,-0.19336553369209497,-0.19031015038507348,-0.1872841677120647,-0.1842886478128989,-0.181324607544191,-0.1783930133040954,-0.17549477598936392,-0.17263074641805787,-0.1698017114514201,-0.16700839083378582,-0.1642514346834716,-0.16153142156515088,-0.15884885704732454,-0.1562041726218979,-0.15359772488805135,-0.15102979496649738,-0.14850058821512135,-0.14601023446105899,-0.14355878901013597,-0.14114623457080455,-0.1387724840708131,-0.1364373842802138,-0.13414072016517764,-0.13188221989522475,-0.12966156039549048,-0.1274783733509679,-0.12533225160110106,-0.1232227558398904,-0.12114942151608687,-0.11911176586350791,-0.11710929501941791,-0.11514151115822813,-0.11320791953270515,-0.11130803537471934,-0.10944139072130099,-0.10760754127758787,-0.1058060733927988,-0.10403661117303642,-0.10229882371952215,-0.10059243245603255,-0.09891721845988144,-0.09727302966854978,-0.09565978786417872,-0.09407749539311538,-0.09252624159015,-0.09100620889356037,-0.0895176786635119,-0.08806103669766685,-0.08663677840490891,-0.08524551360412147,-0.08388797093340372,-0.08256500185063942,-0.08127758419041697,-0.08002682525424376,-0.07881396442360966,-0.07764037526204248,-0.07650756705697148,-0.07541718577093803,-0.07437101438701177,-0.07337097261763859,-0.07241911596113226,-0.07151763416149493,-0.07066884914564042,-0.06987521245136463,-0.0691393021123119,-0.06846381897452147,-0.067851582473196
0.23595192906400086,0.22757558626257435,0.21925257110321894,0.21099234135233758,0.2028042886473429,0.1946977266683021,0.18668187907117328,0.1787658673912631,0.17095869918537687,0.16326925653022073,0.1557062848846158,0.14827838230799273,0.14099398899441695,0.13386137709794355,0.12688864088602259,0.12008368724295337,0.11345422649245052,0.10700776351441732,0.10075158916521332,0.09469277201727522,0.08883815043348875,0.08319432499486368,0.07776765127936613,0.07256423296512793,0.0675899152488384,0.06285027860873527,0.058350632934541125,0.05409601201265701,0.05009116836571792,0.046340568480879085,0.042848388454920894,0.03961851003623451,0.03665451701679956,0.03395969197318749,0.03153701341202719,0.029389153348780894,0.027518475293476286,0.02592703260133078,0.024616567132703437,0.023588508157963872,0.022843971457369605,0.022383758616108196,0.022208356574644483,0.022317937485283323,0.022712358867693183,0.023391164033334633,0.02435358274245658,0.02559853204473228,0.0271246172662174,0.02893013313056514,0.03101306500688139,0.033371090267614534,0.036001579723084376,0.03890159909711599,0.04206791053677961,0.04549697415755105,0.04918494961860631,0.053127697748834635,0.057320782262031855,0.061759471597248705,0.06643874091424351,0.07135327427474891,0.07649746705832428,0.08186542864187629,0.0874509852955967,0.09324768323206456,0.09924879182522517,0.10544730707613326,0.11183595537120539,0.11840719751357653,0.12515323298402592,0.13206600441623806,0.1391372023236741,0.14635827016761027,0.15372040988033575,0.16121458796494892,0.16883154230313124,0.1765617898026548,0.18439563497781108,0.1923231793993665,0.20033433171054327,0.20841881785983674,0.2165661914265442,0.22476584412980571,0.2330070166695677,0.24127881004379503,0.2495701974498914,0.25787003673448083,0.266167083173535,0.2744500023732499,0.28270738327833556,0.29092775142488136,0.29909958259725755,0.3072113169655708,0.31525137359380295,0.32320816508721606,0.3310701122768833,0.3388256590542227,0.3464632875314919,0.3539715335954412,0.3613390027267229,0.3685543858628293,0.3756064752237407,0.3824841802060348,0.38917654350157704,0.3956727575190442,0.4019621809828138,0.40803435546369116,0.41387902173919855,0.4194861360593407,0.4248458864428528,0.42994870907732974,0.43478530469847954,0.43934665465345546,0.443624036464044,0.44760903892716186,0.45129357686931115,0.4546699056670107,0.45773063559872895,0.4604687459084644,0.46287759828530284,0.4649509495590749,0.4666829636426044,0.4680682228428239,0.4691017386325669,0.4697789619446411,0.4700957930537939,0.4700485911163028,0.469634183412893,0.46884987429948666,0.4676934537762847,0.4661632054886198,0.4642579139972156,0.4619768712558141,0.4593198823174589,0.45628727033177796,0.45287988087765996,0.44909908564758894,0.4449467854989919,0.4404254128804155,0.4355379336256391,0.43028784810808673,0.42467919175044244,0.4187165348733899,0.41240498185223373,0.4057501695670709,0.39875826516592383,0.39143596314896456,0.3837904817189042,0.3758295582962319,0.3675614441014332,0.35899489770518755,0.350139177422804,0.3410040324150785,0.33159969237789255,0.32193685581773934,0.3120266771044484,0.30188075254503133,0.29151110554901294,0.28093017077174665,0.2701507771129954,0.2591861296291711,0.24804979058615828,0.2367556598005791,0.2253179542252326,0.21375118672893478,0.20207014421122693,0.19028986526453195,0.17842561741870355,0.1664928738667797,0.15450728966889216,0.1424846775249904,0.13044098311079466,0.11839225990649282,0.10635464358504976,0.09434432612899712,0.08237752973997914,0.07047048050991833,0.05863938192710805,0.0469003883837118,0.03526957874443326,0.02376292996302709,0.012396290853473602,0.0011853561546573133,-0.009854359157934311,-0.020707545462251176,-0.03135912395001128,-0.04179427174977235,-0.05199844661577657,-0.061957411270043394,-0.07165725743218587,-0.08108442936907068,-0.09022574675680772,-0.09906842683695771,-0.10760010601042325,-0.11580886096807319,-0.12368322925683373,-0.13121222904135266,-0.13838537792230454,-0.1451927108602291,-0.15162479733296408,-0.1576727578546837,-0.16332827997272403,-0.16858363380918462,-0.17343168703533252,-0.17786591897115756,-0.1818804335558042,-0.18546997116232689,-0.18862991933571038,-0.19135632251668966,-0.19364589081167338,-0.19549600787674848,-0.19690473797058416,-0.1978708321865028,-0.19839373380862213,-0.19847358270922655,-0.19811121873660653,-0.1973081840738331,-0.19606672454928287,-0.194389789876368,-0.19228103281420061,-0.1897448072755239,-0.18678616542962345,-0.18341085382352418,-0.1796253085139483,-0.17543664920621183,-0.17085267242457292,-0.16588184375942916,-0.1605332892414495,-0.15481678586503733,-0.14874275121855618,-0.1423222321207973,-0.13556689212899897,-0.12848899775437417,-0.12110140320807972,-0.11341753352347439,-0.10545136600973848,-0.09721741017857255,-0.08873068632941283,-0.0800067028147069,-0.07106143188126879,-0.06191128404586266,-0.052573081123554743,-0.043064028086654105,-0.033401683835997176,-0.023603930936332063,-0.013688944470089837,-0.00367516015225533,0.006418758301229843,0.016573952580188234,0.02677140386202126,0.036991967457517205,0.04721640804056193,0.05742543549013135,0.06759974123906431,0.07772003499361091,0.08776708175028602,0.0977217389810292,0.10756499379066753,0.11727799998480748,0.1268421151166308,0.13623893744983206,0.14545034260879675,0.1544585197704862,0.1632460073909101,0.17179572839526003,0.18009102467267013,0.18811569083216284,0.19585400729916103,0.20329077271035345,0.21041133540855128,0.21720162390085562,0.2236481762746081,0.22973816854660356,0.23545944176986922,0.24080052766061044,0.2457506726724219,0.2502998606393092,0.2544388341164705,0.258159114383794,0.26145301989609493,0.2643136829454704,0.2667350644565758,0.2687119669801774,0.2702400459899579,0.2713158195759249,0.2719366766148923,0.2721008834791121,0.2718075893141787,0.27105682991490454,0.26984953023927005,0.26818750558433635,0.2660734614174416,0.26351099184334004,0.2605045766711882,0.25705957699091186,0.2531822291275887,0.24887963687853443,0.24415976200116063,0.239031412928135,0.2335042316461582,0.2275886786340635,0.22129601573415414,0.2146382868492296,0.20762829640590041,0.20027958555449032,0.1926064061485846,0.184623692675288,0.1763470323179135,0.16779263319772042,0.15897729076223754,0.1499183523624268,0.14063368018735645,0.1311416127245124,0.12146092479827075,0.11161078624275689,0.10161071938747313,0.0914805555144298,0.08124039031529406,0.0709105384385822,0.06051148735557632,0.050063850687060096,0.03958832104348886,0.02910562255465976,0.018636463308709494,0.008201487788042527,-0.002178770627502047,-0.012483936939183593,-0.022693841429607176,-0.0327885659777607,-0.04274848956796262,-0.05255433292840195,-0.062187202296449584,-0.07162863218832882,-0.08086062701043062,-0.08986570137449945,-0.09862691891309794,-0.1071279293947427,-0.11535300411411953,-0.12328706960105507,-0.13091573952948465,-0.1382253446291486,-0.14520296056958415,-0.1518364339286009,-0.15811440624919015,-0.16402633600053207,-0.1695625182644278,-0.17471410214781713,-0.17947310605919142,-0.1838324310054702,-0.18778587204319308,-0.19132812792803122,-0.19445480879601007,-0.19716244159583596,-0.19944847313108482,-0.20131127072475863,-0.20275012053995312,-0.20376522358023408,-0.2043576893909531,-0.2045295275137704,-0.20428363682805895,-0.2036237929547724,-0.20255463385092298,-0.20108164365089465,-0.1992111348089054,-0.19695022866403633,-0.19430683459692943,-0.1912896279104359,-0.18790802648968707,-0.18417216625756083,-0.18009287543445396,-0.1756816475661367,-0.1709506132175278,-0.16591251022069287,-0.16058065242923902,-0.15496889707146266,-0.14909161094283263,-0.1429636356670727,-0.13660025210835158,-0.1300171439515907,-0.1232303605584022,-0.11625627929775106,-0.10911156748953488,-0.10181314400751518,-0.09437814064660444,-0.08682386345277138,-0.07916775414503263,-0.07142735160336855,-0.06362025340504829,-0.05576407758130131,-0.04787642483503163,-0.03997484128623796,-0.03207678169755468,-0.024199573243727457,-0.01636037997097617,-0.00857616800975336,-0.0008636716005696599,0.006760639862662288,0.014280593560087596,0.021680343733855523,0.02894440102261342,0.036057660588291185,0.04300542886120695,0.049773448828013045,0.05634792396539723,0.06271554096779397,0.06886349126181557,0.0747794911084938,0.08045180012547348,0.08586923825159687,0.09102120129384872,0.09589767520518677,0.10048924921334645,0.10478712781752364,0.10878314147766588,0.11246975573497053,0.11584007863963564,0.11888786652941974,0.12160752823870524,0.1239941277836536,0.12604338557734707,0.12775167826756473,0.12911603729078536,0.13013414620233732,0.1308043368292786,0.13112558431814847,0.13109750117133245,0.13072033035311392,0.12999493752663227,0.1289228024912603,0.12750600990171534,0.12574723934456955,0.12364975486006102,0.12121739400580367,0.11845455651897652,0.11536619259777581,0.11195779082475354,0.1082353657470847,0.10420544508929908,0.09987505652831175,0.09525171393232768,0.09034340296460641,0.08515856596035576,0.07970608602611406,0.0739952704719471,0.06803583384620282,0.06183788078521246,0.055411888689121724,0.048768690101006484,0.04191945465088054,0.03487567053504392,0.027649125698552268,0.020251888959826658,0.012696291152522576,0.004994906171432945,-0.00283946824664838,-0.010793830117336256,-0.01885499307974925,-0.02700960623322146,-0.03524417369399657,-0.04354507387514417,-0.05189857864800018,-0.06029087255924992,-0.06870807216455432,-0.07713624534286367,-0.08556143039405839,-0.09396965487619724,-0.10234695431603313,-0.11067939099299906,-0.11895307296167346,-0.12715417332120893,-0.13526894950316404,-0.14328376228232287,-0.15118509441507655,-0.15895956902091513,-0.1665939678515116,-0.17407524953120657,-0.18139056785351215,-0.1885272902438615,-0.19547301635650882,-0.2022155965242618,-0.20874314973752917,-0.21504408103447048,-0.22110709835357056,-0.22692122891682942,-0.2324758352001126,-0.23776063054639707,-0.24276569445166984,-0.24748148755863753,-0.25189886640885817,-0.2560090979706118,-0.2598038739401787,-0.26327532482558524,-0.26641603381550283,-0.2692190504299461,-0.2716779039459922,-0.27378661657461123,-0.27553971636130825,-0.2769322497549709,-0.27795979370241497,-0.2786184670904177,-0.2789049414015494,-0.2788164505014521,-0.2783507995363905,-0.2775063729360667,-0.2762821414601504,-0.2746776682108134,-0.2726931135849071,-0.2703292391579524,-0.26758741045606627,-0.26446959855589114,-0.26097838047894584,-0.25711693836181837,-0.2528890573753273,-0.24829912234606155,-0.24335211299761994,-0.23805359766405587,-0.23240972529888637,-0.2264272156673499,-0.2201133477399324,-0.21347594648831603,-0.20652336840141317,-0.1992644859345063,-0.19170867089799515,-0.18386577668122328,-0.17574611923034666,-0.16736045685567547,-0.15871996912499498,-0.149836235095961,-0.14072121094394419,-0.13138720685835636,-0.12184686305408832,-0.11211312490677017,-0.10219921746526239,-0.09211861965354018,-0.08188503826456639,-0.07151238164382079,-0.06101473294973658,-0.050406323007486264,-0.039701502954144985,-0.02891471697168413,-0.018060475302164036,-0.007153327539590748,0.0037921639154205877,0.014761450345851301,0.025740023226298092,0.03671344072449756,0.04766735396626132,0.05858753272855921,0.06945989036323397,0.08027050794309076,0.0910056576895073,0.10165182573138765,0.11219573423908002,0.12262436297346824,0.13292497029096495,0.14308511365484833,0.15309266968904467,0.16293585377856346,0.1726032392156327,0.18208377590003977,0.191366808596662,0.2004420947408434,0.209299821769676,0.21793062396132967,0.22632559877962422,0.23447632270370633,0.24237486649523987,0.25001380984876675,0.2573862553665691,0.26448584180324985,0.27130675653405234,0.27784374718704896,0.28409213234630215,0.2900478112324478,0.2957072722862861,0.30106760057257986,0.3061264838989928,0.3108822175569088,0.3153337076102076,0.319480472621251,0.3233226437153931,0.32686096306046153,0.33009678101297624,0.33303205217054455,0.3356693304288214,0.33801176299029123,0.34006308317303535,0.3418276018625619,0.3433101975035413,0.3445163046001838,0.3454519008243082,0.34612349298222966,0.346538102065999,0.3467032474125773,0.3466269298686484,0.3463176138550992,0.34578420824597345,0.34503604608118366,0.34408286333411553,0.342934777057053,0.34160226308915753,0.34009613329454425,0.33842751219858513,0.3366078128756911,0.33464871195782564,0.3325621237955332,0.3303601740707265,0.32805517320893784,0.32565958971323994,0.32318602335890034,0.3206471781713205,0.3180558351360716,0.3154248245948921,0.312766998277219,0.3100952009610154,0.3074222419199799,0.3047608664564123,0.30212372776075824,0.2995233591901538,0.2969721469833715,0.29448230341388637,0.2920658403848151,0.28973454347914895,0.2874999464848216,0.2853733064144066,0.2833655790354328,0.28148739493868646,0.27974903619347913,0.27816041362961386,0.27673104476329513,0.2754700324066732,0.2743860440346424,0.2734872919742557,0.27278151446778054,0.27227595766385093,0.27197735858698024,0.2718919291192421,0.27202534100366904,0.2723827118727016,0.2729685923338607,0.27378695415288234,0.274841179540843,0.2761340515294606,0.27766774541976247,0.2794438213125403,0.28146321776182504,0.28372624661194124,0.2862325890847188,0.2889812931883995,0.2919707725471241,0.295198806786118,0.2986625436175956,0.302358502746344,0.3062825816020478,0.3104300627020251,0.31479562238822467,0.3193733408679975,0.32415671366401,0.3291386645768313,0.33431156015076624,0.33966722549213557,0.3451969612524408,0.3508915617182353,0.35674133408905817,0.36273611901855674,0.3688653123303709,0.37511788765736753,0.38148241979693864,0.3879471087729556,0.39449980469743195,0.4011280334301901,0.40781902286583716,0.414559729661363,0.4213368663783683,0.4281369291290176,0.43494622573510355,0.44175090422480423,0.4485369814533158,0.4552903718125165,0.4619969161742503,0.46864241122013084,0.47521263911389866,0.4816933972262021,0.4880705276393158,0.49432994640571337,0.500457672690267,0.5064398578689762,0.5122628144473182,0.517913044503004,0.5233772674457313,0.5286424470752351,0.5336958179987548,0.5385249114935746,0.5431175809344566,0.5474620268771275,0.5515468217522681,0.5553609339388146,0.5588937509033371,0.5621351012152473,0.5650752754116297,0.5677050457243098,0.5700156846783244,0.5719989825991405,0.5736472640719654,0.5749534033651784,0.5759108388219332,0.5765135862573914,0.576756251387998,0.5766340412649669,0.5761427746864101,0.5752788915917435,0.5740394614160778,0.5724221903449305,0.5704254274426859,0.5680481696567554,0.5652900656798536,0.5621514187022498,0.5586331881877769,0.5547369908080526,0.550465100583537,0.5458204482182083,0.5408066196121979,0.5354278535825756,0.5296890388476996,0.5235957102448054,0.5171540440191649,0.5103708519965124,0.5032535745105662,0.4958102719898463,0.48804961515453016,0.4799808739248874,0.471613905234598,0.4629591398223951,0.45402756792467613,0.4448307238003153,0.43538066918144835,0.4256899758783135,0.41577170766124993,0.4056394013098057,0.39530704668737826,0.3847890659116331,0.3741002918063643,0.36325594567819763,0.35227161436908716,0.34116322667200905,0.3299470292722262,0.3186395621973972,0.3072576336407664,0.295818294180755,0.28433881053762633,0.2728366388867727,0.26132939769227903,0.24983484016471635,0.23837082647913377,0.22695529574826878,0.21560623774126952,0.20434166447565616,0.1931795817820472,0.1821379608190341,0.17123470958177478,0.16048764455268127,0.14991446254944663,0.13953271272315249,0.12935976876124755,0.11941280145001087,0.1097087516248223,0.10026430341466153,0.09109585780856122,0.08221950671453016,0.0736510075745116,0.06540575839473206,0.05749877303845352,0.049944656845383406,0.04275758285936604,0.03595126889295841,0.029538955417073964,0.023533384117747858,0.017946776982626034,0.012790815957622215,0.008076623450975262,0.0038147439973670316,1.5127198366826633e-05,-0.0033128880894821577,-0.006160588342083884,-0.008519898741610632,-0.010383395349066404,-0.011744316078420525,-0.01259657049705254,-0.012934748495453618,-0.012754127852176111,-0.01205068072790283,-0.010821079129350153,-0.009062699353187043,-0.006773625427101138,-0.003952651586310196,-0.0005992838097270692,0.003286259552474746,0.007703048035551774,0.012649440200675599,0.01812308565904175,0.02412092804157595,0.030639209066649187,0.03767347385810638,0.04521857765159609,0.0532686940167153,0.06181732457247335,0.07085730997543038,0.08038084199330342,0.09037947670260138,0.10084414892381233,0.11176518782261269,0.12313233343721208,0.13493475399472743,0.14716106408624086,0.15979934376060356,0.17283715841130487,0.18626157926834708,0.20005920445047565,0.21421618063047987,0.2287182252411597,0.24355064901372714,0.25869837874395785,0.2741459803295214,0.28987768204125786,0.3058773978461815,0.32212875065097535,0.3386150954809821,0.3553195426214515,0.37222498060555154,0.3893140988606518,0.4065694099564823,0.4239732715856661,0.44150790845472443,0.459155434113363,0.4768978725707953,0.4947171795739962,0.5125952635768911,0.5305140065313267,0.5484552846068169,0.5664009887521573,0.5843330448416353,0.6022334332562238,0.6200842079647941,0.6378675152463771,0.6555656121965967,0.6731608851012822,0.6906358675602604,0.7079732580968283,0.7251559370730334,0.7421669829055517,0.7589896876786426,0.7756075722827944,0.7920044012038616,0.8081641970642224,0.824071254995701,0.8397101568723642,0.8550657852737373,0.8701233369272572,0.8848683354679139,0.8992866435117435,0.9133644741012716,0.9270884015863601,0.9404453720023511,0.9534227129985169,0.9660081433577332,0.9781897821459538,0.9899561575349196,1.0012962153356142,1.012199327274267,1.0226552990291964,1.0326543780272246,1.0421872610125646,1.0512451014155317,1.059819516524648,1.0679025944555818,1.0754869009067392,1.082565485674614,1.089131888901477,1.0951801470247062,1.1007047983828002,1.105700888426128,1.1101639744935454,1.114090130154409,1.1174759490901138,1.1203185484161224,1.122615571355091,1.1243651892336004,1.1255661027881132,1.126217542765204,1.1263192698280307,1.1258715737697145,1.1248752719782331,1.1233317071068,1.1212427440003623,1.118610765973429,1.1154386704641652,1.1117298640056532,1.1074882564479012,1.1027182544226406,1.0974247540635247,1.0916131329418164,1.0852892411393569,1.0784593913770664,1.0711303481171797,1.0633093155613125,1.0550039245465541,1.04622221854045,1.0369726390302887,1.0272640104676682,1.0171055248050038,1.006506725634729,0.9954774919153309,0.984028021339924,0.9721688135786053,0.9599106536459416,0.9472645954766108,0.9342419456845761,0.9208542474660248,0.9071132645825415,0.8930309653568855,0.8786195066353031,0.8638912177088187,0.848858584329065,0.8335342330979785,0.8179309164765058,0.8020614985310672,0.785938941426437,0.7695762926166339,0.7529866727118275,0.7361832640362422,0.7191792998665818,0.7019880543117196,0.6846228328078752,0.667096963212849,0.6494237874828883,0.6316166539185275,0.6136889099589453,0.595653895493399,0.5775249366553723,0.5593153400820441,0.5410383876396807,0.5227073315981272,0.5043353902208239,0.4859357437368814,0.4675215306593046,0.4491058444202167,0.4307017303161089,0.4123221827458323,0.3939801426903742,0.37568849539092497,0.35746006821037923,0.3393076286503458,0.3212438824688064,0.30328147184440013,0.28543297353760977,0.26771089700373807,0.25012768241325034,0.2326956985154851,0.21542724029279725,0.19833452638150817,0.18142969620883775,0.16472480676518586,0.14823182894252795,0.13196264335714147,0.1159290355411855,0.10014269041005974,0.08461518595181872,0.06935798605890398,0.054382432420318594,0.03969973556072404,0.02532096532019068,0.011257041055777961,-0.0024812783530308025,-0.015883404787985,-0.028938931621695474,-0.041637645047224225,-0.053969536076124314,-0.06592481306851283,-0.07749391453457122,-0.08866752205471329,-0.09943657334299161,-0.10979227557900373,-0.11972611913686393,-0.12922989170025545,-0.1382956925365022,-0.14691594664628127,-0.15508341867117537,-0.16279122661022427,-0.17003285544748792,-0.17680217072813065,-0.18309343192778726,-0.188901305304924,-0.19422087599662063,-0.19904765929643986,-0.2033776111650667,-0.20720713809115665,-0.21053310647236145,-0.21335285166969697,-0.21566418675644883,-0.21746541076064574,-0.21875531606471554,-0.21953319472630994,-0.21979884368934677,-0.21955256896843878,-0.2187951888790849,-0.21752803633708595,-0.21575296026030344,-0.21347232615751466,-0.21068901598874845,-0.20740642732506842,-0.2036284718144259,-0.19935957299102114,-0.19460466347544525,-0.18936918158092908,-0.18365906731997939,-0.1774807578120985,-0.1708411821032172,-0.16374775539358666,-0.15620837262854792,-0.14823140141051283,-0.13982567423839498,-0.1310004800570752,-0.12176555502990993,-0.11213107244410025,-0.10210763170086778,-0.09170624635709856,-0.08093833116114268,-0.06981568806845218,-0.058350491397405335,-0.0465552724223528,-0.03444290360893376,-0.022026582475866974,-0.009319814933952841,0.003663602065543614,0.01690959870045816,0.0304038513443885,0.04413180256182159,0.058078681930915366,0.07222952748913514,0.0865692077005562,0.10108244397513744,0.11575383369277148,0.13056787350984678,0.14550898272443646,0.16056152668608803,0.17570984036252923,0.19093825201979087,0.20623110676464051,0.2215727897359514,0.23694774891962567,0.25234051758150855,0.2677357361626207,0.2831181734693615,0.29847274718422057,0.3137845438390414,0.3290388382688363,0.34422111235343067,0.3593170728131696,0.37431266799214313,0.389194103729416,0.40394785839779246,0.41856069700198617,0.43301968412278313,0.44731219561554525,0.4614259291467775,0.475348913746096,0.4890695185594609,0.5025764608740104,0.5158588132642663,0.5289060096105018,0.5417078498880343,0.5542545038082736,0.5665365134568248,0.5785447950926326,0.590270640284217,0.6017057165501498,0.6128420676306447,0.6236721134040195,0.6341886492929305,0.6443848449720377,0.65425424234666,0.6637907528844735,0.6729886543910695,0.6818425873249865,0.6903475507112589,0.6984988976622972,0.7062923305267077,0.7137238957200083,0.720789978345131,0.7274872967817956,0.7338128974123208,0.7397641495733609,0.7453387407730716,0.7505346722088717,0.7553502546781985,0.7597841050403957,0.7638351433132158,0.7675025902676467,0.7707859652105782,0.7736850836814071,0.7762000549690171,0.778331279503945,0.7800794462492462,0.7814455302022552,0.7824307900461065,0.7830367659469744,0.7832652775067643,0.7831184218867406,0.7825985721037156,0.7817083754853584,0.7804507522745041,0.7788288943891004,0.776846264347185,0.7745065943557279,0.7718138855544865,0.768772407402281,0.7653866971889229,0.7616615596524028,0.7576020666733996,0.7532135570048908,0.748501635980297,0.7434721751571587,0.7381313119014621,0.7324854489452477,0.7265412539252694,0.7203056588685826,0.7137858595590174,0.7069893146941055,0.6999237447239679,0.692597130267103,0.6850177100077985,0.6771939779693739,0.6691346800433635,0.6608488097407772,0.6523456033547674,0.6436345348166697,0.6347253103196095,0.6256278625367315,0.6163523442024825,0.6069091209328619,0.5973087633836514,0.5875620389984775,0.5776799035056186,0.567673492110707,0.5575541101808099,0.5473332232192618,0.5370224461612239,0.5266335322260147,0.5161783614592821,0.5056689288876157,0.4951173321856146,0.4845357589168131,0.4739364735372078,0.4633318042409229,0.45273412951450354,0.4421558642169856,0.43160944516500166,0.4211073164036634,0.4106619143399328,0.40028565272736216,0.3899909073768342,0.37979000055485557,0.3696951852261847,0.3597186293610264,0.3498724003574907,0.34016844944396496,0.3306185959201926,0.32123451125087144,0.3120277032042935,0.30300950024135886,0.2941910361819211,0.2855832350252214,0.2771967958039383,0.2690421774830014,0.26112958409833453,0.25346895036182104,0.24606992778564063,0.23894187122270694,0.2320938256863414,0.22553451331981478,0.21927232042573763,0.21331528462631155,0.2076710824215695,0.2023470173897124,0.19735000907435563,0.1926865824763837,0.18836285804997033,0.18438454211784716,0.1807569176481607,0.1774848353619447,0.17457270517056855,0.1720244879422168,0.1698436875504683,0.1680333431403156,0.16659602157807285,0.16553381007916101,0.16484830904585834,0.1645406252270618,0.164611365350666,0.16506063030615792,0.16588800986170327,0.16709257788654952,0.16867288808118985,0.1706269702220098,0.17295232691354556,0.17564593085293012,0.1787042226289799,0.18212310907558305,0.1858979621934722,0.19002361865084794,0.1944943798613039,0.19930401263053454,0.20444575040650648,0.20991229525496635,0.21569582075288452,0.22178797601372935,0.22817989104211023,0.23486218356714517,0.24182496740390036,0.2490578622085451,0.2565500043682434,0.2642900588815067,0.2722662322935321,0.28046628682037067,0.2888775556911085,0.29748695954940274,0.30628102371657917,0.31524589633649924,0.3243673675811678,0.33363088993447576,0.3430215993755823,0.35252433737473154,0.36212367376875676,0.3718039304866494,0.3815492059332044,0.3913433999009186,0.40117023900547366,0.4110133025737355,0.4208560488490676,0.4306818414997764,0.4404739764559622,0.4502157089660983,0.45989028075530314,0.4694809472823849,0.47897100505135626,0.48834381881455613,0.4975828485738347,0.5066716764202539,0.5155940331788784,0.5243338246806175,0.5328751575541233,0.5412023645844641,0.5493000296372159,0.5571530119765242,0.5647464698089806,0.5720658830828,0.5790970756575149,0.5858262367812088,0.5922399416474988,0.5983251709030952,0.6040693291835382,0.6094602628352845,0.6144862768720429,0.6191361509985853,0.6233991544516186,0.6272650595504388,0.6307241540265096,0.6337672522637092,0.6363857055768349,0.6385714116654242,0.6403168233899592,0.6416149569952907,0.6424593998772679,0.6428443179318606,0.6427644624133322,0.6422151761709927,0.6411923991916737,0.6396926734252659,0.6377131468761448,0.6352515769482423,0.6323063330401553,0.6288763984194858,0.6249613714279008,0.6205614660561309,0.6156775119294196,0.6103109537421076,0.6044638501534223,0.5981388721444603,0.5913393008374612,0.5840690247699243,0.576332536599935,0.568134929189597,0.5594818909767909,0.5503797005367872,0.5408352202473736,0.5308558889763617,0.5204497137055668,0.5096252599967457,0.4983916411932796,0.48675850623634886,0.47473602596984676,0.4623348778872156,0.44956622947462677,0.436441720415111,0.422973443772797,0.40917392606732506,0.3950561060904718,0.3806333124422494,0.365919239966388,0.3509279252976114,0.3356737215577965,0.3201712721561236,0.3044354837972918,0.28848149890470154,0.27232466754066564,0.25598051878712624,0.23946473165174353,0.22279310568705313,0.20598153144136688,0.18904596078632352,0.1720023772507986,0.15486676652867004,0.13765508721932918,0.12038324185348159,0.10306704837455527,0.08572221221614029,0.06836429896404184,0.05100870760697518,0.0336706445315329,0.01636509841239331,-0.0008931839873440595,-0.01808972107381379,-0.0352103185774979,-0.05224109047271952,-0.06916847869103293,-0.08597927172292685,-0.10266062206575555,-0.11920006231740388,-0.13558551978335487,-0.15180532965712246,-0.16784824691144706,-0.183703456955854,-0.19936058493573938,-0.21480970344832429,-0.23004133856616704,-0.24504647424677728,-0.25981655528015324,-0.27434348891278404,-0.288619645282985,-0.3026378568031092,-0.31639141660994596,-0.3298740761985073,-0.34308004231591127,-0.35600397307800336,-0.3686409731776479,-0.38098658809936836,-0.3930367973664559,-0.4047880069099179,-0.41623704066996936,-0.4273811315347231,-0.43821791167612645,-0.448745402313385,-0.45896200296598977,-0.46886648028452527,-0.4784579565034477,-0.4877358975234074,-0.4967001006603837,-0.5053506821424847,-0.5136880644581723,-0.5217129636689464,-0.5294263767812808,-0.5368295692264553,-0.5439240624616488,-0.5507116216948091,-0.5571942437216961,-0.5633741448562333,-0.5692537489566618,-0.5748356755602728,-0.5801227281401822,-0.5851178825295165,-0.5898242755832754,-0.5942451941111457,-0.5983840640600064,-0.6022444399154381,-0.6058299942969327,-0.6091445077159037,-0.6121918584811326,-0.6149760127488832,-0.6175010146959252,-0.6197709767716759,-0.6217900699739403,-0.6235625140852008,-0.6250925677944323,-0.6263845186190977,-0.6274426725442126,-0.6282713433509741,-0.6288748417632917,-0.6292574647003732,-0.629423484885379,-0.6293771408691953,-0.6291226274070283,-0.6286640860985102,-0.6280055961918833,-0.6271511655093676,-0.626104721632494,-0.62487010367105,-0.6234510549166075,-0.6218512164738073,-0.6200741217840218,-0.6181231918767622,-0.6160017312039585,-0.613712924055605,-0.611259831748626,-0.6086453908377436,-0.6058724124706174,-0.6029435828583516,-0.5998614647438743,-0.5966284997110449,-0.5932470111928296,-0.5897192080489901,-0.5860471885684575,-0.5822329448257904,-0.5782783675104994,-0.5741852514331285,-0.5699553017914667,-0.5655901411603992,-0.5610913171353573,-0.5564603105151917,-0.5516985438873334,-0.5468073905344326,-0.5417881836313256,-0.536642225663563,-0.5313707979368232,-0.525975170050522,-0.520456609268031,-0.5148163897721858,-0.509055801815073,-0.5031761607470528,-0.4971788158471071,-0.4910651588205681,-0.48483663185417214,-0.4784947351976854,-0.4720410342684147,-0.4654771662601078,-0.4588048462439005,-0.4520258727650983,-0.4451421329455556,-0.43815560709670365,-0.43106837283653476,-0.4238826086988752,-0.41660059723960785,-0.40922472765666384,-0.4017574979389522,-0.3942015165513908,-0.3865595036506235,-0.37883429182486594,-0.3710288263285122,-0.36314616474947314,-0.3551894760663288,-0.34716203907839827,-0.3390672401905803,-0.3309085705640271,-0.32268962268432233,-0.3144140863967877,-0.30608574443334646,-0.297708467411681,-0.2892862082552625,-0.2808229960194666,-0.2723229291739102,-0.2637901684075672,-0.255228929053132,-0.2466434733169791,-0.23803810252761082,-0.22941714955958759,-0.22078497153700027,-0.21214594284030852,-0.20350444836000747,-0.19486487694734222,-0.18623161506081232,-0.1776090406312676,-0.16900151716526324,-0.16041338808538086,-0.15184897126827224,-0.14331255373111418,-0.1348083864765499,-0.12634067955171702,-0.117913597349947,-0.10953125413539766,-0.10119770973691544,-0.0929169653651698,-0.0846929595771968,-0.07652956446573,-0.06843058210960606,-0.06039974125680203,-0.052440694194899606,-0.04455701377586507,-0.03675219060406931,-0.029029630457479527,-0.021392652005552293,-0.013844484826542214,-0.006388267696529226,0.0009729528723596559,0.008236223873119286,0.015398686872046596,0.022457578936780465,0.029410233396177432,0.03625408037154898,0.04298664704877808,0.04960555769723385,0.056108533440522024,0.06249339177877289,0.06875804589568446,0.07490050381353086,0.08091886743686416,0.08681133150006559,0.09257618245334953,0.09821179732759333,0.10371664258871505,0.10908927299536941,0.11432833048868218,0.11943254313207774,0.12440072411726533,0.1292317708689339,0.13392466427933414,0.13847846809579778,0.14289232847245614,0.1471654736791308,0.15129721396581175,0.15528694159405632,0.15913413104527763,0.16283833941832881,0.16639920702401412,0.16981645817944013,0.17308990221104636,0.17621943468758872,0.1792050389518849,0.1820467880327783,0.18474484685764736,0.18729947444805362,0.18971102572460552,0.19197995270155843,0.19410680504524436,0.19609223009055654,0.19793697242893415,0.19964187313154724,0.2012078686279679,0.20263598923168757,0.20392735729518563,0.2050831850423549,0.20610477219016587,0.20699350344302303,0.2077508458823374,0.20837834623822715,0.20887762801496734,0.20925038846161925,0.20949839543024495,0.20962348421848276,0.2096275544785513,0.2095125671659943,0.2092805414065637,0.20893355115894252,0.20847372161621536,0.20790322536080197,0.2072242783255831,0.2064391356058337,0.20555008713495226,0.20455945320497904,0.20346957979175073,0.2022828336403535,0.20100159707678955,0.19962826252177024,0.1981652266685856,0.19661488427971818,0.1949796216784847,0.19326181021367717,0.1914637999993758,0.18958791404837427,0.18763644276152291,0.18561163871482478,0.18351571170754255,0.18135082403144764,0.17911908593966785,0.17682255142232606,0.1744632145991929,0.17204300704985087,0.16956379616750894,0.16702738445574283,0.16443550970311094,0.16178984597785018,0.15909200532713896,0.156343540041739,0.15354594538614919,0.1507006627369023,0.14780908307925955,0.1448725508310318,0.14189236806345917,0.138869799283583,0.135806076898362,0.1327024073452634,0.12955997776367667,0.1263799630680822,0.12316353334287555,0.1199118615173731,0.11662613128323329,0.11330754521600284,0.10995733303163036,0.10657675984903392,0.10316713432604985,0.09972981659831248,0.09626622600865886,0.09277784862828042,0.08926624454170451,0.08573305485318627,0.08218000839861617,0.07860892816333376,0.07502173739102602,0.07142046535358304,0.0678072527469169,0.06418435669012013,0.060554155317511515,0.05691915194109498,0.05328197875225982,0.04964540003999929,0.04601231490826052,0.04238575945896628,0.038768908391475065,0.03516507598478569,0.03157771646122853,0.028010423763277004,0.02446693078712059,0.020951108103758997,0.01746696218985022,0.01401863316752383,0.010610392008473468,0.0072466371353812065,0.003931890365059587,0.0006707921817579177,-0.002531903611014741,-0.0056713357849176305,-0.008742542103050255,-0.01174046630107739,-0.014659965653251561,-0.01749581907896669,-0.02024273575689506,-0.022895364249862382,-0.025448302130534728,-0.027896106074770444,-0.03023330239000188,-0.03245439797807137,-0.0345538917391508,-0.03652628637519939,-0.03836610055139289,-0.04006788142948636,-0.04162621758352003,-0.04303575226596479,-0.044291196998806015,-0.04538734549473844,-0.046319087905274614,-0.047081425360588014,-0.04766948476763133,-0.048078533873201934,-0.04830399662823481,-0.04834146888042312,-0.04818673437833354,-0.047835781043346515,-0.04728481749795321,-0.04653028983556595,-0.04556889847857093,-0.044397614822081266,-0.04301369738783478,-0.04141470734509056,-0.03959852331286129,-0.037563355368043005,-0.035307758220533,-0.0328306435398531,-0.030131291426222617,-0.027209361052499048,-0.02406490050805843,-0.020698355853113526,-0.017110579396586445,-0.013302837208279072,-0.009276815859827536,-0.005034628393445928,-0.0005788195144802444,0.004087630012492127,0.008961299790790633,0.014038327074899826,0.019314404952979203,0.024784781470920336,0.030444259739866197,0.036287199072084775,0.04230751718636583,0.04849869353709124,0.054853773848805076,0.061365375940781064,0.06802569692554528,0.0748265218819455,0.08175923406075469,0.08881482650633643,0.09598391482357016,0.10325675087040764,0.110623237290298,0.11807294288060177,0.12559511886045982,0.1331787161380973,0.14081240365399594,0.1484845878532397,0.15618343333383677,0.16389688461399032,0.17161268874582447,0.17931841844745833,0.1870014956327779,0.19464921540196656,0.2022487705610061,0.20978727667115749,0.21725179748472812,0.22462937044743825,0.2319070319900831,0.23907184256209035,0.24611091147394148,0.25301142161183776,0.25976065410457494,0.26634601296596827,0.27275504953651364,0.2789754864005971,0.2849952405190592,0.2908024454918703,0.29638547300525175,0.3017329535560833,0.30683379650817955,0.3116772095315099,0.3162527175091512,0.320550180913024,0.32455981340805096,0.3282721983114385,0.3316783036984958,0.33476949618096086,0.33753755343381187,0.3399746754815638,0.3420734947422446,0.3438270848869962,0.3452289686226635,0.3462731245086488,0.34695399290238527,0.34726648111413283,0.34720596784877245,0.34676830700854566,0.3459498308894595,0.34474735268587864,0.3431581681203255,0.3411800560677989,0.3388112781757755,0.33605057757137047,0.33289717677820363,0.32935077495522336,0.3254115445416659,0.32108012736838276,0.3163576302778921,0.31124562028583114,0.30574611929533546,0.2998615983520452,0.29359497143807545,0.2869495888245339,0.2799292300167977,0.27253809635469395,0.26478080333086496,0.2566623726425874,0.2481882239653288,0.23936416647580216,0.23019639018097138,0.22069145705200555,0.21085629191094313,0.20069817306869453,0.19022472276607516,0.1794438974336856,0.16836397772557632,0.15699355829077177,0.14534153731478483,0.1334171058799427,0.12122973711540652,0.10878917503798391,0.09610542298728575,0.08318873160725104,0.07004958633942948,0.056698694341413614,0.04314697070527984,0.02940552391417839,0.015485640687082025,0.0013987705643643267,-0.012843489495971028,-0.027229410511331764,-0.041747147008372565,-0.056384752837253416,-0.0711301973065801,-0.08597138150060601,-0.10089615449496847,-0.11589232925128101,-0.1309476981832347,-0.14605004854404058,-0.1611871777712608,-0.17634690874790238,-0.19151710475806283,-0.20668568391490538,-0.22184063298391266,-0.23697002065947004,-0.2520620104001452,-0.2671048728436247,-0.2820869976331011,-0.2969969044196148,-0.3118232529626752,-0.3265548524198536,-0.3411806699768789,-0.35568983897761086,-0.37007166662431956,-0.3843156411182136,-0.3984114379894592,-0.4123489254745394,-0.42611816898700283,-0.4397094348050885,-0.4531131931034622,-0.4663201204466887,-0.47932110181364607,-0.49210723218472197,-0.5046698177549302,-0.5170003768785136,-0.5290906408438687,-0.5409325545294053,-0.5525182769046353,-0.563840181285137,-0.5748908553065348,-0.5856631006798452,-0.5961499328361626,-0.6063445805415029,-0.6162404855033188,-0.6258313019878727,-0.63511089651589,-0.6440733477326219,-0.6527129465278634,-0.661024196429473,-0.6690018142564682,-0.6766407310353628,-0.6839360932427141,-0.690883264444345,-0.697477827329017,-0.7037155860963153,-0.7095925691972127,-0.7151050324535078,-0.7202494625516636,-0.725022580875077,-0.7294213476635463,-0.7334429665023308,-0.7370848891088642,-0.7403448203673975,-0.7432207235755328,-0.7457108258912513,-0.7478136239784519,-0.7495278898075668,-0.7508526765321619,-0.7517873243900226,-0.7523314666076857,-0.7524850352866679,-0.7522482672143056,-0.7516217095026221,-0.7506062249929144,-0.7492029974179317,-0.7474135363089403,-0.7452396816236444,-0.7426836080692922,-0.7397478290629138,-0.7364352002275396,-0.7327489223180379,-0.7286925435074352,-0.7242699610007293,-0.7194854219419327,-0.7143435235645583,-0.7088492125408266,-0.7030077834871662,-0.696824876585012,-0.6903064742850447,-0.6834588970612643,-0.6762887982633146,-0.6688031583119809,-0.661009278564805,-0.6529147750212587,-0.6445275718339616,-0.6358558945185209,-0.6269082628021536,-0.6176934831164047,-0.6082206407174269,-0.5984990913543697,-0.5885384524194208,-0.5783485935683359,-0.5679396267894887,-0.5573218958681352,-0.5465059652060589,-0.53550260797482,-0.5243227936152266,-0.5129776747869101,-0.5014785739486101,-0.4898369697264613,-0.4780644831312415,-0.4661728636171176,-0.4541739749622309,-0.4420797809526391,-0.42990233085686924,-0.4176537446869659,-0.4053461982442741,-0.39299190795073,-0.3806031154619305,-0.3681920720578802,-0.35577102283114925,-0.343352190699008,-0.330947760245337,-0.3185698614054786,-0.30623055303185254,-0.2939418063689061,-0.2817154884421811,-0.2695633453750119,-0.2574969856719136,-0.24552786350945155,-0.23366726205683364,-0.22192627684678,-0.21031579924116528,-0.19884650005189286,-0.1875288133567281,-0.17637292051427522,-0.16538873438968693,-0.15458588383723537,-0.14397369850056663,-0.13356119398135746,-0.12335705740738234,-0.11336963342164097,-0.10360691063261385,-0.09407650858520356,-0.08478566529186082,-0.07574122533859651,-0.0669496286024156,-0.05841689963381924,-0.05014863772148459,-0.042150007659280675,-0.03442573127297521,-0.026980079735707818,-0.019816866652135445,-0.012939441915037264,-0.006350686393460592,-5.300752188475144e-05,0.005951664171767845,0.011661877606421456,0.01707666278810649,0.022195531567817284,0.027018477517188444,0.0315459749152609,0.03577897683940279,0.03971891235704561,0.04336768281476111,0.04672765723857708,0.04980166689438903,0.05259299906771275,0.055105390094553286,0.05734301764077543,0.059310492203216825,0.0610128477892502,0.06245553172497864,0.06364439357437135,0.06458567321168829,0.06528598809043729,0.06575231971905282,0.06599199936832179,0.06601269304797341,0.06582238577779265,0.06542936518408737,0.06484220445803146,0.06406974471176596,0.06312107677752721,0.06200552250533775,0.06073261560767662,0.05931208209232608,0.05775382032907572,0.05606788079614944,0.054264445560299635,0.05235380755277674,0.05034634969091911,0.04825252389716894,0.0460828300865046,0.0438477951788343,0.04155795217443625,0.03922381934074082,0.03685587955865799,0.034464559869839206,0.03206021127039094,0.029653088804067806,0.027253332002501907,0.024870945703661107,0.022515781281661873,0.020197518333397113,0.01792564686606113,0.015709450018533744,0.013557987351994427,0.011480078755397471,0.009484289000639023,0.007578912964952167,0.005771961527798908,0.004071148139622949,0.002483876067536528,0.0010172263374457202,-0.0003220536099135529,-0.0015275605340718812,-0.0025932452855670363,-0.003513421995933186,-0.004282776561367996,-0.004896374398526859,-0.005349667483876885,-0.0056385007102690565,-0.00575911757128722,-0.0057081651471193595,-0.00548269838053983,-0.005080183688470186,-0.00449850197626489,-0.0037359510811683094,-0.0027912476064670955,-0.001663528087497923,-0.00035234947025486463,0.0011423110885289134,0.002820057100173301,0.00468007430485784,0.006721132896004178,0.008941590378242381,0.01133939505267989,0.013912090146298794,0.016656818584145583,0.019570328381099955,0.022648978649463913,0.02588874624555615,0.02928523307700459,0.03283367407368587,0.036528945816847624,0.04036557583343381,0.04433775257431449,0.048439336111123055,0.05266386961205427,0.05700459166499172,0.06145444951076229,0.06600611326423689,0.07065199117362653,0.07538424579206549,0.08019481075498192,0.08507540791244139,0.09001756475000633,0.09501263211404876,0.10005180225735444,0.10512612725107573,0.11022653785276759,0.11534386282905729,0.1204688484790637,0.12559217797101496,0.1307044902758463,0.1357963987256099,0.14085850930886323,0.14588143879775828,0.1508558327672631,0.15577238351824718,0.16062184781778654,0.16539506421746353,0.17008296965305902,0.17467661514645982,0.17916718056447678,0.1835459884676922,0.18780451714633273,0.19193441295588798,0.19592750200682474,0.1997758012120201,0.203471528720776,0.20700711382746562,0.21037520645480612,0.21356868624850733,0.21658067126917757,0.2194045262980211,0.2220338708254488,0.22446258679834585,0.22668482615290486,0.2286950180588363,0.2304878757342692,0.2320584027491961,0.23340189883887064,0.23451396526863988,0.23539050973873543,0.23602775078895633,0.23642222171052651,0.23657077402052806,0.23647058054555004,0.23611913814684016,0.23551427008281678,0.23465412796892338,0.23353719331799283,0.23216227866372918,0.23052852827196801,0.22863541846743374,0.2264827575921231,0.22407068554009157,0.22139967278144468,0.21847051885234947,0.21528435034269222,0.21184261838002527,0.20814709557250666,0.20419987238292947,0.20000335288711568,0.1955602497922797,0.1908735785590352,0.18594665052474824,0.1807830650262119,0.17538670070965878,0.1697617063925989,0.16391249177201672,0.15784371804021902,0.1515602883126732,0.14506733771325742,0.13837022293783718,0.13147451118312858,0.12438596855044182,0.11711054824650091,0.10965437885844409,0.10202375277653175,0.09422511471662887,0.08626505025466003,0.078150274265127,0.06988761922682585,0.061484023548352695,0.05294652021672874,0.04428222600530063,0.035498331270524375,0.02660209024426763,0.017600811710153152,0.008501849933864492,-0.000687404293735483,-0.009959532573063257,-0.019307097660608008,-0.028722651790488385,-0.03819874429630943,-0.047727928488903615,-0.05730276789158495,-0.06691584194128097,-0.07655975124661296,-0.0862271225075375,-0.09591061319388672,-0.105602916058956,-0.11529676357077534,-0.12498493228768126,-0.13466024703038926,-0.14431558461176053,-0.1539438770100361,-0.16353811402315444,-0.17309134547946314,-0.1825966830687733,-0.19204730183229657,-0.20143644130432392,-0.21075740629388662,-0.22000356733875037,-0.2291683608947963,-0.23824528934673594,-0.24722792092561718,-0.25610988954770875,-0.2648848945330826,-0.27354670020636007,-0.28208913545050507,-0.29050609329419075,-0.29879153058792696,-0.3069394677780295,-0.3149439887448011,-0.3227992406984228,-0.33049943418389205,-0.3380388432387065,-0.3454118057076485,-0.35261272371475627,-0.3596360642916707,-0.3664763601605401,-0.37312821069980373,-0.37958628314846976,-0.3858453140614557,-0.391900110965004,-0.39774555419528923,-0.4033765989922884,-0.40878827791647865,-0.41397570354385493,-0.41893407135530225,-0.42365866284615095,-0.4281448489470492,-0.43238809377950105,-0.4363839587128524,-0.44012810668795055,-0.4436163067853798,-0.4468444390561501,-0.4498084996418825,-0.4525046061434921,-0.45492900317534435,-0.4570780681160329,-0.45894831710710093,-0.46053641129336853,-0.4618391632479373,-0.462853543539957,-0.46357668742927416,-0.4640059016831728,-0.46413867152937627,-0.46397266775291257,-0.4635057538869063,-0.4627359934128421,-0.4616616569249672,-0.4602812292801346,-0.45859341679986443,-0.45659715454670646,-0.4542916135824129,-0.45167620808111764,-0.4487506022433081,-0.4455147170192717,-0.44196873665016057,-0.43811311503150563,-0.43394858191693686,-0.42947614897669695,-0.424697115724193,-0.4196130753309717,-0.4142259203280503,-0.4085378481742268,-0.40255136668779556,-0.3962692993548984,-0.3896947905196271,-0.3828313104493617,-0.3756826602608143,-0.36825297667698464,-0.36054673658051684,-0.3525687613307795,-0.34432422081084724,-0.3358186371826406,-0.32705788832345917,-0.3180482108843776,-0.308796202902073,-0.2993088259080068,-0.28959340648733445,-0.27965763723837966,-0.2695095770603615,-0.2591576507027753,-0.24861064756635898,-0.2378777197721078,-0.2269683794848092,-0.21589249545159106,-0.2046602886932547,-0.19328232728811656,-0.1817695202417653,-0.17013311044523505,-0.15838466664946793,-0.14653607432355642,-0.13459952527342267,-0.12258750594850909,-0.11051278438410606,-0.09838839570499402,-0.0862276262025432,-0.07404399623329994,-0.06185124226315253,-0.0496632981520051,-0.03749427557291796,-0.02535844346328986,-0.013270206469655932,-0.0012440824698174424,0.010705320568007437,0.022563328128242688,0.03431522303109347,0.04594626975515581,0.05744173931272911,0.06878693470140007,0.07996721678516394,0.09096803031498268,0.10177492987477876,0.1123736057632101,0.12274990991379298,0.13288988190549134,0.14277977502984385,0.15240608221155583,0.16175556147183556,0.1708152607732032,0.17957254229283848,0.18801510621553064,0.1961310141087651,0.20390871195822768,0.21133705295059713,0.21840532000877033,0.2251032479252686,0.2314210448193208,0.23734941267082377,0.24287956682002942,0.2480032544260382,0.2527127719006472,0.25700098133004445,0.26086132589922073,0.26428784433612407,0.267275184373716,0.26981861519165307,0.27191403880773635,0.273558000463737,0.2747476980721899,0.2754809906908804,0.27575640590973904,0.2755731460698314,0.2749310933186777,0.2738308135689209,0.2722735594385597,0.2702612721993063,0.2677965826902948,0.264882811137646,0.2615239658625157,0.2577247409055019,0.2534905126098863,0.24882733519257982,0.243741935325275,0.23824170575561965,0.23233469796786466,0.2260296138168414,0.21933579602516318,0.2122632174132093,0.20482246872236942,0.19702474492473243,0.18888183003845427,0.18040608064026742,0.1716104082892258,0.162508260904076,0.15311360299307353,0.14344089470028365,0.1335050698471747,0.12332151323835205,0.1129060373338433,0.10227485820257698,0.0914445706903706,0.08043212289614843,0.06925479010057956,0.05793014813993835,0.04647604611967182,0.0349105784931254,0.023252056714504477,0.011518980661378464,-0.0002699901586566966,-0.012096065688368185,-0.023940354640465955,-0.03578389385043579,-0.04760767746881811,-0.05939268597002467,-0.07111991509134441,-0.08277040476708919,-0.09432526791763962,-0.10576571882412367,-0.1170731009258219,-0.1282289140533095,-0.13921484118845484,-0.1500127748572737,-0.16060484326253288,-0.17097343621148298,-0.18110123072013096,-0.19097121602228384,-0.20056671776342228,-0.20987142128969793,-0.21886939402850913,-0.22754510701391695,-0.23588345561528712,-0.24386977950418043,-0.2514898818884248,-0.25873004802874533,-0.2655770630362895,-0.2720182289561919,-0.27804138115600097,-0.2836349040404116,-0.2887877461167605,-0.2934894344379373,-0.2977300884480911,-0.30150043325868126,-0.30479181238753483,-0.3075961999882537,-0.3099062125743757,-0.3117151202268502,-0.3130168572668879,-0.3138060323604961,-0.31407793801425754,-0.3138285594332402,-0.3130545827052984,-0.3117534022590007,-0.30992312754276696,-0.30756258887964805,-0.30467134247318484,-0.30124967457784635,-0.2972986048405346,-0.29281988875335685,-0.2878160191193331,-0.2822902264603826,-0.2762464783172618,-0.26968947733887916,-0.26262465798838264,-0.25505818170044137,-0.2469969303859969,-0.2384484982296584,-0.2294211817767149,-0.21992396844934348,-0.20996652380208047,-0.1995591778025343,-0.18871291021550007,-0.17743933499573217,-0.16575068352933897,-0.1536597865581939,-0.14118005464748506,-0.12832545711729892,-0.11511049947566221,-0.10155019956310696,-0.0876600627084656,-0.07345605607649475,-0.05895458221115746,-0.04417245169475592,-0.02912685483354238,-0.013835332305760062,0.001684255228155962,0.017413758384563494,0.03333477084045455,0.04942866135381507,0.06567660595847258,0.08205962039978942,0.09855859286283675,0.11515431702625278,0.1318275254769503,0.1485589234212057,0.1653292224238001,0.1821191738168153,0.1989096015551155,0.21568143446874188,0.23241573792383008,0.24909374490926695,0.2656968865710425,0.2822068222209708,0.2986054688469082,0.31487503013445206,0.3309980249610831,0.3469573152293748,0.362736132800336,0.3783181052970761,0.3936872806858034,0.4088281506329494,0.42372567263444694,0.4383652909170408,0.45273295612235387,0.466815143777211,0.4805988715566869,0.49407171534934236,0.5072218241259847,0.5200379336158036,0.5325093788060968,0.5446261052802157,0.5563786793892476,0.5677582972441684,0.5787567925267325,0.589366643136259,0.5995809766974816,0.6093935749485979,0.6187988770228898,0.6277919816205966,0.6363686480480055,0.6445252961184877,0.6522590049462096,0.6595675106707404,0.666449203148126,0.6729031216450778,0.6789289495491886,0.6845270080641015,0.6896982488526433,0.6944442456406037,0.6987671848229979,0.702669855095067,0.7061556361283934,0.7092284863209812,0.7118929296139669,0.7141540413277241,0.7160174329653017,0.7174892359513123,0.7185760843356022,0.7192850965218724,0.7196238560325128,0.7196003913102516,0.7192231545886756,0.7185009998642116,0.7174431600133104,0.7160592231066474,0.7143591079492921,0.7123530388705888,0.7100515197895447,0.7074653075738695,0.7046053847167784,0.7014829313593864,0.6981092966722642,0.6944959696109407,0.6906545490711196,0.6865967134952626,0.6823341901022886,0.6778787240742545,0.6732420480400094,0.6684358520463434,0.6634717540993478,0.6583612713492428,0.6531157919891584,0.6477465479401019,0.6422645884029166,0.6366807543188173,0.6310056537374891,0.6252496381259647,0.6194227797037541,0.6135348498757551,0.6075952988040072,0.6016132361636437,0.5955974131366304,0.5895562056946773,0.5834975992247138,0.5774291745417486,0.5713580953012425,0.5652910967911993,0.5592344760758365,0.553194083476356,0.5471753153908168,0.5411831084581991,0.5352219350541958,0.529295800091937,0.5234082390971508,0.5175623174960791,0.5117606310332761,0.5060053072746413,0.5002980081751787,0.4946399336631515,0.4890318261885511,0.4834739762461169,0.47796622894208696,0.4725079916731616,0.46709824295834323,0.461735542435477,0.4564180420271029,0.4511434982962399,0.4459092859879874,0.44071241261208627,0.43554953373302396,0.430416968611425,0.4253107160091787,0.4202264701041756,0.41515963648932797,0.4101053482456223,0.40505848210038664,0.40001367470702576,0.3949653391135044,0.38990768149787414,0.3848347182312821,0.3797402933038825,0.3746180961142329,0.36946167960370246,0.36426447874457324,0.3590198293609035,0.3537209871274669,0.34836114653116823,0.342933459677603,0.3374310549236199,0.3318470553417825,0.32617459704033536,0.3204068473656676,0.3145370229935551,0.3085584079076753,0.3024643712599655,0.2962483851063169,0.28990404202384923,0.28342507260385474,0.27680536279906676,0.2700389711158664,0.2631201456428798,0.25604334090531466,0.24880323453491116,0.24139474372486092,0.23381304144314186,0.22605357239114454,0.2181120686598348,0.20998456503151885,0.20166741392323928,0.19315729996363018,0.18445125415875907,0.17554666761201076,0.166441304768,0.1571333161109436,0.1476212502490455,0.1379040653805248,0.1279811401416424,0.11785228376123058,0.10751774541638781,0.09697822275342816,0.08623486960902937,0.07528930294878933,0.06414360898577343,0.05280034838919079,0.041262560455635366,0.02953376612550329,0.01761796976224872,0.005519659632405194,-0.006756192964651575,-0.01920413595858861,-0.03181824011235079,-0.04459210371453537,-0.05751885800869161,-0.07059117315728258,-0.08380126472578553,-0.0971409007519739,-0.11060140948263353,-0.1241736878556452,-0.13784821081585363,-0.15161504157278216,-0.16546384287643434,-0.1793838892474966,-0.19336407993720428,-0.2073929524082132,-0.22145869630021053,-0.23554916794284964,-0.24965190547352734,-0.2637541446463132,-0.2778428354720148,-0.2919046598126158,-0.3059260499187104,-0.3198932076868104,-0.33379212434441285,-0.34760860042996455,-0.3613282660981909,-0.37493660184630784,-0.388418959804369,-0.40176058573172213,-0.4149466418112837,-0.4279622302722643,-0.44079241772041655,-0.45342225990290785,-0.46583682670123494,-0.4780212273544464,-0.48996063605012097,-0.5016403180235471,-0.5130456562418928,-0.5241621786482327,-0.5349755857751717,-0.545471778448885,-0.5556368854338984,-0.5654572910778839,-0.5749196630959403,-0.5840109805292144,-0.592718561707251,-0.601030091930923,-0.6089336506819123,-0.6164177383157181,-0.623471302279512,-0.6300837629389946,-0.6362450390326231,-0.6419455725354197,-0.6471763525579135,-0.6519289380475968,-0.6561954792989653,-0.6599687383741042,-0.6632421085272142,-0.6660096326968343,-0.6682660210748779,-0.6700066676933574,-0.6712276658833716,-0.6719258223537068,-0.6720986696331508,-0.671744476766591,-0.6708622582661761,-0.6694517813285685,-0.6675135713502272,-0.6650489157994244,-0.6620598664895923,-0.6585492402838256,-0.6545206182596743,-0.6499783433661648,-0.6449275166215926,-0.6393739919105741,-0.633324369448296,-0.6267859879971951,-0.6197669158995396,-0.6122759409477112,-0.6043225590893542,-0.595916961919265,-0.5870700228440597,-0.5777932817781348,-0.5680989282161164,-0.5579997825344947,-0.5475092755430495,-0.5366414265614381,-0.5254108203259165,-0.5138325828169314,-0.5019223559313275,-0.48969627093121204,-0.477170920744463,-0.4643633313438045,-0.4512909324182317,-0.437971527380455,-0.4244232626654423,-0.410664596411344,-0.3967142667800303,-0.3825912600757775,-0.36831477859764306,-0.3539042081785908,-0.3393790855761978,-0.3247590659403201,-0.31006389041337457,-0.29531335378924695,-0.28052727225251317,-0.26572545138570547,-0.2509276546147987,-0.2361535720892789,-0.22142278991425712,-0.20675475978803348,-0.1921687692571581,-0.177683912725918,-0.1633190631268846,-0.149092844075696,-0.1350236025264948,-0.12112938217148894,-0.10742789776202244,-0.09393651027257732,-0.08067220272258169,-0.06765155661881295,-0.05489072920870797,-0.04240543177220957,-0.030210908991357144,-0.018321919272992204,-0.006752715882477389,0.004482971159653459,0.015371952285299528,0.02590159443884943,0.03605983583791783,0.04583519948302239,0.055216805567930294,0.06419438295048252,0.07275827983572469,0.08089947378255147,0.08860958106340888,0.09588086530675355,0.10270624523542438,0.10907930127974197,0.11499428097766184,0.12044610322751481,0.12543036150506026,0.12994332612571213,0.13398194559540855,0.1375438470904058,0.14062733612114187,0.1432313954352935,0.14535568319539038,0.14700053044924033,0.14816693791887303,0.1488565721416677,0.14907176099055164,0.14881548859095517,0.14809138964903923,0.1469037432104514,0.14525746585918142,0.14315810435327592,0.14061182773004077,0.13762541897366987,0.1342062663153385,0.13036235414683262,0.1261022534922489,0.1214351120013788,0.11637064346857073,0.11091911692091827,0.10509134529767294,0.09889867368593741,0.09235296708725826,0.08546659774080467,0.07825243200772292,0.07072381671964223,0.06289456483196432,0.05477894026015662,0.04639164181983091,0.03774778614607044,0.028862889447310636,0.01975284811705791,0.01043391845675501,0.0009226957509227418,-0.008763907292035356,-0.018608682870841164,-0.028594151291109426,-0.038702584964624975,-0.04891603301129521,-0.059216346322124025,-0.06958520309459715,-0.08000413492410274,-0.09045455346791442,-0.1009177775582657,-0.11137506061115943,-0.12180761830418874,-0.13219665655664414,-0.14252339973106132,-0.15276911888858535,-0.16291516003108342,-0.17294297238038325,-0.18283413666745219,-0.1925703932534546,-0.2021336699409133,-0.21150610951850268,-0.2206700971115083,-0.22960828719856607,-0.2383036300332222,-0.24673939737915873,-0.25489920767528673,-0.2627670507247899,-0.27032731179587444,-0.27756479490168573,-0.284464745135935,-0.291012870115253,-0.2971953606318962,-0.3029989104852433,-0.3084107352866923,-0.3134185900842468,-0.31801078585396425,-0.32217620498803967,-0.3259043158662749,-0.3291851865616877,-0.3320094977434067,-0.33436855483785877,-0.3362542993931896,-0.3376593194397728,-0.338576858668894,-0.33900082441591195,-0.3389257945221118,-0.3383470231429726,-0.3372604455645458,-0.3356626821005477,-0.33355104112934697,-0.3309235212992263,-0.3277788129272565,-0.3241162986244319,-0.31993605317643414,-0.3152388427274815,-0.3100261233389361,-0.3043000389741408,-0.29806341891956833,-0.2913197746526919,-0.2840732962196668,-0.2763288482279407,-0.2680919655215064,-0.2593688485406602,-0.25016635835522294,-0.24049201135053266,-0.2303539734938127,-0.21976105408201363,-0.20872269891464867,-0.1972489828988131,-0.18535060209473642,-0.17303886514535094,-0.16032568401062264,-0.14722356398775815,-0.1337455930348952,-0.11990543036554158,-0.10571729425504373,-0.09119594903742723,-0.07635669125223643,-0.06121533485135444,-0.045788195371663676,-0.03009207296459948,-0.014144234145994972,0.002037607864146196,0.018435314251185275,0.035030343002382835,0.0518037723057958,0.06873632479042158,0.08580839264365636,0.10300006373045534,0.12029114876679614,0.13766120939286708,0.1550895868909734,0.1725554314391573,0.19003773198276264,0.20751534679445882,0.22496703457727563,0.24237148584851553,0.2597073545005699,0.27695328960212606,0.294087967417056,0.3110901234274479,0.32793858417417,0.34461229892255574,0.3610903711973279,0.37735209005916204,0.3933769608815396,0.409144735519547,0.42463544195369707,0.4398294134602878,0.4547073171581175,0.4692501817104002,0.4834394241126958,0.49725687565540966,0.5106848071577801,0.5237059534009418,0.5363035365040361,0.5484612880603592,0.5601634700800915,0.5713948948894512,0.5821409441043883,0.5923875866916077,0.602121395964808,0.6113295652863897,0.6199999223295691,0.6281209418789686,0.6356817572531597,0.6426721705066782,0.6490826615696719,0.654904396460033,0.6601292346994683,0.6647497360103785,0.6687591662068826,0.6721515020653825,0.6749214350121377,0.6770643736009774,0.6785764448271436,0.6794544943303436,0.6796960855399732,0.6792994978153999,0.6782637236029103,0.6765884646240892,0.6742741271797499,0.6713218166954746,0.6677333315826317,0.6635111564337848,0.6586584545713521,0.653179059989867,0.6470774687291083,0.640358829695316,0.6330289349519305,0.625094209516007,0.6165617007010695,0.6074390670518568,0.5977345669038812,0.5874570465881064,0.5766159283137426,0.5652211977596409,0.5532833913869908,0.5408135834804,0.5278233729308468,0.5143248697763596,0.500330681505261,0.4858538991122785,0.4709080829081387,0.45550724810046006,0.4396658501532684,0.42339876989836966,0.4067212983443156,0.38964912114334993,0.3721983027057121,0.35438526994109765,0.33622679558104807,0.3177399810271382,0.298942238668225,0.2798512735983181,0.2604850646657084,0.2408618447968891,0.2210000805280714,0.20091845067662462,0.18063582419294733,0.16017123743468886,0.13954387118289446,0.11877302754648156,0.0978781066947576,0.07687858328973363,0.05579398251271783,0.03464385569706252,0.01344775576558277,-0.007774787273589823,-0.02900429067859278,-0.050221343259508444,-0.07140662967317724,-0.09254095460693179,-0.11360526660094195,-0.13458068137521195,-0.15544850473379057,-0.17619025517521436,-0.19678768617926323,-0.2172228079387466,-0.23747790834701732,-0.25753557329475285,-0.27737870641575313,-0.29699054824713045,-0.3163546946323237,-0.3354551142915483,-0.35427616562833464,-0.37280261282829485,-0.39101964116196797,-0.4089128713175114,-0.4264683727114402,-0.4436726759243541,-0.46051278445072086,-0.47697618579557144,-0.4930508617495519,-0.5087252976424566,-0.5239884905383079,-0.5388299565085006,-0.5532397371641196,-0.5672084054959683,-0.5807270708720722,-0.5937873830345453,-0.6063815351352417,-0.6185022660045618,-0.6301428618403548,-0.6412971573635247,-0.6519595362984703,-0.6621249309902808,-0.6717888211396854,-0.6809472318165604,-0.6895967309672741,-0.6977344265676066,-0.7053579633809122,-0.7124655191102036,-0.719055799776747,-0.7251280343310782,-0.7306819686196349,-0.7357178588674458,-0.7402364648441662,-0.7442390428521222,-0.7477273385461842,-0.7507035793831349,-0.7531704664179344,-0.7551311653242649,-0.756589296700632,-0.7575489257690862,-0.7580145515630505,-0.7579910957015841,-0.7574838908374346,-0.7564986688531263,-0.7550415488804774,-0.753119025216229,-0.7507379551943671,-0.7479055470662459,-0.7446293479244162,-0.740917231693544,-0.7367773872073045,-0.732218306374449,-0.7272487724471546,-0.7218778484066206,-0.7161148654425205,-0.7099694115052912,-0.7034513199276091,-0.6965706580654825,-0.689337715885415,-0.6817629944587651,-0.6738571943347225,-0.6656312037193359,-0.657096086352972,-0.648263069011179,-0.6391435285894858,-0.6297489786987711,-0.6200910556369692,-0.6101815036422096,-0.6000321595569034,-0.589654937238862,-0.5790618119676054,-0.568264804849484,-0.5572759670992937,-0.5461073640963647,-0.5347710592723729,-0.523279098058147,-0.5116434920578641,-0.49987620341067895,-0.48798912919601634,-0.47599408583361225,-0.46390279363492937,-0.4517268617334693,-0.43947777346661354,-0.4271668721266053,-0.414805347031745,-0.4024042200303626,-0.3899743326083467,-0.377526333616764,-0.3650706674790811,-0.35261756280975476,-0.3401770216082767,-0.327758809268758,-0.315372445478296,-0.30302719592445726,-0.2907320647600713,-0.27849578792645957,-0.26632682750997105,-0.25423336718498746,-0.24222330864800057,-0.2303042688818806,-0.21848357810035424,-0.2067682783868534,-0.19516512323017565,-0.18368057808699945,-0.172320821879957,-0.1610917492499908,-0.14999897337933277,-0.1390478292536912,-0.1282433774386078,-0.11759040859060121,-0.10709344880672234,-0.09675676572878444,-0.08658437523545359,-0.07658004854179268,-0.06674731952613655,-0.05708949210763592,-0.04760964752912855,-0.03831065150758661,-0.029195161412019388,-0.02026563372265855,-0.011524331867775572,-0.0029733343470397244,0.0053854569960805065,0.013550308690959412,0.02151964748077262,0.029292052396741042,0.03686624718917386,0.04424109326830461,0.05141558323942519,0.05838883496573999,0.06516008596145895,0.07172868791298015,0.07809410123115157,0.08425588960978558,0.09021371458413086,0.09596733015141012,0.10151657756968291,0.1068613804078069,0.11200173987014495,0.11693773040374822,0.12166949557435203,0.12619724418914302,0.1305212466469925,0.13464183149562103,0.13855938218840436,0.142274334032642,0.14578717132000207,0.1490984246504823,0.15220866846006942,0.15511851875821492,0.15782863110177203,0.160339698844723,0.1626524516927077,0.16476765456593512,0.16668610674258844,0.16840864122982424,0.16993612432301575,0.17126945534788973,0.17240956658707063,0.17335742338813276,0.1741140244604722,0.17468040237488935,0.17505762428579885,0.17524679291332035,0.1752490478217652,0.17506556697847486,0.17469756849976648,0.1741463124802678,0.17341310286674627,0.1724992893790045,0.17140626946577697,0.17013549025862318,0.1686884504720183,0.16706670221483222,0.1652718527154775,0.1633055659590923,0.1611695641750046,0.15886562905301105,0.15639560255900165,0.15376138726506383,0.15096494614278555,0.1480083017398357,0.14489353460724885,0.14162278090255143,0.13819822933991333,0.13462211785608957,0.1308967302413464,0.12702439273085986,0.12300747044670146,0.11884836360456319,0.11454950343327397,0.1101133477306604,0.10554237593662918,0.10083908371591122,0.09600597729892968,0.09104556793381846,0.08596036660753015,0.08075287895798056,0.07542560024315748,0.06998101027531334,0.06442156830112822,0.058749707983004384,0.05296783279646888,0.04707831207936408,0.04108347775336796,0.03498562164516272,0.028786993359290136,0.022489798676460282,0.016096198437345777,0.009608307834724883,0.003028196054650323,-0.003642113632174926,-0.010400643081013072,-0.017245457582305335,-0.024174663194180823,-0.031186403116088002,-0.038278853172698746,-0.045450216470150906,-0.052698717257932515,-0.060022594047282496,-0.06742009207776078,-0.07488945522384682,-0.08242891739511293,-0.09003669347272591,-0.09771096985005556,-0.10544989465540766,-0.11325156772171141,-0.1211140303613476,-0.12903525504013658,-0.13701313506226143,-0.14504547432362358,-0.1531299771749488,-0.16126423847519078,-0.16944573390006212,-0.17767181054097847,-0.18593967784491383,-0.19424639894802453,-0.20258888242974393,-0.21096387451280663,-0.21936795175447088,-0.2277975142762898,-0.2362487795788013,-0.24471777699393726,-0.2532003428161147,-0.2616921161457313,-0.2701885354884581,-0.2786848361216201,-0.2871760481657404,-0.29565699528124156,-0.3041222939689803,-0.3125663535116914,-0.32098337661415854,-0.3293673607678329,-0.33771210028896803,-0.346011188957732,-0.35425802326208355,-0.36244580629795564,-0.3705675523349754,-0.3786160920079382,-0.3865840780897898,-0.3944639918463011,-0.40224815002736136,-0.4099287125280142,-0.41749769069903664,-0.42494695631015844,-0.4322682512057625,-0.43945319764989677,-0.4464933092897354,-0.4533800026822945,-0.46010460941772635,-0.46665838893284217,-0.47303254209933954,-0.47921822562050664,-0.48520656724939926,-0.49098868189165046,-0.49655568870110045,-0.5018987292383628,-0.5070089865892626,-0.5118777051093915,-0.5164962104373174,-0.5208559296393318,-0.5249484115636847,-0.5287653475323424,-0.532298592427523,-0.5355401861337441,-0.5384823751833139,-0.5411176343212745,-0.5434386877065833,-0.5454385296507027,-0.5471104449714517,-0.5484480290747697,-0.5494452078375645,-0.5500962573014903,-0.5503958230194712,-0.5503389386933009,-0.5499210437426072,-0.549137999648039,-0.5479861050827921,-0.5464621098998848,-0.5445632280356776,-0.5422871493736423,-0.5396320506157224,-0.5365966052192945,-0.5331799924365797,-0.5293819054688242,-0.52520255876113,-0.5206426944769049,-0.5157035881664243,-0.5103870536184303,-0.5046954468830975,-0.498631669453907,-0.492199170587881,-0.48540194873588405,-0.47824455204992944,-0.47073207792323046,-0.46287017150015686,-0.4546650230992242,-0.44612336450502,-0.4372524640701769,-0.4280601205398753,-0.4185546554927271,-0.4087449042916731,-0.398640205430425,-0.38825038814349,-0.37758575816091167,-0.36665708162464483,-0.35547556744024433,-0.3440528484353038,-0.33240096149141607,-0.32053232657072783,-0.3084597244722218,-0.29619627326530207,-0.2837554036039691,-0.2711508332516459,-0.2583965409824671,-0.24550673979479853,-0.23249584936209544,-0.21937846784420856,-0.2061693433251861,-0.19288334505773008,-0.17953543451495335,-0.16614063620666286,-0.15271400835863602,-0.13927061369114568,-0.1258254904702767,-0.1123936238419887,-0.09898991743493468,-0.08562916535786513,-0.07232602482643102,-0.05909498956511072,-0.04595036394132279,-0.03290623776994295,-0.019976461934433587,-0.0071746251128246286,0.0054859682284060796,0.01799231863133599,0.030331751400503038,0.04249193540218954,0.05446090078795862,0.06622705540851115,0.07777919980728143,0.08910654087571857,0.10019870434036449,0.11104574622150665,0.12163816324775212,0.1319669019856704,0.14202336638517465,0.15179942363969445,0.16128740845861955,0.17048012588782058,0.17937085280042453,0.18795333818687965,0.19622180236684272,0.20417093521373175,0.21179589346937178,0.21909229722616885,0.22605622564039862,0.23268421193351685,0.2389732377491427,0.24492072696145328,0.2505245390762383,0.2557829623351964,0.26069470649224513,0.26525889515123424,0.2694750576041045,0.27334312016484574,0.27686339702710683,0.2800365807021592,0.28286373211266636,0.285346270443263,0.2874859628579074,0.2892849141465277,0.2907455563067316,0.2918706380402867,0.2926632141325598,0.2931266346923067,0.293264534255961,0.29308082076330777,0.2925796644246006,0.2917654865508581,0.29064294841865745,0.289216940167492,0.2874925696795003,0.2854751513874163,0.2831701949505785,0.28058339372837793,0.2777206129744698,0.2745878776655175,0.27119135994130517,0.2675373663295204,0.26363232507846135,0.259482773839558,0.25509534775215315,0.25047676787328044,0.2456338298596421,0.24057339280019363,0.2353023681039872,0.2298277083676652,0.2241563962574915,0.21829543363823234,0.2122518312537025,0.20603259910724603,0.1996447374989856,0.19309522861446027,0.18639102857641632,0.17953905990332686,0.17254620432888146,0.16541929591637938,0.15816511445119374,0.15079037925134742,0.1433017436382329,0.13570579024732865,0.12800902722443652,0.12021788526039501,0.11233871538306062,0.10437778741310666,0.09634128898396455,0.08823532502422893,0.08006591759147597,0.07183900594419868,0.06356044675015227,0.0552360143516637,0.046871401075279095,0.038472217717270496,0.030043994441506072,0.021592182254657644,0.013122155065062202,0.0046392122283336334,-0.0038514185436824278,-0.012344578012331908,-0.02083517206298069,-0.029318168262882693,-0.037788592435205715,-0.04624152541280324,-0.05467210016249169,-0.06307549942430768,-0.07144695395436429,-0.07978174143427452,-0.08807518604734099,-0.09632265858532918,-0.10451957687590152,-0.11266140640019273,-0.1207436611013506,-0.12876190448465508,-0.13671175117561063,-0.14458886912206736,-0.15238898254601452,-0.1601078755345,-0.16774139596002868,-0.17528545946198903,-0.18273605346250577,-0.1900892413770876,-0.1973411671827705,-0.20448806042538337,-0.21152624170812828,-0.21845212864353414,-0.22526224205476097,-0.23195321206494413,-0.2385217838264566,-0.2449648228383694,-0.2512793198890648,-0.25746239568707097,-0.26351130524130895,-0.2694234420325827,-0.27519634203034826,-0.28082768764114974,-0.2863153116665913,-0.29165720131115336,-0.296851502271835,-0.30189652293506697,-0.3067907386525093,-0.3115327959814209,-0.3161215167273994,-0.3205559016600432,-0.3248351338524742,-0.3289585816489762,-0.33292580127943694,-0.33673653916118695,-0.3403907339293468,-0.3438885182063416,-0.34723022011493043,-0.35041636455369485,-0.3534476742613535,-0.3563250706971459,-0.35904967474047567,-0.36162280715144135,-0.3640459886713643,-0.36632093964712453,-0.3684495791255529,-0.3704340234070074,-0.3722765840576514,-0.37397976539518396,-0.375546261452115,-0.3769789523631175,-0.37828090005711346,-0.3794553431218546,-0.38050569074776064,-0.38143551569349654,-0.3822485462200902,-0.38294865693472246,-0.38353985848291217,-0.3840262860604966,-0.38441218686086387,-0.38470190671677074,-0.38489987611833953,-0.38501059560290685,-0.3850386204558376,-0.3849885447506409,-0.384864984922622,-0.3846725631359931,-0.3844158905542727,-0.3840995504574636,-0.3837280811281403,-0.383305958530471,-0.38283757900776294,-0.3823272423470172,-0.3817791354210698,-0.3811973164081621,-0.38058569951777343,-0.37994804023315965,-0.37928792125675415,-0.3786087394201232,-0.3779136936973728,-0.37720577431786495,-0.3764877529280355,-0.3757621737486474,-0.3750313456903811,-0.37429733544649224,-0.3735619616887078,-0.37282679062464297,-0.3720931331752553,-0.37136204386067106,-0.370634321326591,-0.369910510395286,-0.3691909055355964,-0.368475555674479,-0.3677642702971866,-0.3670566267866846,-0.366351978928499,-0.3656494664760572,-0.3649480256745221,-0.36424640066883285,-0.36354315573137796,-0.36283668825814175,-0.362125242519177,-0.36140692418004505,-0.3606797156193551,-0.3599414920736308,-0.35919003864910337,-0.3584230681999614,-0.35763823991773336,-0.35683317830689987,-0.3560054922369744,-0.3551527939420538,-0.35427271798516813,-0.35336294022578585,-0.3524211967410764,-0.351445302463965,-0.3504331691676015,-0.3493828225326965,-0.3482924182515603,-0.34716025726351774,-0.34598480027361944,-0.34476468166946006,-0.3434987227926811,-0.34218594430330285,-0.3408255772857842,-0.3394170729059667,-0.33796011064735865,-0.33645460520439485,-0.33490071206133365,-0.33329883180681463,-0.33164961329990206,-0.3299539557998017,-0.3282130101019831,-0.3264281786849139,-0.3246011149167245,-0.32273372142981316,-0.32082814774707913,-0.31888678718080854,-0.3169122730282794,-0.31490747413023,-0.31287548985796576,-0.31081964454637045,-0.30874348132083895,-0.30665075523493357,-0.30454542567065346,-0.30243164798480393,-0.300313764378771,-0.2981962939657592,-0.2960839220348461,-0.2939814885608669,-0.291893976062056,-0.2898264969052562,-0.2877842800766359,-0.2857726573572634,-0.28379704882401313,-0.2818629475982988,-0.27997590376003956,-0.2781415073368123,-0.27636537032541497,-0.2746531078766026,-0.27301031894335637,-0.2714425666552387,-0.26995535849697205,-0.26855412623827846,-0.26724420555208894,-0.2660308153812281,-0.2649190372920671,-0.26391379506939217,-0.26301983462434464,-0.26224170412670134,-0.26158373428880566,-0.26105001893660074,-0.26064439619744206,-0.26037043057514353,-0.26023139598872547,-0.2602302597400339,-0.26036966740123546,-0.26065192875603316,-0.2610790050411538,-0.2616524976767778,-0.26237363852020934,-0.26324328153934573,-0.26426189575612824,-0.26542955935033774,-0.2667459548369493,-0.2682103652916723,-0.26982167178564964,-0.2715783522899713,-0.2734784821914218,-0.2755197364067783,-0.2776993930196383,-0.2800143383519327,-0.2824610733915236,-0.2850357215136441,-0.2877340374428954,-0.29055141740786183,-0.2934829104286294,-0.29652323065131725,-0.2996667706279226,-0.302907615430847,-0.3062395574995307,-0.3096561121385051,-0.3131505335870415,-0.3167158315808578,-0.3203447883480024,-0.3240299759770764,-0.3277637740823991,-0.33153838769692356,-0.3353458653022585,-0.3391781168905226,-0.34302693201380663,-0.34688399782789503,-0.3507409171177187,-0.3545892262969872,-0.3584204134312827,-0.3622259363731075,-0.3659972410876122,-0.3697257802064726,-0.373403031812785,-0.3770205183835884,-0.3805698256628034,-0.3840426211991357,-0.3874306724453689,-0.3907258644675835,-0.39392021734924754,-0.3970059033666402,-0.3999752639789307,-0.40282082657294893,-0.40553532072684106,-0.4081116937122147,-0.4105431251424321,-0.41282304084217003,-0.41494512605463285,-0.4169033381206546,-0.4186919186935185,-0.42030540534141636,-0.42173864221136625,-0.4229867894864796,-0.4240453315798973,-0.42491008414255305,-0.42557720000279886,-0.42604317419956317,-0.42630484827968473,-0.4263594139208706,-0.42620441574231194,-0.42583775303430826,-0.42525768019982024,-0.42446280585492246,-0.4234520906483539,-0.4222248439144778,-0.42078071927877403,-0.419119709313037,-0.41724213932525345,-0.41514866038494347,-0.4128402416836039,-0.4103181622869485,-0.40758400233756475,-0.40463963381481705,-0.40148721093995476,-0.39812916025493905,-0.39456817040272085,-0.3908071816779284,-0.3868493754061362,-0.3826981631470616,-0.3783571757137807,-0.3738302520660284,-0.36912142814266247,-0.3642349256298729,-0.3591751406165642,-0.35394663208257526,-0.34855411016263105,-0.343002424137012,-0.3372965501325993,-0.33144157856095546,-0.3254427013183019,-0.319305198746207,-0.3130344264408862,-0.3066358021676123,-0.30011479314294576,-0.29347690377953484,-0.28672766386264925,-0.27987261707122,-0.2729173097144937,-0.265867279561526,-0.2587280446866629,-0.2515050923646811,-0.24420386824473894,-0.2368297661052594,-0.2293881183399904,-0.22188418715901292,-0.2143231564341903,-0.20671012412623213,-0.19905009531863982,-0.19134797602758624,-0.18360856799963443,-0.1758365645961888,-0.16803654773982402,-0.16021298585073396,-0.15237023264736393,-0.1445125266245597,-0.13664399104855107,-0.1287686344243042,-0.12089035155931072,-0.1130129254607013,-0.10514003022101548,-0.09727523485458534,-0.08942200794429311,-0.08158372297717875,-0.07376366429375025,-0.06596503359867967,-0.05819095697771104,-0.050444492356824355,-0.042728637344211506,-0.03504633737551188,-0.027400494021541988,-0.019793973310967772,-0.012229613980750287,-0.004710235594878043,0.00276135352377338,0.010182348593119173,0.017549940947574783,0.024861310930639036,0.03211362114890903,0.03930401013909801,0.04642958647535522,0.05348742333458034,0.06047455354785569,0.06738796515983836,0.07422459752213939,0.08098133794354112,0.08765501890020033,0.09424241581639592,0.10074024543413884,0.1071451647770516,0.11345377071465634,0.11966260014795438,0.12576813085197358,0.13176678301548606,0.137654921518525,0.14342885900706648,0.1490848598106922,0.15461914467714166,0.1600278962460564,0.1653072652127534,0.1704533772063428,0.17546234042080044,0.18033025396871238,0.1850532168924559,0.18962733781003038,0.19404874519634774,0.19831359827016826,0.20241809844527836,0.2063585013292908,0.21013112923811406,0.21373238417653795,0.21715876126189215,0.22040686255982678,0.22347341126149445,0.2263552661542363,0.22904943636407893,0.23155309631829368,0.23386360086029612,0.23597850046079571,0.23789555648016147,0.23961275642718505,0.24112832912878446,0.2424407597319984,0.2435488044911054,0.2444515052749736,0.24514820371870627,0.24563855498162468,0.2459225410546395,0.2460004835112244,0.24587305562535988,0.24554129381007783,0.24500660828697107,0.24427079287740128,0.243336033849765,0.2422049177793113,0.2408804383466645,0.23936600196113744,0.23766543209194424,0.23578297225095923,0.23372328763353778,0.23149146541140198,0.2290930136232916,0.22653385859631214,0.22382034082122004,0.22095920918476253,0.2179576134633905,0.21482309499383945,0.21156357551032556,0.20818734433379404,0.20470304420793184,0.20111965591492975,0.19744648159706912,0.19369312667105731,0.18986948031400175,0.18598569468727533,0.1820521631743901,0.17807949776334908,0.1740785055019245,0.17006016399299284,0.16603559611321828,0.16201604421210902,0.15801284389364412,0.154037397397623,0.15010114673864194,0.1462155468920514,0.1423920392320852,0.1386420252360665,0.1349768403784921,0.13140772824017688,0.12794581503564473,0.1246020847565319,0.12138735494625053,0.11831225304322857,0.11538719336120096,0.11262235497563466,0.11002766081292492,0.10761275803740489,0.10538699964732245,0.10335942714621638,0.1015387541639825,0.0999333509133038,0.09855122938245842,0.09740002925719438,0.09648700474003391,0.09581901248567704,0.0954025007346857,0.09524349960462075,0.09534761247589785,0.09572000841937722,0.09636541559804357,0.09728811556036021,0.09849193837751358,0.09998025860715387,0.10175599204880115,0.10382159322785611,0.10617905353440449,0.10882989994292558,0.11177519422481907,0.11501553256533015,0.118551045534943,0.12238139837153028,0.12650579151589625,0.1309229613952141,0.13563118152147524,0.14062826398594552,0.1459115613990889,0.15147796928361856,0.15732392889998437,0.16344543048013804,0.16983801684849453,0.17649678741540242,0.18341640255601277,0.19059108842863282,0.1980146423413771,0.2056804388523048,0.21358143682163444,0.22171018759267724,0.23005884436925328,0.23861917266167154,0.24738256156481953,0.2563400357900534,0.2654822685868723,0.2747995957162601,0.28428203048986944,0.29391927973793486,0.30370076060107465,0.3136156181882015,0.3236527441851109,0.33380079639116644,0.34404821906088046,0.3543832639827613,0.3647940123003721,0.3752683970068915,0.3857942260018348,0.3963592056840284,0.40695096505694295,0.4175570802229345,0.4281650991721193,0.4387625668452273,0.44933705034937077,0.4598761641571585,0.470367595268705,0.48079912832212557,0.4911586704706181,0.501434275877159,0.511614169853587,0.5216867726199297,0.5316407224975137,0.5414648983986154,0.5511484415835852,0.5606807765971382,0.570051631239707,0.5792510555121879,0.5882694395136951,0.5970975301693784,0.6057264466192294,0.6141476942182891,0.6223531772289874,0.6303352102911219,0.6380865286171584,0.6456002967118906,0.6528701154550305,0.6598900275382462,0.6666545213327808,0.6731585332880954,0.6793974489907129,0.6853671030472057,0.6910637779455158,0.6964842019796222,0.7016255462883336,0.7064854210905409,0.7110618712277841,0.7153533710697104,0.7193588187103828,0.723077529335022,0.7265092277040424,0.7296540397850606,0.7325124836447898,0.7350854597379097,0.737374240675976,0.7393804605047407,0.7411061034890452,0.7425534923953094,0.7437252762670639,0.7446244176877741,0.7452541795581809,0.7456181114912326,0.745720035947322,0.7455640341623848,0.7451544318515744,0.744495784643,0.7435928631646647,0.7424506376836391,0.7410742622140631,0.739469058025243,0.7376404964991465,0.7355941814300095,0.7333358310480378,0.7308712600293532,0.7282063615551877,0.7253470893355356,0.7222994395045745,0.7190694324056182,0.7156630944838938,0.7120864406270897,0.7083454571611725,0.70444608546957,0.7003942060792667,0.6961956231235575,0.6918560493359536,0.687381091883033,0.6827762391793684,0.6780468485816371,0.6731981348162179,0.6682351591422417,0.6631628194450556,0.657985841485278,0.6527087713746624,0.6473359691994247,0.6418716036449226,0.6363196475235142,0.6306838742942631,0.6249678558084142,0.61917496144806,0.6133083586616337,0.6073710147809592,0.6013656999556574,0.5952949910643568,0.589161276485747,0.5829667615947756,0.5767134749212488,0.5704032751019028,0.5640378588396828,0.5576187699611452,0.551147409515842,0.5446250467911042,0.5380528311171915,0.5314318043889443,0.5247629142277077,0.5180470276539069,0.5112849451414689,0.5044774149615421,0.4976251477168461,0.49072883095146125,0.48378914374559656,0.47680677121925186,0.46978241882707295,0.46271682632652755,0.45561078136392297,0.44846513261528287,0.44128080236610856,0.4340587984275217,0.42680022530545614,0.4195062945110877,0.41217833388149216,0.4048177958060961,0.3974262642837516,0.39000546070951003,0.3825572483087001,0.3750836353462006,0.36758677743807056,0.3600689791934144,0.3525326951688612,0.3449805300223403,0.33741523778495974,0.3298397201854826,0.32225702392105404,0.3146703367486836,0.3070829824155368,0.29949841469790073,0.29192021087212083,0.2843520647305624,0.27679777905227354,0.26926125737043094,0.26174649495668234,0.2542575691916866,0.2467986296733855,0.23937388830283624,0.2319876093736184,0.22464409961435194,0.21734769815328292,0.2101027664708468,0.2029136785793284,0.1957848117102685,0.1887205376158363,0.1817252144416912,0.17480317912133359,0.16795874024936097,0.16119617136705955,0.1545197045976252,0.1479335245790665,0.14144176264370856,0.13504849125281027,0.12875771881022047,0.12257338501827775,0.1164993568493955,0.11053942510395132,0.10469730148059853,0.09897661607618602,0.0933809152435856,0.08791365974091292,0.08257822309587226,0.07737789011770957,0.07231585551435415,0.0673952226191048,0.0626190022637303,0.05799011178739022,0.05351137410634976,0.04918551679502059,0.04501517121008902,0.04100287171183936,0.03715105499654214,0.03346205955830328,0.02993812535992646,0.026581393810367615,0.02339390812055342,0.020377614103708197,0.017534361442280044,0.01486590527527909,0.01237390781126635,0.010059939743470636,0.007925481439293947,0.0059719239890938525,0.004200570217591348,0.0026126357837057412,0.0012092505095466777,-8.540013041624661e-06,-0.0010397727009561208,-0.0018835654398472457,-0.002539115903068989,-0.0030057006904158357,-0.0032826746591538836,-0.0033694703191571307,-0.0032655971554547136,-0.002970640778769962,-0.002484261959949663,-0.0018061957765738157,-0.0009362510991621775,0.00012568952708846837,0.0013796697134438318,0.0028256589331547843,0.004463552243350932,0.00629317011043895,0.008314258292017485,0.01052648754154717,0.012929452868640112,0.015522672279608685,0.018305585094800847,0.021277549950291075,0.024437842579118296,0.027785653485622674,0.0313200856171818,0.03504015208010003,0.03894477382223016,0.043032777077890216,0.04730289037193103,0.05175374099580665,0.05638385099519638,0.061191632786204764,0.06617538452630356,0.07133328533237915,0.07666339040212478,0.08216362607239347,0.08783178485649046,0.09366552053276678,0.09966234335451674,0.10581961542618501,0.11213454629583453,0.11860418883032509,0.12522543543465758,0.1319950146758373,0.13890948837748596,0.14596524925011778,0.15315851910396816,0.16048534764105682,0.16794161178809475,0.17552301555447514,0.18322509044798352,0.19104319652099377,0.19897252411931987,0.20700809633537176,0.21514477211049154,0.22337724996519626,0.2317000723801499,0.24010763082519304,0.24859417140805107,0.25715380112737307,0.2657804947060427,0.2744681019724169,0.2832103557697394,0.2920008803683771,0.3008332003473271,0.3097007499055593,0.3185968825656573,0.32751488124720396,0.3364479686814832,0.3453893181265144,0.35433206434201736,0.36326931478471636,0.3721941609954911,0.38109969015702205,0.38997899678714276,0.39882519451897736,0.4076314279226665,0.41639088433677784,0.4250968056842339,0.43374250025032524,0.4423213544029423,0.45082684422767016,0.4592525470416575,0.46759215275648813,0.4758394750617043,0.48398846239251014,0.49203320866384104,0.4999679637826233,0.507787143919856,0.5154853414908303,0.5230573348309449,0.5304980975797733,0.537802807741798,0.5449668563718504,0.551985855872104,0.5588556479260163,0.5655723111088093,0.5721321681793796,0.5785317929857428,0.5847680169054001,0.5908379348116171,0.5967389105976224,0.6024685822699283,0.6080248666109185,0.6134059634310702,0.6186103594412984,0.6236368317645429,0.6284844510843897,0.6331525844276555,0.6376408975979118,0.6419493572657373,0.6460782326961265,0.650028097096282,0.6537998285728222,0.6573946106831272,0.6608139325645013,0.6640595886240348,0.6671336777915542,0.6700386023862492,0.6727770666460202,0.6753520749160558,0.6777669294779471,0.6800252280033945,0.6821308605844649,0.6840880062774559,0.6859011291142778,0.6875749735446277,0.6891145593030927,0.690525175736397,0.6918123756043215,0.6929819683296401,0.6940400126992969,0.694992809036826,0.6958468908094417,0.696609015623622,0.6972861556353962,0.6978854874125346,0.6984143812235217,0.6988803897425697,0.699291236212872,0.6996548020900448,0.6999791141644707,0.7002723311695149,0.7005427298766804,0.700798690684131,0.7010486827309563,0.7013012485748646,0.7015649884664157,0.7018485442552844,0.7021605829526933,0.7025097799631652,0.7029048019949542,0.703354289672248,0.7038668398966479,0.7044509879886078,0.7051151896259,0.7058678026219738,0.7067170685805664,0.7076710944337421,0.7087378338753183,0.7099250687140142,0.7112403901454982,0.7126911799443505,0.7142845916325413,0.7160275316731486,0.7179266406965183,0.7199882748110937,0.7222184871039019,0.7246230093806645,0.7272072341025577,0.7299761964396865,0.7329345563629417,0.7360865807286316,0.7394361253785462,0.7429866173045738,0.7467410369329386,0.750701900704172,0.7548712442841534,0.7592506067137066,0.7638410156200877,0.7686429734888023,0.773656444967088,0.7788808451570333,0.7843150288537544,0.7899572806990207,0.7958053062393233,0.8018562239551272,0.8081065584927956,0.8145522354262553,0.8211885777761623,0.8280103043669556,0.8350115300342296,0.8421857676517917,0.8495259319112236,0.857024344795569,0.8646727427253467,0.872462285353123,0.8803835659464312,0.8884266233035447,0.896580955169,0.9048355330991456,0.9131788187398158,0.9215987815409648,0.9300829179723138,0.9386182723106984,0.9471914590667296,0.9557886871037837,0.9643957854601197,0.972998230720485,0.9815811756049868,0.9901294785176518,0.9986277340101779,1.0070603041936934,1.015411351041429,1.0236648693478259,1.0318047200359857,1.039814663661069,1.0476783941566126,1.055379572876312,1.0629018627829083,1.0702289624625294,1.0773446397090893,1.0842327646414702,1.0908773424508524,1.0972625458185163,1.1033727468407335,1.1091925481353826,1.1147068128747577,1.1199006936943263,1.1247596605518027,1.1292695276311946,1.1334164793678383,1.1371870956514627,1.1405683762279608,1.1435477642066658,1.1461131684386885,1.1482529845251292,1.1499561143637962,1.1512119842816944,1.1520105618350343,1.1523423713473235,1.1521985082621171,1.1515706523893599,1.1504510801021226,1.1488326755352176,1.1467089408566338,1.1440740056702197,1.1409226355676623,1.137250239845983,1.1330528784457954,1.1283272682049699,1.1230707885128979,1.117281486357605,1.1109580806890875,1.1040999660719564,1.0967072156526214,1.0887805834606183,1.0803215060635054,1.0713321035958927,1.0618151801796714,1.0517742237671328,1.0412134054253173,1.030137578055708,1.018552274554672,1.0064637054134025,0.9938787557288151,0.9808049815905449,0.9672506057819845,0.9532245126990659,0.9387362424227064,0.9237959839196535,0.9084145673404578,0.8926034553843465,0.8763747336877898,0.8597411001567181,0.8427158531670571,0.8253128785737331,0.807546635442165,0.789432140404152,0.7709849506256532,0.7522211455708501,0.7331573078916875,0.7138105036917608,0.694198262218336,0.6743385549181866,0.6542497737650166,0.6339507087880776,0.6134605248223153,0.5927987376825641,0.5719851900800847,0.5510400274768443,0.5299836738630077,0.5088368073553298,0.4876203355134763,0.466355370312975,0.4450632028523671,0.4237652780570471,0.4024831696636255,0.38123855558615105,0.36005319359660604,0.3389488972087591,0.3179475116572661,0.29707088985551877,0.2763408682366304,0.25577924253438056,0.2354077437768467,0.21524801477283972,0.19532158717412074,0.1756498590450164,0.15625407282021797,0.1371552935198963,0.1183743870967433,0.09993199879579606,0.08184853142473258,0.06414412350479637,0.04683862742211886,0.02995158780743168,0.01350222030661996,-0.002490609247253417,-0.018008405356155777,-0.033033063219733094,-0.04754688908617766,-0.061532620729998655,-0.07497344821007346,-0.08785303501006325,-0.10015553948284861,-0.11186563636433533,-0.12296853815660569,-0.13345001632546882,-0.14329642238551088,-0.1524947090205444,-0.16103245131683508,-0.16889786797227657,-0.17607984224564177,-0.18256794254978104,-0.18835244274655594,-0.19342434220136795,-0.19777538553408647,-0.20139808184973162,-0.2042857232183195,-0.20643240232177362,-0.20783302932377268,-0.2084833480138215,-0.20837995109796026,-0.20752029432649266,-0.20590270920920517,-0.2035264142926465,-0.20039152509331615,-0.1964990627846035,-0.19185096172991933,-0.1864500758607548,-0.18030018370817658,-0.17340599180988647,-0.16577313630568113,-0.15740818266667134,-0.1483186236046592,-0.1385128752604814,-0.12800027173958028,-0.11679105801439249,-0.10489638121761402,-0.09232828036802232,-0.07909967457515421,-0.06522434977659941,-0.05071694406999683,-0.03559293169264777,-0.01986860570633553,-0.003561059464530558,0.01331183307677719,0.030731438147668655,0.04867838396518209,0.0671325834635752,0.08607325790598708,0.10547896135728507,0.1253276060290247,0.14559648855507135,0.16626231730776198,0.18730124088013156,0.20868887784431678,0.23040034782058427,0.2524103037084373,0.2746929648235792,0.2972221508304358,0.31997131654001265,0.3429135875823448,0.36602179677417723,0.389268520989134,0.41262611850935116,0.4360667668894891,0.45956250121460585,0.4830852525698148,0.5066068866981226,0.5300992429148295,0.5535341732016263,0.5768835813173823,0.6001194618905501,0.6232139394996139,0.6461393076245656,0.6688680673646274,0.691372965933148,0.7136270348818883,0.7356036279131004,0.7572764582376337,0.7786196354886741,0.7996077020767984,0.8202156688875988,0.8404190503832112,0.8601938991486264,0.879516839787712,0.8983651020762622,0.9167165532922681,0.9345497295823506,0.9518438663010471,0.9685789273957042,0.9847356338337647,1.0002954909436994,1.0152408146376288,1.02955475659045,1.0432213283202998,1.0562254239987183,1.0685528419453902,1.0801903048850505,1.0911254789509428,1.1013469913120346,1.1108444463777545,1.119608440683308,1.1276305765722725,1.1349034745943953,1.1414207843450015,1.1471771935370612,1.1521684352768844,1.1563912936278058,1.1598436076282184,1.162524273904502,1.1644332477957704,1.165571542704214,1.1659412274458063,1.1655454215658239,1.1643882886688672,1.162475027815482,1.159811863039181,1.1564060310472755,1.1522657671851775,1.1474002897428761,1.1418197826714476,1.135535376787118,1.1285591295476323,1.1209040034714803,1.1125838432608077,1.103613351706727,1.0940080644708345,1.0837843238102067,1.0729592512595616,1.061550719220044,1.0495773213618875,1.0370583417333705,1.0240137224515067,1.0104640298879417,0.9964304194387594,0.981934599123889,0.966998792180874,0.9516456986321273,0.9358984558008885,0.9197805979040652,0.9033160149131874,0.8865289107750414,0.8694437610507393,0.8520852701245758,0.8344783281023282,0.8166479674005558,0.7986193190816167,0.7804175691012816,0.7620679145861686,0.7435955201911071,0.7250254746595957,0.7063827477314604,0.6876921474217994,0.6689782776827471,0.6502654965836925,0.6315778751347025,0.6129391567980775,0.5943727178064222,0.5759015284386777,0.5575481152573474,0.539334524285394,0.52128228526729,0.5034123771725731,0.48574519493083557,0.4683005173600634,0.45109747640493936,0.4341545278624963,0.41748942364336017,0.4011191855289695,0.38506008049981233,0.36932759778999724,0.3539364276951247,0.33890044203664615,0.32423267624231755,0.3099453131848193,0.29604966903681884,0.28255618129868054,0.26947439895898384,0.25681297466024944,0.24457965873759946,0.23278129499390587,0.22142381809168654,0.2105122524652856,0.20005071264970553,0.19004240491794633,0.18048963013573172,0.17139378777634562,0.1627553811142448,0.15457402369508344,0.14684844717900347,0.13957651058017007,0.13275521086183772,0.12638069485564074,0.12044827252434231,0.11495243160683088,0.10988685367181716,0.1052444315701706,0.10101728821799583,0.09719679663674441,0.09377360123284006,0.09073764032439158,0.08807816991559037,0.08578378875756698,0.08384246476874324,0.08224156285888284,0.08096787419669482,0.08000764697966645,0.07934661865176196,0.07897004930707396,0.07886275596575842,0.07900914756866939,0.0793932607169765,0.07999879625172213,0.08080915671470734,0.08180748455949072,0.08297670082610153,0.08429954405918494,0.0857586094542171,0.08733638830223356,0.08901530768438448,0.09077777017402866,0.0926061932847233,0.09448304859008516,0.0963909005941943,0.09831244539939377,0.10023054903610529,0.10212828518170625,0.10398897210124858,0.10579620884779217,0.10753391081568964,0.10918634462526455,0.11073816214538823,0.11217443339668876,0.11348067820100027,0.11464289663445015,0.11564759840466365,0.11648183110592214,0.117133207072321,0.11758992854528572,0.11784081109228595,0.11787530539317714,0.1176835175220674,0.11725622778457989,0.11658490813986333,0.11566173826516035,0.11447962030720049,0.11303219222575933,0.11131383950269225,0.10931970505193789,0.10704569733926661,0.10448849680334149,0.10164556065506503,0.09851512613141011,0.0950962122892065,0.0913886203960601,0.08739293296392248,0.08311051148359638,0.07854349289723217,0.073694784830316,0.06856805964617507,0.06316774741942055,0.05749902789668937,0.051567821459748586,0.04538077907854188,0.038945271226644707,0.032269375711166504,0.025361864361762798,0.018232188544615724,0.010890463509042547,0.0033474516100042706,-0.0043854555847389065,-0.012296256379329407,-0.02037235933679682,-0.028600605042335303,-0.036967289304520534,-0.04545818790276002,-0.054058582958802504,-0.06275329080950343,-0.07152669108759824,-0.08036275678360028,-0.0892450852450608,-0.09815693019364602,-0.10708123483910725,-0.1160006660073023,-0.12489764903017431,-0.13375440318465337,-0.1425529776442005,-0.15127528801451007,-0.1599031534400268,-0.1684183340720793,-0.1768025686629926,-0.18503761223553994,-0.19310527389550458,-0.20098745477500302,-0.20866618592674513,-0.21612366593913634,-0.2233422981970179,-0.2303047278385435,-0.2369938783204546,-0.24339298731634784,-0.2494856417759337,-0.2552558122192181,-0.2606878863550932,-0.2657667018963892,-0.27047757830510477,-0.2748063473135858,-0.27873938224752237,-0.28226362621460765,-0.2853666191141784,-0.2880365232650348,-0.29026214741614353,-0.2920329690622836,-0.2933391551128324,-0.29417158095239415,-0.2945218479390306,-0.2943822994312839,-0.293746035434971,-0.2926069259013744,-0.29095962259302155,-0.2887995693562857,-0.2861230107083159,-0.28292699876993055,-0.2792093986373061,-0.27496889229457366,-0.27020498114692515,-0.2649179872247913,-0.2591090531009712,-0.2527801405370411,-0.24593402783871454,-0.2385743059300367,-0.23070537320998596,-0.22233242925049268,-0.21346146735166371,-0.20409926592722627,-0.1942533786606333,-0.18393212334007103,-0.17314456925195287,-0.1619005230119015,-0.15021051273905073,-0.13808577057370996,-0.12553821371142249,-0.11258042420696768,-0.09922562765604681,-0.08548767066204022,-0.07138099698187972,-0.05692062243094398,-0.04212210875022038,-0.02700153651924353,-0.011575477034199366,0.004139036881312563,0.020124540950426706,0.03636317013920376,0.05283668989224566,0.06952652794870318,0.08641380666400522,0.10347937566973542,0.12070384477818408,0.13806761709102489,0.15555092220151323,0.17313384935535225,0.19079638054183334,0.20851842350288763,0.22627984450687677,0.24406050072436614,0.26184027221437844,0.27959909356403045,0.2973169850473312,0.3149740830984129,0.33255067007053896,0.35002720335810267,0.36738434378667506,0.3846029830308879,0.4016642699736721,0.4185496361355945,0.43524082027511923,0.4517198920445935,0.467969274474477,0.4839717651856432,0.4997105564120048,0.515169253965837,0.5303318951648492,0.5451829655497562,0.5597074141765717,0.5738906674178779,0.5877186413323514,0.6011777527072297,0.6142549289337111,0.6269376169025946,0.6392137910552904,0.6510719606373101,0.6625011761280177,0.6734910347570278,0.6840316850129113,0.6941138301362315,0.7037287306533457,0.7128682059996834,0.7215246352800051,0.7296909572638342,0.7373606697689894,0.7445278285568548,0.7511870457612488,0.757333487826287,0.7629628729728566,0.7680714682569914,0.7726560863104908,0.7767140818634459,0.7802433481053939,0.7832423129238038,0.7857099350818899,0.7876457003516748,0.7890496175411386,0.7899222143429796,0.7902645329702622,0.7900781255815872,0.7893650495085112,0.7881278622904446,0.7863696165077698,0.784093854390072,0.7813046021861751,0.7780063642930131,0.7742041171195524,0.7699033026583066,0.7651098217649661,0.7598300271363954,0.7540707159287692,0.7478391219304257,0.7411429072006612,0.7339901530796666,0.726389350464963,0.7183493892469954,0.7098795468392609,0.7009894758925341,0.6916891914436576,0.6819890577161161,0.6718997746109068,0.6614323637886486,0.6505981541907531,0.63940876689459,0.6278760993949106,0.6160123095626204,0.6038297994376833,0.5913411988112642,0.5785593484719058,0.5654972830883054,0.5521682138925783,0.5385855113909557,0.524762688163527,0.5107133816238587,0.49645133661852725,0.4819903879421261,0.4673444429848175,0.45252746461639504,0.4375534541983228,0.42243643457245383,0.4071904330448106,0.3918294645807592,0.37636751545183955,0.3608185274221185,0.34519638238146655,0.32951488726099143,0.3137877591846774,0.29802861102803035,0.2822509375764142,0.26646810226909423,0.2506933243670062,0.2349396663775991,0.2192200216272866,0.20354710203479698,0.18793342633861698,0.17239130903823252,0.15693285010645042,0.14156992534915247,0.1263141772360683,0.11117700603661973,0.09616956109810815,0.08130273213497219,0.06658714056815995,0.05203313119728392,0.03765076451995952,0.02344980979064104,0.009439738735217418,-0.004370280193462861,-0.017971387149891882,-0.03135503596430311,-0.04451299907397299,-0.057437372435288125,-0.0701205804596512,-0.08255538081424874,-0.09473486878780335,-0.10665248103501312,-0.11830199871008773,-0.12967755008472182,-0.1407736127587853,-0.15158501556995674,-0.16210694031399697,-0.17233492338254308,-0.18226485740217413,-0.19189299294350803,-0.2012159402662732,-0.21023067088054148,-0.21893451867114067,-0.22732518048348282,-0.2354007161889342,-0.2431595482560951,-0.25060046083565624,-0.25772259837469846,-0.2645254637783694,-0.271008916127613,-0.2771731679988747,-0.283018782481264,-0.28854666997866474,-0.29375808484068955,-0.2986546218300177,-0.3032382124044517,-0.3075111207730785,-0.3114759396810811,-0.3151355858901468,-0.3184932953480981,-0.3215526180885959,-0.3243174129319186,-0.3267918419977818,-0.328980364970306,-0.33088773308255526,-0.3325189828389057,-0.33387942948256466,-0.33497466017666255,-0.3358105268664957,-0.33639313882505206,-0.3367288549008336,-0.3368242754901942,-0.33668623426305544,-0.33632178965729054,-0.335738216135816,-0.33494299518021364,-0.3339438059426385,-0.33274851542281425,-0.33136516801982907,-0.3298019743098308,-0.3280672989285236,-0.3261696475713336,-0.32411765330530073,-0.3219200624130778,-0.31958571982727335,-0.317123554090486,-0.31454256187196705,-0.3118517922723001,-0.30906033114987963,-0.30617728546607736,-0.3032117675236634,-0.30017287915354274,-0.29706969607494926,-0.2939112525330074,-0.2907065261228965,-0.2874644227806087,-0.2841937621289645,-0.2809032633377271,-0.2776015314492355,-0.2742970441330215,-0.27099813903230086,-0.26771300187450464,-0.26444965531445064,-0.2612159483530334,-0.25801954626638235,-0.2548679211817131,-0.25176834347276156,-0.2487278739566463,-0.24575335673391407,-0.2428514126072514,-0.24002843320495515,-0.23729057599422987,-0.23464376021969002,-0.23209366361479766,-0.22964571969944814,-0.22730511560837385,-0.22507679059401653,-0.2229654354163202,-0.22097549267970606,-0.21911115800018877,-0.2173763818335388,-0.21577487179227717,-0.2143100952826842,-0.2129852823208651,-0.211803428456534,-0.2107672978790447,-0.20987942690162242,-0.20914212795735665,-0.20855749406984359,-0.20812740367454552,-0.20785352568370286,-0.20773732471196382,-0.2077800663688194,-0.20798282251995204,-0.2083464764574643,-0.2088717279562715,-0.2095590982002804,-0.2104089345508413,-0.2114214150906193,-0.2125965528510605,-0.2139341996791515,-0.21543404975346903,-0.2170956427588635,-0.21891836672751452,-0.2209014605774513,-0.22304401639213012,-0.22534498149387616,-0.2278031603695183,-0.23041721649840952,-0.2331856741313416,-0.23610692005733824,-0.23917920532768733,-0.24240064683545626,-0.24576922864764583,-0.24928280302695782,-0.25293909113779023,-0.25673568346433484,-0.2606700399321866,-0.26473948969927363,-0.2689412306251029,-0.27327232849917493,-0.2777297161699295,-0.2823101927527034,-0.2870104231037871,-0.291826937732246,-0.2967561332607289,-0.3017942733885235,-0.30693749017314786,-0.31218178554226483,-0.31752303313427177,-0.32295698053248145,-0.3284792517725563,-0.33408534998343953,-0.3397706601979067,-0.34553045242941494,-0.35135988495395765,-0.3572540076608206,-0.36320776550462597,-0.36921600216881245,-0.37527346387550864,-0.3813748032081534,-0.38751458295753594,-0.3936872800274358,-0.3998872893157852,-0.40610892750930105,-0.4123464368767813,-0.41859398911952894,-0.4248456891715904,-0.4310955788646922,-0.43733764055734525,-0.4435658008534702,-0.44977393435542723,-0.4559558673178685,-0.4621053812219529,-0.4682162164120953,-0.47428207583710247,-0.4802966287716117,-0.4862535144009712,-0.4921463453306174,-0.49796871118896746,-0.5037141823822466,-0.5093763138582901,-0.514948648695075,-0.5204247214827973,-0.5257980616004758,-0.5310621965021554,-0.5362106551105228,-0.5412369714155574,-0.5461346883865517,-0.5508973622533659,-0.5555185670252598,-0.5599918989761861,-0.5643109809332358,-0.5684694663883718,-0.5724610435126394,-0.576279439126985,-0.5799184226798744,-0.5833718103303056,-0.5866334692509909,-0.5896973221968764,-0.5925573523378631,-0.5952076083887334,-0.5976422100821921,-0.5998553540092146,-0.6018413198358559,-0.6035944768907981,-0.6051092911200087,-0.606380332393222,-0.6074022821108969,-0.6081699410621297,-0.6086782374962354,-0.608922235365732,-0.6088971427170833,-0.6085983202283813,-0.6080212898835242,-0.6071617437499199,-0.6060155527927691,-0.60457877561835,-0.6028476670189136,-0.600818686192305,-0.5984885045067188,-0.5958540126780321,-0.5929123272343588,-0.5896607961915379,-0.5860970040336042,-0.5822187762628275,-0.5780241837036542,-0.5735115465334317,-0.5686794379113778,-0.5635266870567648,-0.5580523816579088,-0.552255869636042,-0.5461367604650249,-0.5396949262682114,-0.5329305027504176,-0.5258438898694138,-0.5184357521026683,-0.5107070182060482,-0.5026588805348311,-0.49429279417056193,-0.4856104760518676,-0.4766139041191906,-0.46730531634774763,-0.4576872095078883,-0.4477623375541171,-0.4375337097246401,-0.42700458862059776,-0.4161784884884199,-0.40505917368940914,-0.39365065720085113,-0.381957199020853,-0.3699833043700096,-0.35773372156844374,-0.3452134395923423,-0.3324276855534123,-0.3193819223967935,-0.30608184691167395,-0.29253338795055583,-0.27874270468392126,-0.2647161847239303,-0.25046044199964257,-0.2359823143045361,-0.22128886044090734,-0.20638735696564936,-0.19128529472997258,-0.17599037549267393,-0.16051050876538397,-0.14485380888528,-0.1290285922416814,-0.11304337456963509,-0.09690686819966743,-0.08062797912918995,-0.06421580378530223,-0.04767962535589021,-0.031028909563701745,-0.014273299758372104,0.0025773887835569553,0.01951317536271091,0.03652392097778545,0.05359933578154852,0.07072898670664785,0.08790230523770504,0.10510859538062078,0.12233704194858319,0.13957671931687088,0.15681660077293458,0.1740455685373945,0.1912524244741789,0.20842590139108808,0.22555467466317225,0.24262737388777111,0.2596325944408733,0.2765589089300846,0.2933948785681153,0.3101290645042738,0.32675003916286727,0.34324639763323717,0.35960676915290435,0.37581982872145403,0.3918743088785277,0.40775901167911854,0.4234628208842537,0.438974714366708,0.4542837767445036,0.46937921227056734,0.4842503579915771,0.4988866971803887,0.5132778730444656,0.5274137026515149,0.5412841909278612,0.554879544578931,0.5681901858412814,0.5812067660280604,0.5939201788579425,0.6063215735647347,0.6184023677847392,0.6301542602222341,0.6415692430860034,0.6526396142684163,0.6633579892307537,0.673717312571398,0.6837108692664486,0.6933322955740877,0.702575589575595,0.7114351213065575,0.7199056424302555,0.7279822954065125,0.735660622114537,0.7429365718924359,0.7498065089578887,0.7562672191470199,0.7623159158823185,0.7679502453361309,0.7731682908096928,0.7779685762993367,0.7823500691770278,0.7863121819198327,0.789854772809619,0.7929781455002569,0.795683047378084,0.7979706666901976,0.7998426284090314,0.8013009887393636,0.802348228199044,0.802987243424063,0.8032213380407853,0.8030542128688225,0.802489955507248,0.8015330292433873,0.800188261224676,0.7984608298495104,0.7963562513692608,0.7938803658590743,0.7910393228764718,0.7878395670531688,0.7842878236866042,0.7803910843313986,0.7761565923692544,0.7715918285005472,0.7667044961010134,0.7615025064004328,0.7559939635067607,0.7501871494732413,0.7440905096970383,0.7377126387996213,0.7310622669705609,0.7241482467325113,0.7169795401221961,0.7095652062556184,0.7019143892026207,0.694036306122193,0.6859402356470454,0.6776355064978077,0.6691314863098867,0.6604375706621397,0.6515631722683466,0.6425177102916777,0.6333105997809199,0.6239512412229118,0.6144490101890341,0.604813247067213,0.5950532468715366,0.5851782491183926,0.5751974277694245,0.5651198812420759,0.5549546224862425,0.5447105691230192,0.5343965336497831,0.524021213748469,0.5135931827876803,0.5031208806384768,0.4926126048737345,0.48207650235996624,0.4715205612426061,0.46095260333083843,0.45038027688760707,0.43981104981128283,0.42925220320201873,0.41871082533953086,0.4081938060737471,0.3977078315982965,0.38725937961047663,0.3768547148889638,0.3664998853235133,0.3562007184268765,0.34596281832416764,0.335791563204495,0.3256921032398381,0.31566935896239556,0.30572802009831435,0.2958725448973283,0.2861071599906282,0.27643586080242954,0.26686241256823706,0.25739035199195115,0.2480229895459587,0.23876341245650679,0.2296144884372211,0.22057887016755018,0.21165900037337337,0.20285711723850142,0.19417525989581463,0.18561527388555277,0.1771788165476451,0.16886736230694055,0.16068220780663722,0.15262447688900949,0.14469512550186892,0.13689494662899904,0.1292245752757779,0.12168449349489663,0.11427503543243489,0.10699639237689951,0.09984861779231125,0.09283163229093816,0.08594522850300024,0.0791890758411995,0.07256272516290352,0.06606561332438332,0.05969706763713134,0.05345631024135855,0.04734246239946316,0.04135454871386912,0.03549150128549883,0.02975216383042323,0.024135295773909604,0.018639576341918485,0.013263608664821902,0.00800592390545063,0.002864985404187337,-0.0021608072106786835,-0.007073114022141169,-0.011873650982884953,-0.01656418623312561,-0.021146536552855366,-0.025622563929715625,-0.029994172222984616,-0.034263303893176555,-0.03843193679018242,-0.04250208105873554,-0.04647577624699295,-0.050355088654910674,-0.05414210891709814,-0.057838949835243625,-0.06144774452341295,-0.06497064494316618,-0.06840982086345093,-0.07176745926608419,-0.07504576426582332,-0.07824695762449352,-0.08137327988261234,-0.08442699203779114,-0.08741037753586056,-0.09032574422202089,-0.09317542601375806,-0.09596178429316637,-0.09868720910969131,-0.10135412024577306,-0.10396496819736001,-0.10652223513843495,-0.10902843586824673,-0.11148611857338153,-0.11389786508637911,-0.11626629036407365,-0.11859404110288807,-0.12088379355716228,-0.12313825065058381,-0.12536013844587757,-0.1275522020516675,-0.12971720105181817,-0.13185790450750545,-0.13397708551298848,-0.13607751514974353,-0.1381619556216478,-0.1402331524926197,-0.14229382610452745,-0.14434666228146398,-0.1463943024128227,-0.14843933299772516,-0.1504842747234747,-0.15253157117948746,-0.15458357733346872,-0.15664254786249643,-0.15871062539904557,-0.16078982877004222,-0.16288204132992945,-0.16498899946273582,-0.16711228128820466,-0.1692532956266959,-0.1714132713286176,-0.17359324706585966,-0.17579406164751532,-0.17801634490029983,-0.18026050911542058,-0.18252674105282551,-0.18481499452112615,-0.18712498355152718,-0.1894561761940281,-0.19180778900980044,-0.19417878233364405,-0.196567856331491,-0.19897344784765636,-0.2013937280363578,-0.20382660078633563,-0.20626970196184402,-0.20872039949748,-0.21117579440570466,-0.21363272275604572,-0.21608775863376195,-0.21853721802651904,-0.2209771635883584,-0.22340341026155386,-0.22581153173732105,-0.22819686771210712,-0.2305545318995783,-0.23287942078982127,-0.2351662231365239,-0.237409430117836,-0.2396033461337197,-0.2417421002190352,-0.2438196580338996,-0.24582983439491812,-0.24776630630681495,-0.2496226264384802,-0.25139223701384594,-0.2530684841072386,-0.254644632296241,-0.25611387959515497,-0.25746937262817227,-0.25870422203703214,-0.2598115181046978,-0.2607843465600368,-0.26161580450749966,-0.26229901641238484,-0.2628271500995112,-0.26319343276145446,-0.26339116697116793,-0.26341374666242245,-0.26325467304677375,-0.26290757046251656,-0.26236620211473394,-0.26162448563594864,-0.2606765084399214,-0.2595165428634445,-0.2581390610674035,-0.25653874965897927,-0.2547105239798739,-0.25264954199187173,-0.25035121772972246,-0.24781123432899932,-0.24502555661256054,-0.24199044316613083,-0.2387024578264132,-0.2351584805353184,-0.2313557175408434,-0.22729171095178202,-0.2229643476625256,-0.21837186765257854,-0.21351287165658306,-0.2083863281924252,-0.2029915799294102,-0.19732834937677524,-0.1913967438638693,-0.18519725977435542,-0.17873078599107828,-0.17199860650959664,-0.16500240218314843,-0.15774425155242966,-0.1502266307115292,-0.14245241220380933,-0.13442486300222356,-0.12614764162590575,-0.117624794376745,-0.10886075064267686,-0.09986031725040334,-0.09062867190034751,-0.08117135571816192,-0.07149426492014754,-0.0616036415989214,-0.051506063682502656,-0.04120843411465813,-0.030717969296482295,-0.020042186855356192,-0.009188892796046844,0.0018338319260564617,0.013017645353116336,0.02435395893466108,0.03583395234359443,0.04744858865639401,0.05918862987324047,0.07104465274283456,0.08300706485958642,0.09506612100715728,0.10721193968990406,0.11943451978222441,0.1317237572347807,0.14406946176757174,0.15646137348871747,0.16888917941008685,0.18134252986665444,0.1938110548647387,0.20628438038473718,0.21875214467120685,0.2312040145432377,0.24362970175438647,0.2560189794206238,0.2683616984054993,0.28064780333545514,0.2928673478927024,0.30501050924027595,0.31706760159904945,0.3290290890084151,0.34088559730078316,0.35262792537987764,0.3642470559151647,0.3757341654995585,0.38708063425229255,0.39827805480095435,0.4093182404832447,0.4201932325644364,0.430895306370779,0.4414169763262876,0.4517509998768787,0.4618903803205896,0.47182836860771005,0.481558464181461,0.491074414950738,0.5003702164964352,0.5094401105887627,0.518278583082008,0.5268803612674091,0.5352404107713369,0.5433539320687473,0.5512163566644048,0.5588233430084344,0.5661707722197704,0.5732547436598026,0.5800715703782942,0.5866177744778653,0.5928900824751153,0.5988854207231284,0.6046009109256048,0.610033865780558,0.6151817847990699,0.6200423503033292,0.6246134235991221,0.6288930413561502,0.6328794122450887,0.6365709139014655,0.6399660903469453,0.643063650009573,0.6458624644234661,0.648361567644173,0.6505601564063497,0.6524575909998163,0.654053396708953,0.6553472655395609,0.6563390579971724,0.6570288048516915,0.6574167089667355,0.657503147318387,0.6572886732977352,0.6567740193644767,0.6559601001097235,0.654848015658068,0.6534390551280751,0.6517346998503797,0.6497366262374058,0.6474467083425139,0.6448670201637441,0.6419998377623202,0.6388476412767261,0.6354131168931048,0.6316991588156284,0.6277088711838275,0.6234455696965782,0.6189127826753094,0.6141142514796343,0.6090539303145519,0.6037359854717437,0.5981647940553216,0.5923449422527085,0.586281223194689,0.5799786344350792,0.5734423750844684,0.5666778426467189,0.5596906296041197,0.5524865197665463,0.545071484396658,0.5374516781696457,0.5296334350365299,0.521623263995636,0.5134278447177039,0.5050540229926668,0.4965088060361609,0.48779935770898675,0.47893299363071407,0.46991717611105344,0.46075950884080186,0.45146773131385487,0.4420497129283376,0.43251344670632363,0.4228670426287806,0.4131187206150244,0.40327680312606873,0.39334970731017904,0.38334593659378413,0.3732740716125349,0.36314276036555526,0.35296070753399533,0.34273666307412043,0.3324794103508353,0.3221977540282097,0.3119005077384571,0.3015964814219956,0.2912944682136853,0.28100323085478607,0.27073148781865086,0.2604878994151463,0.2502810539658782,0.24011945394834555,0.23001150200133935,0.21996548684498407,0.20998956933013346,0.20009176881261226,0.19027994988275054,0.18056180938232558,0.17094486372268136,0.16143643671534136,0.15204364820844063,0.14277340364147761,0.13363238437631253,0.12462703863791091,0.11576357314119434,0.10704794567848808,0.09848585883765537,0.09008275479200734,0.08184381100931404,0.07377393676959088,0.06587777050287968,0.058159678115274005,0.05062375251721818,0.04327381443265921,0.03611341438443816,0.029145835675024045,0.022374098223970407,0.015800963165695237,0.009428938073035908,0.00326028263433642,-0.0027029853393329972,-0.008459083648062915,-0.014006459270106575,-0.019343781840092333,-0.024469936981269313,-0.029384019337399536,-0.03408532524776575,-0.03857334516872157,-0.04284775599120394,-0.04690841335540341,-0.050755344016103265,-0.054388738288508875,-0.0578089426022359,-0.06101645219519014,-0.06401190395304468,-0.0667960693800822,-0.0693698477233653,-0.0717342593121657,-0.07389043917943638,-0.07583963101298252,-0.0775831814546919,-0.07912253474007258,-0.08045922766206104,-0.08159488485888744,-0.08253121442798772,-0.08327000383879124,-0.08381311610568787,-0.08416248620209643,-0.08432011770582903,-0.08428807964763507,-0.08406850351628492,-0.08366358039374688,-0.08307555823426327,-0.08230673929740817,-0.08135947770572471,-0.08023617708643371,-0.07893928826996444,-0.07747130701709892,-0.07583477173231046,-0.07403226111277661,-0.07206639166155782,-0.06993981496824375,-0.06765521475356451,-0.06521530388634034,-0.06262282168429323,-0.05988053169567564,-0.056991219963435924,-0.05395769364476166,-0.05078277982738655,-0.047469324421697934,-0.04402019110841593,-0.040438260494937595,-0.036726429747751865,-0.03288761288148123,-0.028924741717737845,-0.024840767436785427,-0.02063866260257896,-0.01632142351417798,-0.011892072749674298,-0.007353661810363121,-0.0027092738420009255,0.0020379734481963396,0.006884924428192107,0.011828381526953535,0.016865100556231027,0.021991785505385053,0.027205082967583394,0.03250157629439343,0.03787777953424154,0.04333013124662699,0.04885498833999691,0.05444862009301232,0.060107202485333744,0.0658268129200934,0.07160342539033593,0.07743290613972675,0.08331100987621198,0.08923337656408847,0.09519552872796311,0.10119286913393921,0.10722067876405816,0.11327411510223584,0.1193482107831727,0.12543787263305717,0.13153788112250453,0.13764289025358067,0.14374742789822648,0.14984589661700198,0.15593257500691493,0.16200161961457837,0.16804706743204179,0.17406283900142938,0.18004274216316674,0.18598047648059435,0.19186963838629367,0.19770372710686246,0.20347615141452735,0.20918023721662138,0.21480923596450907,0.2203563338955874,0.22581466214423074,0.23117730771662792,0.23643732532519834,0.24158775011046885,0.24662161121239734,0.25153194599381834,0.2563118146004797,0.2609543145699931,0.26545259532656473,0.269799872509104,0.27398944212141174,0.27801469447785365,0.28186912791737484,0.28554636227059405,0.2890401520427659,0.29234439926299416,0.2954531659759567,0.2983606863606951,0.3010613784551879,0.3035498554698748,0.3058209366637925,0.3078696577677178,0.3096912809778445,0.3112813045157523,0.3126354716984494,0.3137497795008599,0.31462048664813835,0.31524412124773704,0.3156174879181677,0.3157376743817153,0.31560205753285686,0.31520830901789054,0.31455440037778715,0.3136386078020479,0.31245951647452586,0.31101602442507925,0.3093073458311224,0.3073330137887993,0.30509288258925693,0.30258712952793587,0.2998162562834352,0.2967810898914678,0.29348278332717825,0.2899228157255749,0.2861029922823448,0.28202544388299344,0.27769262649992754,0.2731073203717074,0.2682726289773001,0.26319197782734705,0.25786911307582727,0.25230809994050674,0.24651332091237066,0.2404894737119605,0.23424156894647297,0.22777492743012573,0.22109517715750115,0.214208249980949,0.20712037805579797,0.19983809005050546,0.19236820706572644,0.1847178382294743,0.17689437600138547,0.16890549121774256,0.16075912782875434,0.15246349726150754,0.14402707241092116,0.13545858128171773,0.12676700025151888,0.11796154688720151,0.10905167227058854,0.10004705284500659,0.0909575818015469,0.08179335996820924,0.07256468611688405,0.06328204661407,0.05395610437652465,0.044597687069284575,0.035217774429106896,0.02582748461129114,0.016438059566453944,0.00706084963321274,-0.002292702358758447,-0.011611077275389903,-0.0208826961164732,-0.030095936744572782,-0.039239150989892835,-0.048300682244843074,-0.057268883564745465,-0.06613213604529733,-0.07487886711778913,-0.08349756859114166,-0.0919768145083637,-0.10030527893973584,-0.10847175379251439,-0.11646516662113271,-0.12427459823993559,-0.13188929983745368,-0.13929870942818212,-0.14649246765241486,-0.15346043297017786,-0.16019269629601496,-0.16667959515616815,-0.1729117274951264,-0.17887996524805772,-0.18457546762464716,-0.18998969381373598,-0.19511441480638325,-0.19994172425343493,-0.2044640484321647,-0.2086741554093905,-0.21256516344539023,-0.21613054863616554,-0.21936415178656432,-0.22226018454342267,-0.2248132348469838,-0.22701827176761213,-0.2288706497893358,-0.2303661125681984,-0.23150079613589014,-0.2322712315168829,-0.23267434680132482,-0.2327074687592301,-0.23236832407163632,-0.2316550402562001,-0.23056614636891481,-0.22910057355429814,-0.2272576554934389,-0.22503712874793536,-0.22243913296443196,-0.21946421092955148,-0.2161133084802529,-0.2123877742581044,-0.20828935931471193,-0.2038202166109997,-0.1989829004439727,-0.19378036579751523,-0.18821596759710957,-0.18229345985701428,-0.17601699471928356,-0.1693911213789434,-0.16242078486929756,-0.15511132466550492,-0.14746847305525534,-0.1394983532299534,-0.1312074770580267,-0.1226027424929299,-0.11369143055214437,-0.10448120180151221,-0.09498009229425008,-0.0851965089296911,-0.07513922419096986,-0.06481737018430778,-0.05424043185923466,-0.04341823928342592,-0.032360958858525635,-0.02107908335097619,-0.009583420600250747,0.0021149191649030286,0.014004537285259744,0.026073761656611794,0.03831066259196092,0.050703069608573514,0.06323858929302162,0.07590462432393963,0.08868839350299851,0.10157695249117893,0.11455721505056005,0.12761597480311337,0.1407399276205581,0.153915694646372,0.16712984570603595,0.18036892279991434,0.19361946357895476,0.20686802489495904,0.22010120645817466,0.2333056743739661,0.2464681842256411,0.25957560358826726,0.2726149340830659,0.2855733330591548,0.2984381347794738,0.3111968708112087,0.323837289388365,0.3363473737195406,0.3487153593046344,0.3609297503208353,0.37297933517276505,0.3848532013291077,0.3965407494907396,0.40803170695404134,0.41931613989990524,0.4303844644104444,0.4412274561671481,0.45183625884494916,0.4622023912636166,0.47231775342886095,0.4821746315937787,0.49176570241697704,0.501084036284432,0.5101230998949546,0.5188767582240956,0.5273392759408679,0.5355053182901983,0.5433699514586507,0.5509286424908666,0.5581772588249834,0.5651120674714889,0.5717297338437035,0.5780273202801567,0.5840022843355328,0.589652476903737,0.5949761401857501,0.5999719054920618,0.6046387908843585,0.6089761986521935,0.6129839125589243,0.616662094744207,0.6200112821992292,0.623032382788054,0.6257266707795281,0.62809578179656,0.6301417071469828,0.6318667877378843,0.6332737079372137,0.6343654896090953,0.6351454863081045,0.6356173774981855,0.6357851626431668,0.6356531550492264,0.6352259753802585,0.6345085447763523,0.6335060775289634,0.6322240733836253,0.630668309724193,0.6288448339131065,0.626759955842374,0.6244202405725474,0.6218325009295711,0.6190037899463761,0.6159413930397619,0.6126528198335919,0.6091457955430783,0.605428251876873,0.6015083175944582,0.5973943090272869,0.593094720813717,0.5886182169000236,0.5839736217327385,0.5791699115437083,0.5742162056306483,0.5691217575233267,0.5638959459129538,0.5585482652203453,0.5530883157219861,0.5475257932831994,0.5418704788886757,0.5361322281697838,0.5303209610291759,0.5244466513618562,0.5185193167974518,0.5125490083985866,0.5065458003290857,0.500519779512345,0.4944810352202751,0.48843964850110666,0.48240568139674167,0.47638916592069336,0.47040009273356986,0.46444839943596605,0.4585439584375379,0.45269656436858696,0.4469159210156306,0.4412116279265561,0.4355931669922981,0.43006988923706047,0.42465100187702376,0.4193455556745391,0.4141624326485456,0.40911033415859066,0.40419776933389784,0.39943304382508416,0.3948242488484155,0.39037925047097843,0.386105679095472,0.38201091913441587,0.37810209886662705,0.37438608043465393,0.3708694499279517,0.36755850754906305,0.36445925797546863,0.3615774011311146,0.3589183235476696,0.3564870903818971,0.3542884381150202,0.3523267679644917,0.3506061400052758,0.34913026793635993,0.34790251439190456,0.3469258867185374,0.34620303319751144,0.3457362397480068,0.34552742717017537,0.3455781489467853,0.3458895895616365,0.34646256327383185,0.3472975133168035,0.3483945115136251,0.3497532582815097,0.3513730829893973,0.3532529446558712,0.3553914329762691,0.35778676965581724,0.3604368100486113,0.363339045128356,0.3664906037976223,0.3698882555376244,0.3735284134332417,0.37740713760655353,0.38152013908320725,0.3858627841352842,0.39043009913167026,0.39521677589764437,0.40021717758629194,0.4054253450839198,0.4108350039859303,0.41643957218521166,0.422232168125781,0.4282056198040891,0.43435247460394777,0.44066501000364156,0.44713524506583013,0.4537549524437239,0.46051567061002885,0.4674087161954219,0.4744251965043489,0.4815560223380828,0.48879192125443893,0.4961234513722417,0.5035410157235845,0.5110348769577371,0.5185951721264956,0.5262119274322217,0.5338750729709361,0.5415744575185428,0.5492998633954045,0.5570410214740349,0.564787626342941,0.5725293514461995,0.5802558639318178,0.5879568391022687,0.5956219745097826,0.603241003746227,0.6108037099732044,0.6182999392758504,0.6257196139719241,0.633052745982269,0.6402894501695613,0.6474199573393804,0.6544346266546839,0.6613239574532699,0.6680786005702899,0.674689369210455,0.6811472493566697,0.6874434097446809,0.693569211493255,0.6995162174665808,0.7052762014006575,0.7108411567987076,0.7162033056109038,0.7213551067631983,0.72628926461352,0.7309987373516336,0.7354767453131927,0.7397167792203518,0.7437126084058576,0.7474582890495682,0.7509481723963987,0.7541769129171954,0.7571394764358246,0.7598311482897344,0.7622475415418322,0.7643846051907417,0.7662386323354013,0.7678062683010936,0.7690845187703133,0.7700707579743025,0.7707627369783765,0.7711585920367412,0.7712568528722414,0.7710564505990192,0.7705567249931491,0.7697574309462354,0.7686587440801134,0.7672612655541045,0.7655660260795543,0.7635744891467624,0.7612885534771365,0.758710554724189,0.7558432664445931,0.7526899003398384,0.7492541057766786,0.7455399686127109,0.7415520093397419,0.7372951805480668,0.7327748637187241,0.727996865340991,0.7229674123290977,0.7176931466879424,0.7121811193721825,0.7064387832799497,0.7004739853168402,0.6942949575153392,0.6879103072692061,0.6813290067226561,0.6745603812794485,0.6676140971913185,0.6605001482327353,0.6532288414598924,0.6458107819953653,0.6382568567682938,0.6305782171564402,0.6227862604790957,0.6148926103803092,0.6069090963530783,0.5988477327602695,0.5907206975583819,0.5825403107371514,0.574319012412225,0.5660693404921773,0.5578039079265551,0.5495353797692388,0.5412764504015612,0.5330398210783613,0.5248381777613815,0.5166841691734234,0.5085903849960118,0.5005693341759496,0.4926334235222427,0.48479493693244535,0.477066015453417,0.4694586381435215,0.461984603597827,0.4546555120207003,0.4474827477993699,0.440477462617757,0.4336505592853044,0.4270126765355826,0.4205741749204961,0.4143451237218727,0.40833528873621816,0.4025541208453376,0.39701074532761993,0.39171395184546753,0.3866721850175807,0.3818935355314679,0.37738573189211877,0.37315613299462314,0.36921172162727345,0.3655590988707118,0.36220447929151334,0.35915368682356785,0.3564121512293923,0.35398490502525704,0.351876580783987,0.35009140877699707,0.3486332149261173,0.34750541902121057,0.34671103315093177,0.34625266029716784,0.34613249304559446,0.34635231234673114,0.34691348621205265,0.34781696820112984,0.34906329560704563,0.35065258736755567,0.3525845418787341,0.35485843495235514,0.3574731180708355,0.3604270169920909,0.36371813072796755,0.36734403088787104,0.3713018613439374,0.37558833818685855,0.38019974996573325,0.3851319581828818,0.39038039798359137,0.39594007900670647,0.4018055864109442,0.4079710820764788,0.4144303059529264,0.42117657754859295,0.4282027975896767,0.43550144987708705,0.4430646033437995,0.45088391431787045,0.4589506290407499,0.46725558651721144,0.4757892217446624,0.4845415693370754,0.4935022675994958,0.5026605631810881,0.5120053164402165,0.5215250075982922,0.5312077437266538,0.541041266654311,0.5510129619002981,0.5611098686043974,0.5713186902853309,0.581625806257513,0.5920172836220914,0.6024788898499693,0.6129961060762952,0.623554141282689,0.6341379475367006,0.6447322363444385,0.6553214959843174,0.6658900096556479,0.6764218744525294,0.6869010212702307,0.6973112356048787,0.7076361790737451,0.7178594115866375,0.7279644142256032,0.7379346127875408,0.7477534018131848,0.7574041690208162,0.7668703201572171,0.7761353041810679,0.785182638669589,0.793995935446226,0.8025589263843926,0.810855489247345,0.8188696735055601,0.8265857261199301,0.8339881171578511,0.841061565089845,0.8477910617527158,0.8541618969622036,0.8601596826010791,0.8657703760388742,0.8709803029434795,0.8757761795639141,0.8801451343950646,0.884074729094678,0.8875529786453882,0.8905683707866316,0.8931098846303982,0.8951670083503913,0.8967297559591714,0.8977886832674216,0.8983349030419632,0.8983600992361715,0.8978565401406584,0.8968170904259409,0.8952352221758559,0.8931050250849424,0.8904212160019327,0.8871791478496434,0.8833748176891021,0.8790048736062275,0.8740666202989189,0.8685580234618442,0.8624777130985848,0.8558249858218971,0.848599806169247,0.8408028069748497,0.8324352888683819,0.8234992189954013,0.8139972290306687,0.8039326124907831,0.7933093213040152,0.7821319615721762,0.7704057884634352,0.7581367002106489,0.7453312312291374,0.7319965443685206,0.7181404222662948,0.703771257722849,0.688898042998666,0.6735303579427097,0.6576783569460432,0.641352754880053,0.6245648122501066,0.607326319662242,0.5896495815291942,0.5715473988719495,0.5530330510478905,0.5341202762471227,0.5148232507371588,0.4951565670346767,0.47513521118709434,0.45477453917384736,0.43409025239664345,0.41309837235498037,0.39181521461848234,0.3702573621062797,0.34844163772059034,0.32638507647528314,0.3041048972322784,0.281618474169683,0.2589433081545849,0.2360969981395371,0.2130972126855326,0.18996166176543028,0.16670806896905077,0.1433541441962376,0.11991755693057371,0.09641591016251994,0.07286671502783548,0.04928736622097318,0.02569511822045456,0.00210706241688996,-0.02145989476392174,-0.04498905274471099,-0.06846393664876871,-0.09186831600910494,-0.11518622232800624,-0.13840196550791717,-0.16150014905623777,-0.18446568403185637,-0.20728380186064044,-0.22994006605181028,-0.2524203826864948,-0.27471100966295126,-0.2967985648828346,-0.31867003350929934,-0.340312774196569,-0.3617145241330775,-0.38286340294003196,-0.40374791564913437,-0.4243569549951758,-0.44467980314228583,-0.46470613274183137,-0.48442600706437133,-0.503829879050727,-0.5229085893572218,-0.5416533636143726,-0.5600558091261902,-0.5781079111624123,-0.5958020289380812,-0.6131308913766702,-0.630087592746996,-0.6466655882349741,-0.6628586895126318,-0.6786610603718444,-0.6940672124680916,-0.7090720012277743,-0.7236706220062885,-0.737858606582158,-0.7516318200398331,-0.7649864580509345,-0.777919044520182,-0.7904264295437926,-0.802505787651242,-0.8141546163101623,-0.825370734624407,-0.8361522821297527,-0.8464977176217161,-0.8564058179488327,-0.8658756766722178,-0.8749067024771904,-0.8834986172147836,-0.8916514534531075,-0.8993655514279908,-0.9066415553230556,-0.9134804089714024,-0.9198833512303324,-0.9258519112063368,-0.9313879033054349,-0.9364934219651104,-0.9411708359265774,-0.9454227820413621,-0.9492521587930938,-0.9526621197359333,-0.9556560668733312,-0.9582376438340816,-0.9604107287056962,-0.9621794265623507,-0.9635480618882184,-0.9645211710377666,-0.9651034946633246,-0.9652999699322962,-0.9651157224863383,-0.9645560582995003,-0.9636264556076384,-0.9623325568977492,-0.9606801608009761,-0.9586752138072399,-0.9563238019358522,-0.953632142553424,-0.9506065763444198,-0.9472535592845759,-0.94357965453883,-0.9395915244120729,-0.9352959225489528,-0.9306996864143855,-0.9258097299145476,-0.9206330360102228,-0.9151766493503501,-0.9094476691401638,-0.903453242381218,-0.8972005574005024,-0.890696837509175,-0.8839493346930283,-0.8769653233822865,-0.8697520944907211,-0.862316949881702,-0.8546671972701816,-0.8468101454745351,-0.8387530999088213,-0.8305033582642238,-0.8220682064922826,-0.8134549152997153,-0.8046707372712234,-0.7957229045939016,-0.7866186272953399,-0.7773650918932518,-0.7679694603586213,-0.758438869315377,-0.7487804294174794,-0.7390012248410471,-0.7291083128192071,-0.7191087231372464,-0.7090094574887118,-0.6988174885900733,-0.68853975899696,-0.6781831796594702,-0.66775462832382,-0.6572609478602374,-0.6467089445177834,-0.636105386065303,-0.6254569997889519,-0.6147704703379162,-0.6040524374141825,-0.5933094932992802,-0.582548180211603,-0.5717749874781433,-0.5609963485086737,-0.5502186375926286,-0.5394481665498461,-0.5286911812745103,-0.5179538582469405,-0.5072423011100113,-0.49656253740781864,-0.4859205155920421,-0.4753221024100185,-0.4647730807405068,-0.45427914777435063,-0.44384591326819844,-0.43347889766314296,-0.4231835300768978,-0.4129651463044368,-0.4028289869634847,-0.39278019580786605,-0.38282381804202004,-0.37296479841567987,-0.36320797903930924,-0.35355809704268637,-0.34401978223883845,-0.3345975548252511,-0.3252958229609604,-0.3161188800319721,-0.30707090158971795,-0.2981559420977078,-0.28937793162732817,-0.28074067249571755,-0.272247835659968,-0.2639029567045057,-0.25570943144813896,-0.24767051132779017,-0.23978929870038002,-0.23206874204353056,-0.2245116308534918,-0.21712059005127315,-0.20989807389481996,-0.20284635955001562,-0.19596754051749343,-0.18926352008733716,-0.18273600495776776,-0.1763864991049502,-0.1702162978511197,-0.16422648192178713,-0.15841791129565763,-0.15279121880060131,-0.14734680352638918,-0.14208482418057145,-0.13700519252074628,-0.13210756694775938,-0.12739134630293591,-0.12285566392635872,-0.11849938207553379,-0.11432108684198283,-0.110319083697199,-0.10649139373715855,-0.10283575062926786,-0.09934959823512912,-0.09603008888637987,-0.09287408230937189,-0.08987814520526882,-0.08703855148635853,-0.0843512831767157,-0.08181203202818921,-0.07941620192065812,-0.07715891209527115,-0.07503500124272477,-0.07303903242014087,-0.07116529873986366,-0.06940782980154125,-0.06776039884992002,-0.06621653062718025,-0.06476950995136121,-0.06341239112919084,-0.06213800829056737,-0.060938986672944395,-0.05980775484526646,-0.058736557833043435,-0.05771747109815806,-0.056742415337332375,-0.05580317205436103,-0.05489139985036218,-0.05399865138475235,-0.05311639095815934,-0.05223601266647648,-0.0513488590837099,-0.050446240407531207,-0.04951945398190816,-0.048559804131976136,-0.047558622260751804,-0.046507287143178644,-0.04539724534552647,-0.04422003170808608,-0.04296728983158715,-0.04163079250280077,-0.0402024619968131,-0.03867439019516894,-0.037038858460142876,-0.035288357199547704,-0.03341560504692609,-0.03141356759604008,-0.029275475632374537,-0.026994842783473416,-0.024565482512642234,-0.02198152439088119,-0.019237429584023857,-0.016328005498145615,-0.01324841951781508,-0.009994211767029526,-0.006561306834406366,-0.002946024416509374,0.0008549111692346401,0.004844362656022838,0.009024772733283726,0.013398158252414305,0.017966105815176547,0.02272976880239952,0.02768986590306355,0.03284668124877754,0.03820006620559724,0.04374944265926217,0.0494938074449891,0.055431737655830204,0.06156139679893613,0.0678805418690871,0.07438653136964746,0.0810763342997447,0.08794654015640191,0.09499336998197805,0.10221268837440078,0.10960001624066251,0.1171505440620777,0.12485914557289846,0.1327203918773563,0.14072856605525175,0.14887767830740017,0.15716148167547317,0.16557348822876605,0.17410698540585656,0.18275505217823707,0.19151057489028744,0.20036626279302538,0.2093146633369969,0.21834817729913425,0.22745907383117014,0.23663950553348911,0.24588152362504445,0.2551770931430326,0.2645181079545438,0.27389640534264714,0.2833037800244824,0.29273199757065527,0.3021728072796179,0.3116179545640563,0.3210591928448494,0.33048829492979337,0.3398970639038339,0.3492773435843546,0.35862102856366107,0.36792007383245107,0.37716650399794815,0.3863524221480219,0.3954700184286537,0.4045115783630422,0.4134694909008587,0.422336256233784,0.4311044934532404,0.4397669480763611,0.4483164993946289,0.45674616752518915,0.4650491199765838,0.47321867756649283,0.4812483196209456,0.4891316884373538,0.49686259302674785,0.5044350122032313,0.5118430971111323,0.519081173232145,0.526143741857183,0.5330254810046355,0.5397212458131762,0.5462260684832003,0.5525351578487445,0.5586438986453928,0.5645478505370392,0.5702427469722622,0.5757244939071668,0.5809891683631747,0.5860330167785932,0.5908524531625261,0.5954440570919175,0.5998045716040892,0.6039309010380478,0.607820108871941,0.6114694156124187,0.614876196795997,0.6180379811532433,0.6209524489846885,0.6236174307808469,0.6260309060680811,0.6281910024286503,0.6300959946651972,0.6317443041126296,0.6331344981192615,0.6342652897407959,0.6351355376995826,0.6357442466381045,0.6360905676660593,0.6361737992016785,0.6359933881333646,0.6355489313363947,0.6348401775665877,0.6338670297366136,0.6326295475789152,0.6311279507171363,0.6293626221732964,0.6273341123140739,0.6250431432309824,0.6224906135529764,0.6196776036498974,0.6166053811196974,0.6132754064568715,0.6096893388556595,0.605849042119921,0.6017565906483426,0.5974142754818033,0.5928246104033548,0.5879903380679323,0.582914436138843,0.577600123412104,0.572050865898845,0.5662703828259339,0.5602626525076957,0.5540319180100965,0.5475826924939398,0.5409197641472261,0.534048200668785,0.5269733532645731,0.5197008600897632,0.512236649065521,0.5045869399917322,0.4967582458658626,0.4887573733346926,0.48059142220473916,0.47226778393655167,0.46379413918283063,0.45517845464122786,0.4464289795095908,0.43755424163600054,0.4285630432921508,0.4194644564491412,0.41026781743448737,0.40098272085212017,0.39161901265703847,0.3821867823804723,0.37269635469896656,0.3631582806211,0.35358332841567375,0.3439824742077491,0.3343668920890366,0.32474794358983416,0.31513716635309663,0.30554626188683187,0.29598708245976724,0.28647161738994953,0.2770119789361658,0.2676203878605605,0.2583091586251598,0.24909068409285595,0.2399774195674098,0.2309818660303833,0.2221165524766775,0.2133940173336626,0.20482678908365415,0.19642736633799274,0.18820819761454288,0.18018166092858934,0.1723600431582355,0.1647555191048653,0.15738013018093966,0.1502457626416529,0.14336412528242448,0.13674672656121345,0.13040485110025202,0.12434953556994088,0.1185915441657528,0.11314134405627385,0.10800908110053342,0.10320455593279831,0.09873720040928191,0.09461605441671139,0.09084974304101223,0.08744645408950902,0.0844139159836601,0.08175937604210048,0.0794895791631447,0.07761074695419978,0.07612855748079994,0.07504812593069232,0.0743739864506523,0.07411007527273483,0.07425971516141061,0.07482560119375137,0.07580978789030013,0.07721367773053345,0.07903801107857333,0.08128285752658826,0.08394760869386175,0.08703097256729109,0.09053096945839911,0.09444492958172646,0.09876949220704745,0.1035006063513606,0.10863353302145384,0.11416284907285501,0.12008245279269403,0.12638557130951256,0.13306476991905214,0.1401119634037542,0.14751842941601723,0.15527482400479187,0.16337119931159094,0.17179702328378,0.18054120111545302,0.18959209821502299,0.1989375647114784,0.20856496163742833,0.21846118885479626,0.22861271454551968,0.2390056059405552,0.2496255611120759,0.2604579418860311,0.2714878079336458,0.28269995189370434,0.2940789352287396,0.3056091245954278,0.31727472868962536,0.32905983559565044,0.34094845051881606,0.352924533587192,0.3649720374621097,0.37707494471643344,0.3892173050229175,0.4013832720421249,0.41355713971708497,0.42572337771228774,0.4378666659057373,0.4499719279622951,0.46202436396791313,0.4740094818892757,0.4859131274974047,0.49772151254921226,0.5094212412282673,0.5209993349028608,0.5324432552540301,0.5437409258201882,0.5548807520016581,0.5658516395726778,0.5766430117410195,0.5872448247777982,0.5976475821769682,0.6078423472093064,0.6178207537242457,0.6275750151387314,0.6370979316409588,0.6463828956704916,0.6554238957100438,0.6642155183982794,0.6727529489958357,0.681031970269288,0.6890489598426086,0.6968008860218831,0.7042853021148545,0.7115003393242887,0.7184446982891046,0.7251176392795955,0.7315189709860945,0.7376490378038625,0.7435087055305729,0.7490993454295776,0.754422816670882,0.75948144732088,0.764278014239899,0.768815722228716,0.7730981825575469,0.7771293908484509,0.7809137042480927,0.7844558178433729,0.7877607403154911,0.7908337689624076,0.7936804643921178,0.7963066251987172,0.7987182627595502,0.8009215761418744,0.8029229270560236,0.8047288147858467,0.806345851094008,0.8077807352788255,0.8090402297138439,0.8101311361303658,0.8110602726942489,0.811834451798596,0.8124604584733461,0.8129450293194722,0.8132948318655835,0.8135164442455292,0.8136163351589758,0.8136008442520364,0.8134761632303338,0.8132483179632359,0.8129231516385431,0.8125063089458493,0.8120032213010262,0.811419093112832,0.8107588890336146,0.810027322114891,0.8092288427883219,0.8083676286004433,0.8074475746706824,0.8064722849268264,0.805445064300784,0.8043689121276287,0.8032465168873699,0.8020802522840285,0.8008721745846472,0.7996240211350312,0.7983372099873876,0.7970128406078771,0.7956516956778756,0.7942542440147022,0.792820644614352,0.7913507518093326,0.7898441215286525,0.7883000186068401,0.7867174250333164,0.7850950490384108,0.7834313349576902,0.7817244738100086,0.7799724144902669,0.7781728754919612,0.7763233570920605,0.7744211539166344,0.7724633678264681,0.7704469211270109,0.7683685701797032,0.7662249195219815,0.7640124365291001,0.7617274665457003,0.7593662483924319,0.7569249301723033,0.7543995852993746,0.7517862286738364,0.7490808329353911,0.7462793447210316,0.7433777008605276,0.7403718444574707,0.7372577407795049,0.7340313928777036,0.7306888569104046,0.7272262571775343,0.7236398008706999,0.7199257925397475,0.7160806482406628,0.7121009093004531,0.7079832556573251,0.7037245187812431,0.6993216942092957,0.6947719537420056,0.6900726573684537,0.6852213650102286,0.6802158481848082,0.6750541016971638,0.6697343554611948,0.6642550865219476,0.6586150312382841,0.6528131973737104,0.6468488757312656,0.6407216511281604,0.6344314127482136,0.6279783640029706,0.6213630320109473,0.6145862767404751,0.6076492997146801,0.600553652043601,0.5933012416128918,0.5858943394275684,0.578335585211164,0.5706279923907118,0.562774952491516,0.5547802387379122,0.5466480085881713,0.5383828051138906,0.5299895573126179,0.5214735794924508,0.512840569858426,0.5040966083760381,0.49524815383929877,0.486302039898483,0.47726546980047146,0.46814600977001675,0.4589515811215037,0.44969045123784923,0.4403712235197901,0.43100282639393583,0.42159450148683675,0.4121557910644782,0.40269652482150775,0.3932268061034776,0.3837569976345421,0.374297706815355,0.36485977065559183,0.3554542403987142,0.3460923658895467,0.3367855797391215,0.32754548133149086,0.3183838206345584,0.3093124816946684,0.30034346574454673,0.2914888739356485,0.28276088972186386,0.27417176094735396,0.2657337817116314,0.2574592740520387,0.24936056945603724,0.24144999022173153,0.23373983069200222,0.22624233837410657,0.21896969495313812,0.21193399721919093,0.20514723793226608,0.19862128666080991,0.19236787062413185,0.1863985555188563,0.18072472629407343,0.17535756788402068,0.17030804591316695,0.1655868873498676,0.16120456107740466,0.15717125836535217,0.15349687319631045,0.15019098237983997,0.14726282544826574,0.1447212844800987,0.14257486414717135,0.14083167229063775,0.13949940119744753,0.13858530960846593,0.13809620540205003,0.13803842885776874,0.13841783640116034,0.13923978474083754,0.14050911532981303,0.1422301391534262,0.1444066220162128,0.1470417706648064,0.1501382200430541,0.15369802179237269,0.15772263400086217,0.1622129121781981,0.16716910138658392,0.1725908294109999,0.17847710087848156,0.1848262922796735,0.1916361478308488,0.19890377614439103,0.2066256478414985,0.21479759436810042,0.2234148081975249,0.23247184443882674,0.24196262379594913,0.2518804368144032,0.2622179493234711,0.2729672089875095,0.28411965293062735,0.2956661163978538,0.30759684239668417,0.3199014922789658,0.332569157217371,0.3455883705014031,0.35894712056852995,0.37263286470455625,0.38663254335565966,0.4009325949633791,0.41551897122135273,0.43037715268334864,0.44549216469131636,0.4608485936747897,0.4764306040087476,0.4922219556577545,0.508206022718845,0.5243658128428237,0.5406839874631544,0.5571428827568781,0.5737245312531485,0.5904106840060308,0.6071828332667195,0.6240222355872831,0.6409099352851513,0.6578267882076148,0.6747534857250841,0.6916705788773925,0.7085585026105008,0.7253976000532347,0.7421681467994077,0.7588503751583175,0.7754244983276237,0.7918707344461211,0.8081693304847732,0.8243005859442505,0.8402448763480308,0.8559826765154881,0.8714945835988388,0.8867613398865615,0.9017638553814677,0.9164832301561887,0.930900776485835,0.9449980407622505,0.9587568251979661,0.9721592093140927,0.9851875711993259,0.9978246085507649,1.0100533595413665,1.0218572235817973,1.0332199820536303,1.0441258190920522,1.054559342498358,1.0645056048592423,1.0739501249166707,1.0828789090932744,1.091278472890565,1.0991358618914973,1.1064386723237405,1.1131750713064434,1.1193338169332492,1.1249042782700158,1.1298764551426714,1.1342409974076801,1.1379892234339053,1.14111313773396,1.1436054478609208,1.1454595807285557,1.146669698447262,1.1472307136047988,1.1471383037533371,1.1463889248818546,1.1449798238079367,1.1429090495268,1.1401754635715449,1.1367787494161803,1.13271942094174,1.1279988299559633,1.122619172626969,1.1165834945715503,1.109895694388669,1.1025605255731108,1.0945835968355908,1.0859713708749936,1.0767311616527664,1.0668711302249463,1.0564002791779785,1.0453284457058203,1.0336662933536829,1.0214253024446833,1.0086177592080148,0.9952567436255109,0.981356116008584,0.9669305023064041,0.9519952781342553,0.9365665515420574,0.9206611446116071,0.9042965739920774,0.8874910304483592,0.8702633574901881,0.8526330291576798,0.8346201270189724,0.8162453164263042,0.7975298220855365,0.7784954029716928,0.7591643265663777,0.7395593423362214,0.7197036543437676,0.6996208928885181,0.6793350850800195,0.6588706242699018,0.638252238409784,0.6175049575809695,0.596654080943793,0.5757251431729458,0.5547438802987514,0.5337361949228736,0.5127281209690722,0.491745788213251,0.47081538670742873,0.4499631310504739,0.4292152244264855,0.4085978224773328,0.38813699725655937,0.3678587014640229,0.3477887329395273,0.3279526992770414,0.3083759825384291,0.289083704273871,0.2701006910943562,0.2514514408334705,0.23316008916272324,0.21525037657464452,0.1977456158652089,0.18066866038127216,0.16404187317999686,0.14788709704184555,0.1322256251992826,0.11707817272682775,0.10246484873442796,0.08840512963188019,0.07491783363047944,0.06202109645154508,0.049732348131342974,0.03806829081437968,0.027044877416926738,0.016677291042498155,0.006979925111579632,-0.002033635643812204,-0.0103506330299723,-0.017959151870130086,-0.024848135061368737,-0.031007397275772064,-0.03642763740758426,-0.04110044980377836,-0.045018334267318494,-0.04817470486540998,-0.050563897617081466,-0.05218117713528159,-0.05302274225726222,-0.05308573063846467,-0.05236822227836768,-0.05086924197831166,-0.04858876075223151,-0.04552769622210917,-0.04168791201563238,-0.03707221615283629,-0.031684358401626866,-0.025529026599350857,-0.01861184194829235,-0.010939353297004573,-0.002519030453804305,0.0066407433715625075,0.016530679919462443,0.02714059501168009,0.03845941847951195,0.0504752049051973,0.06317514519874834,0.07654557903492787,0.09057200815608013,0.10523911054201562,0.12053075549110304,0.136430019707376,0.1529192045033696,0.16997985423677164,0.18759277612401348,0.2057380615639275,0.22439510896982284,0.2435426479063878,0.2631587642895994,0.2832209265735415,0.30370601301424927,0.32459034010572907,0.3458496921080183,0.36745935142867125,0.3893941297061758,0.4116283996534307,0.43413612776365795,0.45689090781807096,0.4798659949798889,0.5030343403245467,0.5263686258305924,0.5498412998534903,0.5734246129311487,0.5970906537353287,0.6208113851595272,0.6445586806198023,0.6683043604868857,0.6920202284443064,0.7156781076894916,0.7392498770097689,0.7627075066502655,0.7860230937821981,0.8091688975002,0.8321173734077405,0.8548412077428793,0.8773133508617477,0.8995070499982987,0.9213958813708416,0.9429537816639737,0.964155078756221,0.9849745215208259,1.0053873086877019,1.0253691169085997,1.0448961280739582,1.063945055721554,1.0824931703556118,1.100518323668254,1.1179989718030825,1.1349141977647648,1.1512437328609408,1.1669679769287313,1.1820680172275644,1.1965256460685012,1.2103233773233342,1.223444461957314,1.2358729027253261,1.247593468174955,1.2585917059946752,1.2688539555296217,1.2783673592272464,1.2871198729372821,1.2951002751040335,1.3022981748837594,1.3087040192467896,1.3143090991874757,1.3191055551642066,1.3230863817952496,1.3262454317688963,1.3285774189758612,1.3300779209398144,1.3307433806091211,1.3305711075497655,1.329559278591482,1.327706937966198,1.3250139969306076,1.3214812328208296,1.3171102874917722,1.3119036651333644,1.3058647294814705,1.2989977004669413,1.2913076503648284,1.2828004994937743,1.2734830114817228,1.2633627880779486,1.252448263475216,1.2407486980941442,1.2282741717552028,1.2150355761697895,1.201044606707498,1.1863137534166768,1.170856291308347,1.1546862699162261,1.1378185020854517,1.1202685518894313,1.1020527215737985,1.0831880374188714,1.063692234366485,1.0435837392570662,1.0228816525714421,1.0016057286626108,0.9797763546474698,0.95741452820603,0.9345418343625838,0.9111804211413173,0.8873529739627273,0.8630826887740852,0.8383932440946964,0.8133087721694139,0.7878538292470978,0.7620533649034869,0.7359326904504115,0.7095174466308052,0.682833570741785,0.6559072631632077,0.6287649533029693,0.6014332651267722,0.5739389824152923,0.5463090137501965,0.5185703572560598,0.49075006525849574,0.4628752089936299,0.4349728433987181,0.4070699720657345,0.3791935125232371,0.3513702619223338,0.3236268631099577,0.2959897711648125,0.26848522056378243,0.24113919305573717,0.2139773862149994,0.18702518273724422,0.16030762065968673,0.13384936458384544,0.10767467780397055,0.08180739528739878,0.05627089765057747,0.031088086301117812,0.006281359735410774,-0.01812740915406863,-0.042116894872599175,-0.06566634014431827,-0.08875557554635094,-0.11136503786929808,-0.13347578734509824,-0.1550695239470059,-0.17612860288512877,-0.1966360492649315,-0.21657557173504927,-0.2359315749756945,-0.25468917102149646,-0.27283418950381844,-0.2903531869422906,-0.30723345525755263,-0.3234630296903305,-0.33903069628441074,-0.35392599895837407,-0.3681392459853612,-0.381661515644268,-0.394484660950539,-0.4066013135237512,-0.4180048867002313,-0.42868957799451124,-0.4386503709987153,-0.44788303679753483,-0.4563841349473421,-0.4641510140326872,-0.47118181182238317,-0.47747545507419176,-0.4830316590223518,-0.487850926549541,-0.49193454698498584,-0.49528459437541983,-0.49790392506074,-0.49979617447551306,-0.5009657531658931,-0.501417842010909,-0.5011583866149394,-0.5001940908203295,-0.4985324092744108,-0.4961815389914719,-0.49315040989495174,-0.489448674387134,-0.4850866960040534,-0.48007553714352014,-0.47442694578480626,-0.46815334111528983,-0.4612677979972517,-0.45378403018080604,-0.44571637212808213,-0.43707975932890974,-0.42788970704860674,-0.4181622875579478,-0.40791410606056644,-0.3971622755772941,-0.38592439086851016,-0.37421850129842227,-0.36206308253772335,-0.34947700712694285,-0.3364795140967587,-0.3230901778849713,-0.3093288766172577,-0.29521575968217206,-0.2807712146444601,-0.2660158337175318,-0.25097037998466476,-0.23565575339571865,-0.22009295653576544,-0.20430306030955592,-0.1883071697641654,-0.17212639014248765,-0.15578179311745544,-0.13929438321229526,-0.12268506460032569,-0.1059746085135913,-0.08918362129632129,-0.07233251302665877,-0.055441466792252925,-0.03853040887835846,-0.02161898003676299,-0.004726507798871182,0.01212802028621951,0.028925982520007665,0.045649147860963524,0.06227969940513134,0.0788002564035466,0.09519389485332397,0.11144416678730806,0.12753511839732568,0.14345130710923826,0.1591778176543457,0.17470027697651602,0.19000486766762492,0.20507833974105694,0.21990802074655136,0.23448182430119857,0.24878825711712693,0.2628164246183715,0.27655603523806604,0.28999740345395963,0.3031314516147958,0.3159497106502869,0.3284443197652962,0.34060802517959843,0.35243417793359555,0.36391673076514763,0.3750502340848385,0.385829831124056,0.39625125234213243,0.40631080915313333,0.4160053870274112,0.42533243803579524,0.43428997289218074,0.44287655252475133,0.4510912791945998,0.45893378717913436,0.4664042330300475,0.47350328540774456,0.48023211450396275,0.48659238106362324,0.4925862249857147,0.49821625346494613,0.5034855286431821,0.5083975547327881,0.5129562645881052,0.5171660057714789,0.5210315261920044,0.5245579593338476,0.5277508090221446,0.5306159336867964,0.5331595302038181,0.5353881175345663,0.5373085203960599,0.5389278530827468,0.5402535034481559,0.5412931170261999,0.5420545813098414,0.5425460102144513,0.542775728719171,0.5427522576824302,0.5424842988531182,0.5419807200782429,0.5412505406986554,0.5403029171391296,0.5391471286900114,0.5377925634792291,0.5362487046453523,0.534525116714029,0.5326314321752434,0.5305773382609615,0.5283725639254584,0.5260268670227433,0.5235500216574209,0.5209518056991058,0.5182419884706491,0.5154303186105409,0.5125265121024114,0.5095402404549958,0.5064811190054712,0.5033586953341143,0.5001824377681103,0.49696172393992555,0.4937058293872809,0.49042391619023107,0.487125021635336,0.48381804688463603,0.4805117456152246,0.4772147126211621,0.47393537239989314,0.4706819677159615,0.4674625480750194,0.46428495804709513,0.46115682543314307,0.4580855492578735,0.4550782875195054,0.45214194462690216,0.44928315853465506,0.4465082877602171,0.4438233986350042,0.44123425310661446,0.43874629720895086,0.4363646501651033,0.43409409405389,0.4319390640039913,0.42990363893276395,0.42799153286249947,0.42620608680343963,0.42455026115290906,0.4230266286035871,0.4216373677090104,0.4203842573780463,0.4192686724994701,0.4182915807470522,0.41745354055230877,0.41675470022371996,0.4161947981730165,0.4157731641943698,0.4154887217549543,0.4153399912755802,0.415325094392486,0.415441759201137,0.41568732646768325,0.4160587567367884,0.4165526382217948,0.4171651953927409,0.41789229821819873,0.4187294720151513,0.4196719078521909,0.4207144734532875,0.421851724557186,0.4230779166823453,0.42438701723401095,0.42577271791551397,0.42722844743092026,0.4287473844386511,0.43032247069218954,0.4319464243314144,0.43361175332675117,0.43531076907085264,0.4370356000915194,0.4387782058794798,0.4405303908381768,0.44228381834731323,0.4440300249484963,0.445760434676977,0.4474663735237101,0.44913908397552404,0.45076973961374733,0.4523494598013116,0.4538693244900003,0.4553203891758528,0.4566937000671416,0.4579803095425632,0.45917129194346984,0.4602577597261046,0.46123088003420065,0.4620818917833063,0.462802123260154,0.46338301001044613,0.463816112647649,0.46409313433600374,0.46420593790698206,0.46414656268861165,0.4639072411659271,0.4634804155953347,0.4628587546897265,0.4620351704562111,0.4610028352135913,0.45975519878817295,0.45828600582792234,0.456589312999661,0.4546595057195546,0.4524913141973528,0.4500798287893417,0.4474205147470087,0.44450922644690394,0.4413422211675524,0.4379161724634102,0.43422818318324374,0.43027579815368,0.42605701641001303,0.42157030268707985,0.416814597900256,0.4117893285034455,0.40649441469085446,0.40093027743679244,0.39509784439911044,0.3889985546973307,0.3826343625658879,0.37600773989964864,0.36912167770502435,0.36197968644129475,0.3545857952156908,0.34694454980179756,0.3390610094400657,0.33094074234364257,0.3225898198567805,0.31401480929241643,0.30522276553072203,0.29622122146016494,0.28701817729734813,0.27762208878713324,0.26804185431933547,0.25828680105790625,0.24836667016825942,0.23829160118422976,0.2280721155744132,0.21771909958935964,0.2072437864033816,0.196657737493112,0.18597282320396147,0.17520120245766435,0.1643553015150161,0.15344779171407197,0.1424915661624908,0.13149971548130424,0.12048550288115223,0.10946233888789436,0.09844375583352871,0.08744338206333424,0.07647491579399457,0.06555209863294209,0.05468868896250001,0.043898435513305856,0.03319505130550482,0.022592187948781373,0.012103410229762801,0.0017421708996394614,-0.008478214337763745,-0.018544591412748446,-0.02844399172757761,-0.03816365508595965,-0.04769105173269139,-0.057013903564346435,-0.06612020460637069,-0.07499824087650353,-0.08363660961460795,-0.09202423760483924,-0.10015039823849037,-0.10800472717984633,-0.11557723673583808,-0.12285832908369088,-0.12983880848490514,-0.13650989260422364,-0.14286322301568077,-0.14889087488091945,-0.1545853656438183,-0.1599396624952263,-0.16494718843907918,-0.16960182695449078,-0.17389792533575843,-0.17783029679944917,-0.18139422145476658,-0.18458544624062512,-0.18740018391898872,-0.18983511120389807,-0.19188736610229284,-0.19355454453226884,-0.1948346962746328,-0.19572632029608172,-0.19622835946219652,-0.19634019465511443,-0.1960616383044922,-0.19539292736148894,-0.19433471582296846,-0.19288806692754434,-0.19105444507309244,-0.18883570745747846,-0.1862340954528534,-0.18325222576954303,-0.1798930814883164,-0.17616000299590695,-0.17205667883241205,-0.16758713647853085,-0.16275573310874591,-0.1575671463178523,-0.15202636484092125,-0.14613867933048397,-0.13990967327811887,-0.13334521413911915,-0.12645144467941094,-0.1192347745741742,-0.11170187232491458,-0.10385965755459381,-0.09571529368788134,-0.08727618098874501,-0.07854994995523157,-0.06954445511311746,-0.060267769218725675,-0.05072817783315742,-0.040934174230017106,-0.030894454613360267,-0.02061791364369725,-0.010113640273814894,0.0006090861446850226,0.011540799567960391,0.022671850866359478,0.03399241136748543,0.04549247633100606,0.05716186838687776,0.06899024104472318,0.08096708239831685,0.09308171909592033,0.10532332059427318,0.11768090371606377,0.13014333758553676,0.14269934906033654,0.1553375287627503,0.16804633776357747,0.18081411493866284,0.19362908505861753,0.20647936775390718,0.219352987516217,0.23223788486062347,0.2451219286945232,0.25799292977695387,0.2708386550073385,0.28364684231807047,0.29640521611984383,0.30910150335665776,0.3217234502310973,0.33425883968502035,0.34669550970256324,0.35902137230452524,0.37122443290715523,0.3832928098010271,0.39521475374402115,0.4069786677927638,0.41857312747055886,0.42998690118375293,0.4412089705730935,0.4522285504983259,0.4630351085800015,0.4736183844034585,0.48396840851400924,0.4940755211825305,0.5039303906590931,0.5135240305342776,0.5228478160276637,0.5318934992615638,0.5406532236488815,0.5491195374979654,0.5572854068827127,0.5651442277684069,0.5726898373705183,0.5799165247036839,0.5868190401709441,0.593392603984384,0.5996329133199794,0.6055361482415265,0.6110989764597363,0.6163185569925815,0.6211925428032288,0.6257190824847214,0.6298968210464864,0.633724899850435,0.6372029557372585,0.6403311193833332,0.6431100129246516,0.6455407468737988,0.6476249163556673,0.6493645966734718,0.6507623381924077,0.6518211605522666,0.6525445462763599,0.6529364338575263,0.6530012103751588,0.652743703662054,0.6521691739990274,0.6512833052808134,0.6500921955907444,0.6486023471254256,0.646820655422701,0.644754397891738,0.642411221694374,0.6397991310037909,0.6369264735985496,0.6338019267450861,0.6304344823720314,0.6268334315422024,0.6230083482058504,0.6189690722598158,0.6147256919607642,0.6102885256743704,0.6056681028933326,0.600875144478465,0.5959205420735003,0.5908153366212119,0.5855706959367026,0.5801978913127286,0.574708273161292,0.5691132458782562,0.5634242422869846,0.557652697911962,0.551810025117426,0.5459075870697134,0.5399566714856263,0.533968464171835,0.5279540225522226,0.5219242495554184,0.5158898681013397,0.5098613961563387,0.5038491222600427,0.49786308155156433,0.4919130324995393,0.4860084346451643,0.4801584275775852,0.4743718112088686,0.4686570273648769,0.4630221426648049,0.4574748325942011,0.4520223666575234,0.44667159456097494,0.4414289335527073,0.43630035722003413,0.43129138602918005,0.42640707972532965,0.42165203157883724,0.41703036443142594,0.41254572848618665,0.408201300749802,0.4039997860183391,0.39994341931507194,0.39603396969929605,0.3922727453543189,0.38866059987338275,0.3851979396860088,0.38188473256032296,0.37872051710235866,0.3757044131692737,0.37283513309896676,0.37011099365417266,0.36752992860588307,0.3650895019249205,0.3627869215909385,0.3606190540471488,0.3585824393310091,0.3566733069160506,0.35488759230809563,0.3532209543708831,0.3516687931518092,0.3502262678433823,0.34888831464184733,0.34764966446537926,0.3465048605849006,0.3454482762300728,0.3444741322222882,0.34357651469199624,0.34274939290556716,0.34198663705478793,0.3412820356903694,0.3406293125515987,0.340022142760823,0.3394541684569603,0.33891901393205615,0.3384103003045098,0.33792165971750876,0.33744674904091454,0.3369792631135482,0.3365129476184663,0.3360416116966931,0.33555914038709034,0.33505950692349273,0.33453678481809135,0.3339851595306982,0.33339893947987775,0.3327725662652341,0.33210062411092167,0.3313778486005674,0.33059913475845093,0.3297595444666044,0.32885431317748015,0.32787885593513977,0.3268287727777306,0.32569985360198217,0.3244880825573091,0.3231896420168283,0.3218009161248716,0.3203184938792276,0.318739171731238,0.3170599557570739,0.3152780634884351,0.313390925463672,0.3113961865364345,0.30929170696884256,0.30707556328097496,0.3047460488008795,0.30230167391553664,0.29974116606135226,0.2970634694898564,0.29426774484809215,0.2913533686097196,0.2883199323519605,0.28516724180385467,0.28189531557463,0.27850438354416696,0.27499488497433333,0.27136746641776455,0.2676229794663456,0.2637624783057646,0.25978721696974105,0.2556986461641486,0.2514984095591757,0.24718833950077368,0.24277045211742632,0.2382469417885673,0.233620174941926,0.22889268322416711,0.22406715625033513,0.21914643420079472,0.21413350040392487,0.2090314739082686,0.20384360200071683,0.19857325255941305,0.1932239060619949,0.18779914710287926,0.1823026554106164,0.17673819657377976,0.17110961283519543,0.1654208142160769,0.1596757700180902,0.15387850063280695,0.14803306952764217,0.14214357524207344,0.13621414325155712,0.13024891760482404,0.12425205230562852,0.1182277025489924,0.11218001606410155,0.10611312479877455,0.10003113703093192,0.0939381298852453,0.08783814221246189,0.08173516781030088,0.07563314898953877,0.06953597047247939,0.06344745356973647,0.057371350578776514,0.051311339379935816,0.0452710182098528,0.0392539005624144,0.03326341014727063,0.02730287582015478,0.021375526393335065,0.015484485274342319,0.009632764931119198,0.0038232612073727523,-0.001941252492656531,-0.007658131168476245,-0.013324864352291854,-0.018939082357853465,-0.024498562592043527,-0.03000123591489512,-0.035445193024855826,-0.040828690802115375,-0.046150158540498865,-0.05140820401336299,-0.056601619316417384,-0.061729386427792576,-0.06679068243343522,-0.07178488437361352,-0.07671157366334569,-0.08157054003331865,-0.08636178493471647,-0.09108552432432049,-0.09574219070110956,-0.10033243426965299,-0.10485712313720796,-0.10931734243056468,-0.11371439220221191,-0.11804978410624756,-0.12232523702672182,-0.1265426719318654,-0.13070420612707778,-0.13481214694834875,-0.1388689848651694,-0.14287738587606924,-0.146840183018071,-0.15076036686437533,-0.15464107503856184,-0.15848558098671361,-0.1622972823648965,-0.16607968926185634,-0.1698364122387943,-0.17357115005184198,-0.1772876769315701,-0.18098982933817354,-0.18468149213016005,-0.1883665841362685,-0.19204904329259875,-0.1957328116775443,-0.19942182074468917,-0.20311997688083494,-0.20683114729423835,-0.2105591462076859,-0.2143077213139648,-0.21808054044525704,-0.22188117843306543,-0.22571310414721069,-0.22957966768952787,-0.23348408772312013,-0.23742943893021362,-0.24141863957950704,-0.2454544391652007,-0.2495394060789593,-0.25367591528495126,-0.2578661359678236,-0.2621120191223838,-0.2664152851058148,-0.2707774112870851,-0.27519962000857845,-0.2796828670155165,-0.28422783037728294,-0.28883489989364364,-0.2935041670595311,-0.29823541567992606,-0.3030281131338626,-0.3078814022417333,-0.31279409376144685,-0.3177646596056718,-0.32279122687058504,-0.32787157276453627,-0.33300312056801573,-0.33818293677563815,-0.3434077295340927,-0.3486738484813472,-0.3539772860594752,-0.3593136801838881,-0.3646783180079609,-0.370066140658615,-0.3754717490292876,-0.3808894107695693,-0.3863130685574063,-0.39173634960867076,-0.39715257622733446,-0.40255477722858757,-0.40793570028337456,-0.4132878253067318,-0.41860337879403176,-0.4238743488532464,-0.42909250084830575,-0.4342493937806964,-0.4393363974979394,-0.4443447106015057,-0.4492653787978256,-0.45408931355972726,-0.45880731119416396,-0.4634100724620893,-0.4678882226972405,-0.4722323321731636,-0.4764329365460398,-0.48048055740955675,-0.48436572304763104,-0.4880789893144666,-0.49161096039070173,-0.49495230918817157,-0.4980937973700179,-0.5010262950939719,-0.5037408006133433,-0.5062284597713784,-0.508480585203813,-0.5104886749580331,-0.5122444303843992,-0.5137397733401556,-0.5149668628195485,-0.5159181111211382,-0.5165861996209671,-0.5169640941858447,-0.5170450602533094,-0.516822677562466,-0.5162908543905615,-0.5154438410726101,-0.5142762426738443,-0.5127830308187029,-0.5109595547515084,-0.5088015517263216,-0.5063051568109884,-0.503466912171028,-0.5002837758964134,-0.49675313044262737,-0.49287279075434043,-0.4886410121168936,-0.48405649771878956,-0.479118405839138,-0.473826356592312,-0.46818043823843425,-0.46218121309636473,-0.4558297230823598,-0.4491274948903623,-0.4420765448161319,-0.43467938321333577,-0.4269390185799722,-0.4188589612385698,-0.41044322647927345,-0.4016963370141369,-0.3926233246559647,-0.3832297311839312,-0.37352160838138815,-0.3635055172382735,-0.3531885262750194,-0.34257820890278623,-0.33168263971701606,-0.32051038961059675,-0.3090705195575296,-0.29737257285555074,-0.2854265656366053,-0.2732429756589312,-0.26083272959647275,-0.2482071889923958,-0.23537813484972503,-0.22235775074586428,-0.20915860444861778,-0.1957936281344388,-0.18227609728296557,-0.16861960824008548,-0.15483805451012955,-0.1409456019229225,-0.1269566627306844,-0.11288586862648486,-0.09874804280116933,-0.08455817119380526,-0.07033137296326686,-0.05608287020931613,-0.04182795707405518,-0.027581968346190422,-0.013360247668423142,0.0008218845381122719,0.014949163325702841,0.029006411499487683,0.0429785717748743,0.056850738749005814,0.0706081905892475,0.08423642027705114,0.09772116630173144,0.11104844270275294,0.1242045683276416,0.13717619519273683,0.14995033578493633,0.16251438915450223,0.17485616581449648,0.18696391147020108,0.19882632942971412,0.21043260154346655,0.22177240770867002,0.23283594401289776,0.24361393938197295,0.2540976704825013,0.26427897481231355,0.27415026213037663,0.2837045244040155,0.29293534435606716,0.3018369025371399,0.31040398270693004,0.31863197535579246,0.3265168793592679,0.3340553018257353,0.3412444561919159,0.3480821586123781,0.35456682268011974,0.36069745254131647,0.3664736345144064,0.3718955273495652,0.37696385127369325,0.3816798759681177,0.38604540760405825,0.3900627750043526,0.39373481497120366,0.3970648568539019,0.40005670644367086,0.40271462924821577,0.40504333316695806,0.40704795056048937,0.4087340196737017,0.4101074653342067,0.41117457881797037,0.41194199677836707,0.4124166792167685,0.4126058866585751,0.41251715684001056,0.4121582811162625,0.4115372805958728,0.41066238194707694,0.4095419929714055,0.4081846782069434,0.406599134748177,0.4047941682411462,0.4027786689864854,0.40056158830000044,0.39815191537683603,0.3955586547059724,0.3927908039287402,0.38985733217680973,0.38676715908900405,0.38352913462643556,0.3801520196533872,0.37664446726986256,0.3730150050287264,0.3692720182000073,0.3654237340692319,0.3614782071686804,0.357443305512831,0.35332669802637184,0.34913584319288304,0.3448779787740648,0.3405601125327209,0.3361890141007109,0.33177120815051353,0.3273129688410634,0.3228203153666769,0.3182990085103725,0.3137545483087649,0.3091921729981095,0.3046168592481564,0.30003332352420387,0.2954460243727013,0.29085916546439705,0.28627669938912703,0.2817023323840928,0.27713953015696546,0.27259152478794846,0.2680613225629145,0.2635517125481641,0.25906527573407345,0.25460439459263995,0.2501712628927635,0.2457678956413929,0.24139613903155777,0.23705768024975526,0.2327540570322384,0.22848666701864317,0.22425677706449676,0.2200655326034635,0.215913967012888,0.21180301089304976,0.20773350120667544,0.20370619025121073,0.19972175443422202,0.19578080282353483,0.19188388544132806,0.1880315012585072,0.18422410583264082,0.1804621185195714,0.17674592919997423,0.17307590450065646,0.16945239351539243,0.16587573303390712,0.1623462522840171,0.1588642771822677,0.15543013408122874,0.15204415300497232,0.14870667035796714,0.14541803107074003,0.1421785901501238,0.13898871363217324,0.135848778967393,0.13275917490952338,0.12972030099600573,0.1267325666562371,0.12379638993837006,0.12091219585557411,0.11808041439087447,0.11530147824479542,0.1125758204097167,0.10990387160315152,0.1072860575428578,0.10472279604754675,0.1022144940121521,0.09976154436315454,0.09736432307470011,0.09502318627453832,0.09273846743451486,0.09051047462629214,0.08833948786208623,0.08622575661981813,0.08416949767057247,0.08217089325316351,0.08023008958235067,0.07834719567063075,0.0765222824545333,0.07475538224470313,0.0730464885752653,0.07139555657337837,0.06980250392927445,0.06826721244632239,0.06678953012040267,0.06536927373621637,0.06400623198290134,0.06270016908793252,0.061450828989912054,0.060257940126575704,0.05912122096665229,0.058040386386977616,0.057015154923142575,0.05604525683525452,0.055130442756556874,0.0542704925397004,0.05346522398099296,0.05271450130078392,0.05201824340345951,0.05137643201604192,0.05078911981797063,0.05025643862814633,0.04977860762404873,0.04935594137911181,0.04898885733285141,0.04867788240066773,0.04842365867216358,0.04822694824911622,0.04808863725569523,0.048009739026817044,0.04799139648282846,0.048034883755519786,0.04814160717391047,0.048313105678055024,0.048551050668265816,0.04885724524638846,0.049233622748346306,0.04968224446874814,0.050205296538969435,0.0508050859426703,0.05148403565758741,0.05224467894569074,0.053089652843439694,0.054021690933190314,0.05504361549297698,0.05615832907520257,0.057368805504552256,0.05867808028050092,0.06008924042117769,0.061605413867752645,0.06322975859194457,0.06496545147944488,0.06681567699523328,0.06878361560561075,0.07087243190699866,0.07308526240839086,0.07542520293185362,0.07789529562353437,0.08049851560685539,0.0832377573237082,0.08611582057964995,0.08913539628921541,0.09229905199520516,0.09560921739047501,0.09906817012464586,0.10267802206509913,0.1064407060526591,0.11035796314845925,0.11443133037229103,0.11866212891717254,0.12305145281103336,0.12760015800986224,0.13230885190981923,0.13717788325555347,0.14220733243940487,0.1473970022177653,0.15274640887125202,0.1582547738116915,0.16392101563607042,0.1697437426387367,0.17572124579091053,0.18185149220070684,0.18813211907882277,0.19456042822884,0.20113338107961454,0.20784759428837418,0.21469933594855206,0.22168452244125803,0.2287987159813767,0.2360371229141478,0.243394592820259,0.2508656184920852,0.2584443368424445,0.26612453080859666,0.2738996323057421,0.28176272622334153,0.2897065554068945,0.29772352658367396,0.30580571719897875,0.31394488312080426,0.32213246718914945,0.33035960860166114,0.33861715313509677,0.34689566423782736,0.35518543508152334,0.36347650169572177,0.3717586573020313,0.380021467927385,0.38825428934389095,0.39644628533464044,0.40458644714487235,0.4126636138560187,0.4206664934918791,0.4285836848215041,0.43640369988404615,0.44411498722097775,0.4517059556668386,0.4591649984251305,0.4664805171989457,0.4736409463120381,0.4806347768957977,0.4874505811920926,0.4940770367991334,0.5005029505090306,0.5067172815022047,0.5127091638914152,0.5184679286824121,0.5239831252015392,0.5292445420518703,0.5342422276840253,0.5389665106122195,0.5434080191249748,0.5475577002075198,0.5514068374579182,0.5549470679235995,0.5581703978672081,0.5610692174826823,0.5636363145911076,0.5658648873785239,0.5677485562216091,0.5692813745821539,0.5704578389520094,0.5712728978968826,0.5717219602722707,0.5718009026397297,0.5715060758636028,0.5708343108752985,0.5697829236407443,0.5683497194086442,0.5665329963235948,0.5643315484848017,0.5617446685410457,0.5587721498848595,0.5554142884246076,0.5516718838509931,0.5475462403307176,0.5430391666229326,0.5381529756548673,0.5328904836102311,0.5272550085835945,0.5212503688396168,0.5148808807017033,0.5081513560770432,0.5010670995864075,0.4936339051834864,0.4858580520820581,0.47774629983387484,0.4693058824517493,0.46054450148629655,0.45147031797192483,0.44209194325834034,0.43241842894580884,0.4224592562121572,0.41222432464297754,0.4017239404893971,0.3909688042231778,0.3799699972738111,0.3687389679480617,0.35728751672152725,0.345627781135029,0.3337722203672371,0.32173359939009316,0.30952497257779754,0.29715966675001937,0.2846512638243155,0.2720135833038171,0.2592606646527216,0.24640674943128715,0.23346626307605334,0.2204537963959794,0.2073840869774486,0.1942720005912406,0.18113251250868245,0.16798068853804438,0.1548316656639912,0.14170063241810027,0.1286028092880045,0.11555342934025958,0.10256771897402928,0.08966087863254302,0.07684806338949102,0.0641443635155241,0.05156478527679553,0.03912423216261374,0.026837486570414626,0.014719191876878313,0.00278383478760702,-0.008954272150582199,-0.020481007971135057,-0.03178246074021018,-0.042844945075621865,-0.05365501956642049,-0.06419950382350237,-0.07446549503043798,-0.08444038401596998,-0.09411187089751394,-0.10346798034686344,-0.11249707653941954,-0.12118787782916485,-0.12952947116598068,-0.13751132625633034,-0.14512330947341923,-0.15235569755191847,-0.15919919111422587,-0.16564492805860453,-0.17168449684032794,-0.17730994967771352,-0.1825138156804016,-0.18728911389052172,-0.19162936626207028,-0.1955286105899674,-0.19898141331961483,-0.20198288207377857,-0.20452867766293537,-0.2066150253447958,-0.20823872519447661,-0.2093971615742447,-0.21008831173553943,-0.21031075354972018,-0.21006367232722312,-0.2093468666766185,-0.20816075338733242,-0.2065063713738482,-0.2043853847169288,-0.20180008476237532,-0.19875339116962465,-0.19524885180739915,-0.1912906414398705,-0.18688355918637,-0.18203302476342031,-0.17674507351209456,-0.17102635019420376,-0.16488410153563393,-0.1583261674649279,-0.15136097095229673,-0.1439975063381027,-0.13624532602489836,-0.1281145253983027,-0.11961572589697056,-0.11076005630683028,-0.10155913254536131,-0.09202503621182956,-0.0821702919842906,-0.07200784378147773,-0.06155102962523529,-0.050813555313901304,-0.03980946712936628,-0.028553123684062598,-0.017059166828438777,-0.005342491524551463,0.006581785190277856,0.018698355842140302,0.030991754578273856,0.043446389672418206,0.056046576466521,0.0687765705205976,0.08162060069879828,0.09456290210825102,0.10758774886642897,0.12067948650289395,0.1338225637169117,0.14700156335060655,0.16020123260599917,0.1734065125566957,0.1866025668461262,0.1997748092844347,0.2129089301081919,0.22599092087571648,0.2390070980741399,0.2519441255104269,0.2647890354733633,0.2775292484439831,0.290152591015044,0.30264731183443416,0.3150020955622779,0.32720607487723896,0.3392488406135783,0.3511204501245899,0.36281143390611703,0.3743128004996876,0.38561603974038405,0.39671312440751905,0.4075965102874264,0.41825913466102804,0.4286944132811925,0.4388962359286879,0.4488589606289395,0.4585774066151771,0.46804684614119907,0.47726299526426175,0.4862220037054712,0.49492044386394696,0.5033552990654684,0.5115239511509841,0.519424167529074,0.5270540877828296,0.5344122098253408,0.5414973755582011,0.5483087560238076,0.5548458360611974,0.5611083984815508,0.567096507773897,0.5728104933344724,0.5782509322809446,0.5834186320764942,0.5883146132575945,0.5929400924484014,0.5972964657027688,0.6013852921629734,0.605208278015148,0.6087672607048162,0.6120641933808386,0.6151011295688988,0.6178802081539416,0.6204036388779031,0.6226736885962865,0.6246926684142835,0.6264629216903543,0.6279868128562853,0.6292667170023662,0.6303050101549701,0.6311040601738327,0.6316662182310537,0.6319938108233103,0.6320891322485522,0.6319544375235466,0.631591935750734,0.6310037839292448,0.6301920812024449,0.6291588635207574,0.6279060986895431,0.6264356817859422,0.6247494309094677,0.6228490832071074,0.6207362911328929,0.6184126189025889,0.6158795391054994,0.6131384294820847,0.6101905699325982,0.6070371398375869,0.6036792157132993,0.6001177691847275,0.5963536653094863,0.592387661310994,0.588220405733054,0.5838524380114833,0.5792841885125384,0.5745159791449126,0.5695480246397793,0.5643804345497685,0.5590132160401424,0.5534462775888116,0.5476794336782902,0.5417124104323605,0.5355448519741515,0.5291763272248673,0.5226063369708243,0.5158343211566248,0.508859666456722,0.5016817142482068,0.49429976911179097,0.4867131079295888,0.4789209895724653,0.47092266504830604,0.46271738784414396,0.45430442420526873,0.44568306323368034,0.43685262679559855,0.4278124793039666,0.4185620374969119,0.4091007803186173,0.39942825894928546,0.3895441069673993,0.3794480505117761,0.3691399181706032,0.3586196503548962,0.347887308102969,0.3369430813655825,0.3257872967880502,0.314420424972667,0.30284308721306274,0.29105606171115994,0.279060289298549,0.2668568786895733,0.25444711131096653,0.24183244576526164,0.22901452196103378,0.21599516492360493,0.2027763883005349,0.1893603975837337,0.17574959308160487,0.1619465726818632,0.14795413444997507,0.13377527909487696,0.11941321230628432,0.1048713469685083,0.09015330527706311,0.07526292079509034,0.06020424049066975,0.04498152677903988,0.029599259538485967,0.014062138023980708,-0.0016249173903801761,-0.017456763694553956,-0.03342803401972816,-0.04953313680167781,-0.06576625543309689,-0.08212134847214969,-0.09859215036377833,-0.11517217245580014,-0.13185470400863863,-0.14863281302564246,-0.16549934692529433,-0.18244693316335514,-0.19946797991261178,-0.21655467690419528,-0.233698996551567,-0.25089269548126225,-0.2681273165041702,-0.2853941908555484,-0.3026844404099265,-0.31998897970210294,-0.3372985177826422,-0.3546035600160593,-0.3718944099431738,-0.38916117137370065,-0.40639375094774977,-0.4235818614007414,-0.4407150255814827,-0.4577825810293916,-0.47477368488473104,-0.4916773190856958,-0.5084822959651802,-0.5251772644077874,-0.5417507166673872,-0.5581909957641358,-0.5744863032252994,-0.5906247070099226,-0.6065941496672664,-0.6223824569171086,-0.6379773468550738,-0.6533664398458043,-0.6685372689528393,-0.6834772907379545,-0.6981738964484734,-0.7126144237333065,-0.7267861689639403,-0.7406764000422825,-0.7542723694776257,-0.7675613276503483,-0.7805305363684099,-0.7931672828534246,-0.8054588941405783,-0.8173927516916635,-0.828956306044617,-0.8401370915199564,-0.8509227411425542,-0.8613010019291778,-0.8712597505271447,-0.8807870089900831,-0.8898709604954647,-0.8984999650186367,-0.9066625751144244,-0.9143475519274844,-0.9215438813927364,-0.928240790411138,-0.9344277628066493,-0.9400945550648743,-0.9452312119823105,-0.9498280823718943,-0.9538758349105692,-0.9573654740438116,-0.9602883556901531,-0.9626362025259212,-0.9644011188299686,-0.9655756050021012,-0.966152571883967,-0.9661253549916822,-0.9654877287597969,-0.9642339208937969,-0.9623586268659636,-0.9598570244269027,-0.9567247878761336,-0.9529581018910775,-0.9485536748557664,-0.9435087516994258,-0.9378211262583065,-0.9314891531798111,-0.924511759387201,-0.9168884550973289,-0.908619344386338,-0.8997051353136882,-0.8901471496099163,-0.8799473319421054,-0.869108258758537,-0.8576331466493841,-0.8455258601337192,-0.8327909188294029,-0.8194335040084866,-0.8054594645452795,-0.7908753222404741,-0.7756882764674558,-0.7599062080421319,-0.743537682218367,-0.7265919507670162,-0.7090789531389845,-0.6910093167266282,-0.6723943562074126,-0.6532460718426876,-0.6335771464797588,-0.6134009409644392,-0.5927314877269225,-0.5715834824264903,-0.5499722737179127,-0.5279138513043833,-0.5054248323034187,-0.4825224457901456,-0.4592245154913641,-0.43554944075455637,-0.4115161758590986,-0.3871442077175544,-0.3624535321081481,-0.3374646285749492,-0.31219843411450654,-0.28667631578857566,-0.2609200423643756,-0.23495175508831068,-0.2087939377242236,-0.1824693859437545,-0.1560011761548381,-0.12941263386377955,-0.10272730164818,-0.07596890683897328,-0.04916132900635972,-0.022328567348978368,0.004505291896045094,0.03131610795109907,0.058079717834580435,0.08477196843571022,0.11136874828008558,0.1378460189415449,0.16417984601025637,0.1903464295814956,0.21632213425229452,0.2420835185452006,0.2676073636899332,0.2928707017222152,0.3178508428034519,0.34252540168600376,0.36687232338681497,0.3908699081453335,0.41449683555261885,0.4377321876639826,0.46055547109281747,0.4829466382271548,0.5048861076310871,0.5263547835200839,0.5473340741262618,0.5678059088706036,0.587752754400725,0.6071576296534644,0.6260041201418929,0.6442763916134524,0.6619592031376911,0.6790379195657081,0.6954985231666129,0.711327624250977,0.7265124707492561,0.7410409568082912,0.7549016304594787,0.7680837004274537,0.7805770421764322,0.7923722032717464,0.8034604081239252,0.8138335622185053,0.8234842559210662,0.8324057678851773,0.8405920680981538,0.8480378206348931,0.8547383861588926,0.8606898241856413,0.8658888951517483,0.8703330623158578,0.874020493458751,0.8769500623568973,0.8791213500423254,0.8805346458479022,0.881190948188376,0.8810919649898068,0.8802401136899434,0.8786385207989582,0.8762910210509816,0.8732021561219128,0.8693771728160087,0.8648220206165149,0.859543348500047,0.8535485009032655,0.8468455127419077,0.8394431033886889,0.8313506694864259,0.8225782764413623,0.8131366485188565,0.8030371576521134,0.7922918111481323,0.7809132383197976,0.7689146759039929,0.7563099521548935,0.7431134697042339,0.7293401874080061,0.7150056012647354,0.7001257243094159,0.6847170654344197,0.6687966072726113,0.652381783294679,0.6354904541098989,0.6181408829280812,0.6003517102842224,0.5821419281419082,0.5635308533645897,0.544538100559727,0.5251835544174597,0.5054873416090047,0.48546980219510516,0.4651514605987188,0.4445529963357586,0.42369521463232473,0.40259901701644907,0.3812853720364231,0.35977528617323173,0.33808977487444736,0.3162498337024573,0.2942764097080257,0.2721903730845483,0.2500124890935851,0.22776339035700488,0.20546354970692704,0.1831332536889292,0.1607925766462941,0.1384613552843632,0.11615916380485203,0.09390528987017177,0.07171871155054532,0.049618075202261025,0.02762167414305594,0.005747428037309987,-0.015987136917615885,-0.03756490673664814,-0.058969197082475944,-0.08018376931723736,-0.10119284521881866,-0.12198112044571019,-0.14253377683048996,-0.16283649356883245,-0.18287545735637423,-0.2026373715085228,-0.22210946410447718,-0.24127949521376024,-0.2601357632314816,-0.2786671103164835,-0.2968629269361287,-0.3147131555273859,-0.3322082932794146,-0.3493393940417633,-0.36609806935411626,-0.3824764885717329,-0.398467378048899,-0.41406401936252024,-0.42926024655669437,-0.44405044236049207,-0.45842953333306014,-0.4723929838860883,-0.4859367891115838,-0.4990574663491856,-0.5117520454609519,-0.5240180579167131,-0.5358535249834588,-0.5472569453257705,-0.5582272821575813,-0.5687639499252981,-0.5788668004161579,-0.5885361081820548,-0.5977725552222779,-0.606577214865446,-0.6149515347924037,-0.6228973193268175,-0.6304167113374319,-0.6375121740316416,-0.6441864726542548,-0.6504426559585994,-0.6562840373506589,-0.6617141757105571,-0.6667368560795168,-0.6713560705637676,-0.6755759997406159,-0.67940099465131,-0.6828355593406883,-0.6858843338767997,-0.6885520777920604,-0.6908436538782112,-0.6927640122453127,-0.6943181746154679,-0.6955112190051054,-0.6963482650738726,-0.6968344603231387,-0.6969749671426868,-0.6967749506063043,-0.6962395669098882,-0.6953739523595033,-0.6941832128099605,-0.6926724134722093,-0.6908465690778485,-0.6887106344206586,-0.6862694952509258,-0.6835279594468489,-0.6804907483919678,-0.677162488547566,-0.6735477032383486,-0.6696508046254976,-0.6654760858223412,-0.6610277131610971,-0.6563097186457085,-0.651325992578542,-0.6460802763407187,-0.6405761553559728,-0.6348170522568211,-0.6288062202250444,-0.6225467365191193,-0.6160414962595269,-0.6092932065138754,-0.6023043806849415,-0.5950773332212123,-0.5876141746933214,-0.5799168072825367,-0.5719869207271131,-0.5638259887855384,-0.5554352662790478,-0.5468157867579677,-0.5379683608464632,-0.5288935753342443,-0.5195917930482992,-0.5100631535138191,-0.5003075744577856,-0.49032475425061506,-0.48011417535654743,-0.4696751088596045,-0.45900662018385674,-0.44810757613335994,-0.4369766533170534,-0.4256123479374736,-0.4140129867846625,-0.4021767391691853,-0.39010162958551575,-0.3777855510698487,-0.3652262793577066,-0.3524214879965939,-0.33936876450552944,-0.3260656274794371,-0.31250954435734,-0.29869794962633023,-0.28462826342166636,-0.2702979105566783,-0.2557043400097072,-0.24084504489129444,-0.22571758281087284,-0.21031959639748976,-0.19464883373590425,-0.17870316864079427,-0.16248062080892112,-0.14597937593546817,-0.1291978059241785,-0.11213448931136583,-0.09478823186476859,-0.07715808707559546,-0.059243376185804664,-0.041043707534797136,-0.02255899516940474,-0.0037894767678636754,0.015264269006436848,0.03460130562087471,0.0542203222223705,0.07411961763649799,0.09429708484986321,0.1147501959903039,0.13547598781492098,0.1564710477393092,0.17773150043056063,0.19925299493377224,0.22103069228809602,0.24305925363656655,0.2653328288829755,0.2878450459634294,0.31058900081070107,0.3335572481079794,0.35674179292920627,0.3801340833536244,0.40372500415031,0.4275048716504415,0.45146342988803667,0.4755898479452867,0.4998727183149825,0.5243000561286237,0.5488592992392682,0.5735373092643528,0.5983203737401013,0.6231942095652769,0.6481439679478669,0.6731542410698168,0.6982090705784358,0.7232919577883834,0.7483858753404533,0.7734732801924835,0.7985361280307757,0.8235558892254673,0.8485135662904568,0.8733897126938288,0.8981644529932993,0.9228175043853142,0.9473281996411487,0.9716755113257491,0.9958380773086262,1.019794227619279,1.0435220125865996,1.0669992321746733,1.0902034664977762,1.1131121074694335,1.135702391509085,1.157951433291558,1.1798362604955983,1.201333849446975,1.2224211616223215,1.2430751809841496,1.2632729520448436,1.2829916185775971,1.3022084628883874,1.3209009455403233,1.339046745458191,1.3566238003140327,1.3736103470670216,1.3899849625688532,1.4057266041276222,1.420814649914874,1.4352289391500648,1.4489498119774709,1.4619581489221503,1.4742354098291273,1.4857636721542136,1.4965256684801673,1.506504823199485,1.5156852882573943,1.5240519778036585,1.5315906017128285,1.5382876979564628,1.5441306636563539,1.5491077846188617,1.5532082633252529,1.5564222454267878,1.5587408446310391,1.560156165757654,1.5606613258951754,1.560250473777117,1.5589188075087819,1.5566625906882265,1.553479166828069,1.5493669718334715,1.5443255443110573,1.5383555336582972,1.531458705954222,1.523637947631208,1.514897266930106,1.505241793218147,1.494677774281456,1.4832125716634295,1.4708546540726033,1.4576135889090551,1.4435000320119968,1.4285257157078775,1.4127034351742438,1.3960470331395172,1.3785713829893567,1.3602923703109013,1.3412268727798562,1.3213927382389627,1.3008087608332346,1.2794946550566593,1.2574710276417775,1.2347593474461647,1.2113819135604373,1.1873618216865864,1.1627229287779173,1.1374898160803752,1.1116877507248688,1.085342645884019,1.0584810195497596,1.0311299521030861,1.0033170427903144,0.9750703651943482,0.9464184218516962,0.917390098120535,0.8880146153920521,0.8583214837978801,0.8283404545369848,0.7981014719204254,0.7676346252741837,0.7369701008649301,0.7061381339840267,0.6751689612748066,0.6440927734083886,0.6129396682443655,0.5817396045928689,0.5505223566781154,0.5193174693952969,0.48815421448678364,0.45706154780481256,0.42606806780093365,0.3952019753241487,0.36449103475963796,0.33396253654553476,0.30364326112898965,0.27355944441916336,0.24373674483025098,0.2142002120222415,0.18497425742427964,0.1560826266311679,0.1275483737098,0.09939383740350394,0.07164061928741461,0.04430956392830154,0.017420741050443667,-0.009006570214040721,-0.03495389489351908,-0.06040357360145521,-0.0853387718781633,-0.10974348741833495,-0.13360255518317388,-0.1569016505154508,-0.1796272903813687,-0.20176683272889306,-0.22330847388125363,-0.24424124400029967,-0.26455500080935224,-0.28424042174905395,-0.30328899455114566,-0.32169300609820084,-0.33944552954434215,-0.3565404098405338,-0.37297224790098227,-0.388736383657033,-0.4038288782126358,-0.41824649528415137,-0.4319866820134024,-0.44504754907960375,-0.45742784998060415,-0.46912695949053074,-0.48014485144402386,-0.49048207602316296,-0.5001397367178413,-0.5091194671359389,-0.517423407835004,-0.5250541833254943,-0.5320148793570141,-0.5383090205954915,-0.543940548816515,-0.5489138017167932,-0.5532334924286815,-0.5569046898241581,-0.5599327996718557,-0.5623235467087824,-0.5640829577010393,-0.5652173455317993,-0.5657332943018574,-0.565637645423692,-0.5649374847315727,-0.5636401306537238,-0.5617531234548068,-0.5592842154941025,-0.556241362424494,-0.5526327152538215,-0.5484666131738294,-0.5437515770865247,-0.5384963038314652,-0.5327096611428459,-0.5264006832895589,-0.5195785672654267,-0.5122526693774319,-0.5044325020697045,-0.496127730798797,-0.4873481707829086,-0.47810378348122384,-0.46840467275040254,-0.4582610808214014,-0.4476833843493395,-0.4366820906473876,-0.4252678339849396,-0.413451371744884,-0.40124358040297636,-0.3886554515063665,-0.3756980877566747,-0.36238269906542087,-0.34872059841978853,-0.33472319761115443,-0.3204020029843875,-0.30576861120501775,-0.2908347049393356,-0.27561204847967247,-0.26011248343677806,-0.2443479244910307,-0.22833035509250266,-0.21207182311697892,-0.19558443658829106,-0.1788803594719255,-0.16197180748179818,-0.14487104396263106,-0.12759037593390588,-0.11014215022464668,-0.09253874959938457,-0.07479258893181395,-0.05691611151664233,-0.03892178547432934,-0.020822100164537005,-0.002629562652742834,0.015643305657064843,0.033983972245543725,0.05237989675372745,0.0708185344485841,0.08928733977629122,0.10777376985242171,0.1262652879642232,0.1447493673266962,0.1632134952543467,0.18164517768108368,0.20003194381774847,0.21836135087933428,0.2366209890669424,0.25479848705889196,0.272881518125601,0.2908578067497629,0.30871513551806373,0.3264413521815115,0.3440243769724489,0.36145221034798425,0.378712941325702,0.39579475646454654,0.4126859493277024,0.42937493015453754,0.4458502356030465,0.4621005386065349,0.4781146584524478,0.4938815711961624,0.5093904204963025,0.5246305288200972,0.5395914087773122,0.5542627743388593,0.5686345518981142,0.5826968912866164,0.5964401768596161,0.6098550387148975,0.6229323640774282,0.6356633088923473,0.6480393096651298,0.6600520954729916,0.6716936999071024,0.6829564727049586,0.6938330909837518,0.7043165700855241,0.714400274064154,0.7240779258396373,0.7333436170257244,0.7421918174322215,0.7506173842409609,0.7586155708491447,0.7661820353681605,0.773312848749562,0.7800045025042195,0.7862539159849788,0.7920584432179183,0.7974158792991162,0.8023244663783018,0.8067828991987085,0.810790330090235,0.8143463732855594,0.8174511084533407,0.8201050833359389,0.8223093153480292,0.8240652920065727,0.8253749701111914,0.8262407737367852,0.8266655912877781,0.8266527718253087,0.8262061206741365,0.8253298942151659,0.824028793752575,0.8223079584075847,0.8201729571995529,0.8176297806046051,0.8146848317223743,0.8113449169222164,0.8076172357502855,0.803509370009067,0.7990292721613415,0.7941852533514719,0.788985971237274,0.7834404176227423,0.7775579057515642,0.7713480571235252,0.7648207878650979,0.7579862948717206,0.7508550419112083,0.7434377457027779,0.7357453618682825,0.7277890706270753,0.7195802621724283,0.7111305218480126,0.7024516153999087,0.6935554744932304,0.684454182450537,0.6751599600522624,0.6656851512369286,0.6560422085684792,0.6462436783950167,0.6363021856497184,0.6262304182883938,0.6160411115376618,0.6057470322657679,0.5953609636728885,0.5848956902921003,0.5743639832259149,0.5637785855679525,0.5531521979380685,0.5424974640221265,0.5318269560283468,0.5211531600049639,0.5104884609644031,0.49984512779212764,0.48923529802715393,0.478670962742207,0.46816395178445447,0.4577259195079648,0.4473683309993177,0.4371024487655788,0.4269393198532043,0.4168897633727795,0.40696435840773404,0.397173432277917,0.38752704913605385,0.37803499888214276,0.3687067863847062,0.3595516210087766,0.3505784064511275,0.34179573087382664,0.33321185731730907,0.32483471437596734,0.3166718871233627,0.30873060826196763,0.30101774948090565,0.2935398130412068,0.2863029235964021,0.27931282021273063,0.27257484856578884,0.2660939533273776,0.25987467075145076,0.25392112145679135,0.24823700340976984,0.2428255851027501,0.2376896989125754,0.23283173465066653,0.2282536333571059,0.2239568813667745,0.2199425046190271,0.2162110631894123,0.21276264607374173,0.20959686630305185,0.20671285646142934,0.20410926461214984,0.2017842506066927,0.19973548276507103,0.19796013492650388,0.19645488389402743,0.19521590734201766,0.1942388823011214,0.19351898433883719,0.1930508875022383,0.19282876506181879,0.19284629111334084,0.1930966430981087,0.1935725052888273,0.19426607327430645,0.19516905947325824,0.19627269970740713,0.19756776085388594,0.19904454961088192,0.2006929224552465,0.20250229689526833,0.20446166413135103,0.20655960326507739,0.20878429720981018,0.21112355045896436,0.21356480882470663,0.21609518107821657,0.21870146223985643,0.22137015829000006,0.22408751223574797,0.22683953161526205,0.22961201751839866,0.23239059499380943,0.23516074452455626,0.2379078343645631,0.24061715378045534,0.2432739472589489,0.24586344950122196,0.24837092089452995,0.2507816833039982,0.2530811561944333,0.2552548930313563,0.2572886177395759,0.25916826093929046,0.26087999581336874,0.2624102736471272,0.2637458590890418,0.26487386495774956,0.2657817862633962,0.26645753323125376,0.2668894633045724,0.2670664121707844,0.2669777238655513,0.2666132799332104,0.2659635273921026,0.2650195051239308,0.26377286847169046,0.2622159120412064,0.26034159073728347,0.2581435390354514,0.2556160884911023,0.25275428347439544,0.24955389511263348,0.2460114334706489,0.2421241580339597,0.23789008652852317,0.2333080020713041,0.22837745867393977,0.2230987851830193,0.21747308773639418,0.211502250748282,0.20518893640670655,0.19853658271173202,0.19154940014063015,0.18423236702543733,0.1765912236405427,0.16863246487945105,0.16036333132900182,0.15179179854604286,0.142926564389235,0.13377703439412159,0.12435330538804124,0.11466614761427252,0.10472698547565784,0.09454787684860833,0.08414149095384715,0.0735210849352157,0.06270047936141054,0.05169403272179807,0.040516614881873636,0.029183579588071495,0.017710736218965906,0.006114320840559628,-0.005589033525161824,-0.017382327405101705,-0.02924822598171062,-0.041169090670386765,-0.053127011128054846,-0.0651038375919768,-0.07708121335429041,-0.08904060727525831,-0.10096334639755611,-0.11283064866712067,-0.12462365562982569,-0.1363234650399292,-0.1479111634607193,-0.15936785888222715,-0.1706747131831463,-0.1818129742258705,-0.19276400756661616,-0.2035093278700728,-0.21403062996593292,-0.22430981933374738,-0.2343290418482482,-0.24407071276365144,-0.25351754503721224,-0.2626525770604715,-0.27145919964321763,-0.2799211819726679,-0.28802269641449385,-0.29574834219383916,-0.3030831680653918,-0.31001269411323307,-0.3165229327976036,-0.32260040927855727,-0.3282321809077615,-0.33340585562229563,-0.3381096089808935,-0.34233219979022067,-0.3460629844100396,-0.34929192978982826,-0.35200962526666046,-0.35420729320459543,-0.35587679855351695,-0.357010657357975,-0.3576020442407071,-0.3576447989004592,-0.3571334316607917,-0.3560631281042106,-0.35442975281586087,-0.352229852237528,-0.3494606566399625,-0.3461200812778671,-0.3422067268442248,-0.3377198793343581,-0.3326595093817133,-0.32702627110371907,-0.3208215005100712,-0.31404721353010956,-0.30670610368840556,-0.2988015394339456,-0.2903375611218877,-0.2813188776440825,-0.2717508627083518,-0.26163955077814904,-0.25099163268090763,-0.23981445088070075,-0.2281159943976263,-0.21590489331208573,-0.20319041274113658,-0.1899824461714914,-0.1762915080420413,-0.16212872545273882,-0.14750582885680785,-0.13243514157457525,-0.11692956797155318,-0.10100258025366315,-0.08466820403180009,-0.0679410028871672,-0.05083606203528035,-0.03336897104311731,-0.01555580549469937,0.0025868925075940297,0.0210421349932588,0.0397925097320595,0.058820202610270655,0.07810702077473053,0.09763441667192296,0.11738351299021588,0.13733512829912797,0.15746980319158155,0.1777678269583589,0.19820926490424284,0.2187739862144653,0.2394416921263698,0.2601919443140659,0.2810041935590917,0.30185780865743084,0.32273210534786045,0.34360637514507886,0.3644599141322402,0.38527205171217815,0.4060221791566221,0.4266897778028991,0.44725444689931493,0.46769593115833175,0.4879941479498626,0.5081292139605367,0.528081471232781,0.5478315126438531,0.5673602069200996,0.5866487231529476,0.6056785546155652,0.6244315417308925,0.642889894262133,0.6610362129140697,0.6788535104304216,0.6963252320272062,0.7134352748884041,0.730168006627899,0.7465082828550393,0.7624414640471286,0.777953431873037,0.7930306050525076,0.8076599548249206,0.8218290200235856,0.8355259215737973,0.8487393761546542,0.8614587088781462,0.8736738650038589,0.8853754208066107,0.8965545937294905,0.9072032519144599,0.9173139231446328,0.9268798032054235,0.9358947637004889,0.944353359397212,0.9522508351805996,0.9595831326427415,0.9663468962624435,0.9725394791333599,0.9781589482547375,0.983204089405973,0.9876744116052336,0.9915701511316897,0.9948922750384952,0.997642484048832,0.9998232147514443,1.00143764103953,1.0024896747506133,1.0029839654644874,1.0029258993779777,1.0023215971506332,1.001177910649588,0.9995024185429102,0.997303420655264,0.9945899309757351,0.991371669207048,0.9876590507321126,0.9834631748561193,0.9787958111829766,0.9736693840687067,0.9680969553000125,0.9620922052861047,0.9556694129558423,0.9488434343485892,0.941629679770621,0.9340440894469637,0.9261031077775215,0.9178236563650799,0.9092231058260012,0.9003192462829048,0.8911302565646295,0.8816746723267315,0.8719713532901494,0.8620394496164039,0.8518983673740905,0.8415677331965838,0.831067358362553,0.8204172024409857,0.8096373364728677,0.7987479056906466,0.7877690919593618,0.7767210761499612,0.7656240004775015,0.7544979307432342,0.7433628185590564,0.7322384638008685,0.721144477469096,0.7101002449290874,0.6991248894644997,0.6882372362506004,0.6774557770007377,0.6667986354635786,0.6562835337693258,0.6459277595383668,0.6357481337130793,0.625760979260825,0.6159820910485792,0.6064267070790024,0.5971094810802811,0.588044456373872,0.579245040931788,0.5707239835441271,0.5624933510404873,0.5545645065709337,0.5469480891353413,0.5396539946581456,0.5326913587659377,0.5260685412805159,0.5197931124191513,0.5138718406847786,0.5083106824052521,0.503114772871875,0.498288419059719,0.49383509396995606,0.48975743262489146,0.4860572297036967,0.4827354387906695,0.4797921731646966,0.47722670802238554,0.47503748406346347,0.47322211242141776,0.4717773809652783,0.4706992620180728,0.4699829215001756,0.46962272946596073,0.4696122720000204,0.4699443644330188,0.47061106583186785,0.47160369476089414,0.47291284635336694,0.47452841072916385,0.47643959280898684,0.47863493359554354,0.4811023329748707,0.48382907410025666,0.4868018494585158,0.4900067887099553,0.4934294883255319,0.4970550428859468,0.5008680777557828,0.5048527829046137,0.508992947841989,0.5132719977503939,0.5176730308750734,0.5221788570540085,0.5267720370956539,0.5314349227714743,0.5361496974064721,0.5408984171261793,0.5456630526618227,0.5504255314293687,0.5551677796547736,0.559871764544674,0.5645195365360962,0.5690932714500363,0.5735753122576313,0.577948210308449,0.5821947660554656,0.586298069270228,0.590241538518967,0.5940089596386215,0.5975845231796271,0.600952860860346,0.6040990808775675,0.6070088018001485,0.6096681849147814,0.6120639650528688,0.6141834799329331,0.6160146979616883,0.6175462442957951,0.6187674249120718,0.6196682485913172,0.6202394469190438,0.6204724924627172,0.6203596152221635,0.6198938172895794,0.6190688854675273,0.6178794015750881,0.6163207503308996,0.6143891248297706,0.6120815296623547,0.6093957817614708,0.6063305091088225,0.6028851474417181,0.5990599350563031,0.5948559057537821,0.5902748799364446,0.5853194538492588,0.5799929869923659,0.574299587774675,0.5682440974672431,0.5618320724663661,0.5550697648791143,0.547964101461865,0.54052266095281,0.532753649930477,0.5246658774319073,0.5162687285447802,0.5075721371161279,0.49858655769489957,0.4893229368033616,0.47979268359383553,0.47000763991547245,0.45998004977799667,0.4497225281616011,0.4392480291060039,0.42856981304096564,0.41770141346172096,0.4066566032424248,0.3954493608913552,0.38409383685988985,0.37260431987550646,0.3609952033430659,0.3492809520581446,0.3374760695230563,0.32559506596783194,0.31365242701794926,0.3016625830093318,0.28963987914652023,0.2775985467662494,0.2655526757930673,0.25351618831862766,0.24150281327344914,0.22952606229405603,0.21759920700939261,0.2057352579218943,0.1939469448597677,0.18224669884611444,0.17064663524448065,0.15915853820835935,0.14779384665430229,0.13656364195871618,0.1254786373959007,0.11454916918725644,0.10378518898465217,0.09319625764099726,0.08279154014011425,0.07257980155051769,0.06256940393515009,0.05276830431899526,0.04318405393657798,0.03382379889001896,0.024694282118190358,0.015801846461471314,0.007152438664817851,-0.0012483857698413203,-0.009395456954663928,-0.017283984274172326,-0.024909549402401865,-0.03226809878381687,-0.03935593570827223,-0.04616971211914489,-0.05270642028495587,-0.05896338443550064,-0.0649382524411024,-0.0706289876295969,-0.07603386085197172,-0.08115144287832265,-0.0859805971703338,-0.09052047309634048,-0.0947704997028751,-0.09873038015233249,-0.10240008689086011,-0.10577985759584863,-0.108870191990448,-0.11167184963967713,-0.11418584876615512,-0.11641346593881963,-0.11835623633486847,-0.12001595430621137,-0.12139467415500604,-0.12249471113739929,-0.12331864269318515,-0.12386930984003897,-0.12414981864932173,-0.12416354174145994,-0.12391411979017164,-0.12340546307677869,-0.12264175313890746,-0.12162744452246699,-0.12036726660380026,-0.1188662254101871,-0.11712960536966222,-0.11516297093807992,-0.11297216802299204,-0.11056332511261502,-0.10794285407362025,-0.10511745063237043,-0.10209409455062257,-0.09888004946741091,-0.09548286233345493,-0.09191036233184491,-0.08817065917550337,-0.08427214067386757,-0.08022346945438841,-0.07603357871298755,-0.07171166686386243,-0.06726719097939338,-0.06270985899713111,-0.05804962084822307,-0.053296658768687166,-0.04846137694413244,-0.04355439048884335,-0.03858651372943456,-0.03356874777037433,-0.02851226732643397,-0.023428406797279422,-0.018328645501362928,-0.013224591928413076,-0.00812796686418693,-0.0030505853399205307,0.001995662433863288,0.0069988308524528975,0.011946939208257845,0.016827992453741558,0.021630002478595145,0.02634100992278121,0.030949106453242337,0.035442457285924434,0.03980932371995749,0.04403808559210631,0.048117263655697684,0.05203554192476645,0.055781790011316446,0.059345085314902235,0.06271473476436995,0.0658802958955107,0.0688315972362048,0.07155875807810474,0.07405220775864763,0.07630270456240851,0.07830135421099982,0.0800396277146902,0.08150937833640626,0.08270285758742091,0.08361273031764682,0.0842320890099657,0.0845544673922376,0.0845738534710847,0.08428470208158956,0.08368194699870202,0.0827610125000362,0.08151782410629238,0.07994881824979672,0.0780509507669862,0.07582170419407674,0.0732590938716271,0.0703616728775458,0.06712853580687295,0.0635593214472081,0.05965421446379082,0.0554139462279295,0.050839794859143694,0.0459335845015687,0.04069768389251749,0.035135004318071594,0.029248997018740397,0.02304365006509812,0.016523484736573835,0.009693551435724146,0.0025594250615625924,-0.004872800318274528,-0.01259651760585001,-0.020604613658022686,-0.028889477096697647,-0.0374430068704541,-0.04625662151524068,-0.055321269103473014,-0.06462743786065772,-0.0741651674076067,-0.08392406058958812,-0.09389329587072126,-0.1040616402921728,-0.11441746300582878,-0.12494874938713707,-0.1356431157229494,-0.14648782447893893,-0.15746980014640855,-0.16857564565230376,-0.17979165931463825,-0.1911038523506079,-0.20249796699108913,-0.21395949528366032,-0.2254736986736532,-0.23702562843207176,-0.24860014698508337,-0.26018195023097235,-0.27175559084231793,-0.2833055023144695,-0.2948160234534072,-0.30627142317888456,-0.31765592569364287,-0.328953736140015,-0.34014906680004486,-0.35122616366241033,-0.3621693330477527,-0.3729629681600528,-0.3835915756713604,-0.39403980243488235,-0.40429246217328085,-0.41433456184122264,-0.4241513275148847,-0.4337282298807352,-0.44305100941040365,-0.4521057011271168,-0.46087865876160805,-0.469356578219184,-0.4775265204178538,-0.48537593349996655,-0.49289267424451566,-0.5000650284460093,-0.5068817301862651,-0.5133319801213929,-0.5194054629270397
-0.24457421442206595,-0.24984109472217852,-0.2548386932729869,-0.25956043072900314,-0.2640000052362339,-0.2681514086456076,-0.272008942399367,-0.27556723317087517,-0.2788212481704093,-0.28176630986526874,-0.28439810991976344,-0.2867127223605124,-0.28870661608908676,-0.29037666676758533,-0.29172016786105104,-0.2927348405383441,-0.29341884233505766,-0.29377077467798074,-0.2937896893809082,-0.2934750942020088,-0.2928269575804734,-0.29184571266398507,-0.29053226064468163,-0.2888879732515264,-0.28691469413207216,-0.28461473896136624,-0.2819908943065883,-0.2790464153179215,-0.27578502227125057,-0.27221089599487414,-0.2683286722341478,-0.264143435000463,-0.25966070895902504,-0.25488645093408024,-0.24982704061098815,-0.24448927050828217,-0.23888033530743513,-0.23300782060823622,-0.22687969112313766,-0.22050427832866148,-0.2138902676315766,-0.20704668509188906,-0.1999828837221287,-0.1927085294258788,-0.18523358666197254,-0.1775683038497391,-0.1697231984676364,-0.16170904179318057,-0.15353684324922767,-0.14521783433179536,-0.13676345204233087,-0.12818532167507612,-0.11949523879955137,-0.11070515034562334,-0.10182713490066675,-0.09287338254865318,-0.08385617453062366,-0.07478786275029847,-0.06568084897757132,-0.05654756361840185,-0.04740044411045119,-0.038251913173368735,-0.02911435706626264,-0.020000103803425873,-0.010921401207056647,-0.0018903948156037131,0.00708089413809887,0.01598059048385636,0.02479698659728058,0.03351856362905181,0.04213401232064484,0.05063225316435194,0.059002455856656866,0.0672340581891433,0.07531678441974776,0.08324066294479593,0.09099604308769216,0.09857361098634243,0.10596440457375422,0.11315982746094022,0.12015166145294387,0.126932077607961,0.1334936459867606,0.1398293442691667,0.14593256517898112,0.15179712246525412,0.15741725529977657,0.16278763116372374,0.16790334738365686,0.1727599314988808,0.17735334057333318,0.18167995934692982,0.18573659698633094,0.1895204823144283,0.19302925758211842,0.1962609709272769,0.1992140676733669,0.2018873806316961,0.20428011958302505,0.2063918600978738,0.2082225318394606,0.20977240648025486,0.21104208536217328,0.21203248703174182,0.21274483476347683,0.21318064418640148,0.21334171111787015,0.21323009960341466,0.2128481300322278,0.2121983671872627,0.2112836081996008,0.21010687046005216,0.20867137954487447,0.2069805572017387,0.20503800944648987,0.20284751484257413,0.20041301302513403,0.19773859348102008,0.19482848460015134,0.19168704305711515,0.1883187435652971,0.1847281689926703,0.18092000082592818,0.17689901003104325,0.17267004837055566,0.16823804017771948,0.16360797454458265,0.1587848978766715,0.15377390681801018,0.14858014163279876,0.1432087801155646,0.1376650320104389,0.13195413388146449,0.12608134439289387,0.12005193998217578,0.11387121090468355,0.10754445760809972,0.10107698738354998,0.09447411122684457,0.08774114083941242,0.08088338570546227,0.07390615017827429,0.06681473051937559,0.059614411854703064,0.0523104650091355,0.04490814316294944,0.037412678260530186,0.02982927709826555,0.022163117029244006,0.01441934119163335,0.006603053122596236,-0.0012806892578112183,-0.009226880072091603,-0.017230572080769946,-0.025286883427163787,-0.03339100465199607,-0.041538206042190495,-0.049723845199480365,-0.05794337461306043,-0.06619234915767436,-0.07446643361144112,-0.08276141022316352,-0.09107318617001425,-0.09939780073407434,-0.10773143220892933,-0.11607040461100127,-0.12441119409878354,-0.13275043489949212,-0.14108492468707823,-0.14941162947413744,-0.15772768797091175,-0.16603041522945716,-0.1743173054757321,-0.18258603423142006,-0.19083445985200598,-0.199060624407565,-0.2072627536975702,-0.21543925632403216,-0.22358872195309232,-0.2317099189064109,-0.23980179102296262,-0.2478634535799955,-0.2558941881598713,-0.2638934365418777,-0.2718607937961721,-0.27979600076882605,-0.2876989361306457,-0.29556960814998234,-0.3034081462816829,-0.3112147924922297,-0.31898989211764217,-0.3267338841361749,-0.33444729089587355,-0.342130707377585,-0.3497847900623867,-0.3574102454954158,-0.36500781863772147,-0.3725782810927498,-0.38012241933960667,-0.3876410231075553,-0.39513487394305,-0.40260473394045704,-0.41005133461480625,-0.4174753659783903,-0.42487746594274967,-0.4322582101368724,-0.43961810216348596,-0.44695756427837097,-0.45427692846448053,-0.46157642786344866,-0.4688561885494167,-0.47611622168692236,-0.48335641613712,-0.4905765315434749,-0.4977761919125214,-0.5049548797210477,-0.5121119305933135,-0.5192465286082779,-0.526357702319153,-0.5334443215705562,-0.5405050951444892,-0.547538569227477,-0.554543126721164,-0.5615169873966295,-0.5684582088222783,-0.5753646879869052,-0.5822341635317088,-0.5890642184653387,-0.5958522832282895,-0.6025956389854557,-0.6092914210174669,-0.615936622087105,-0.6225280957877359,-0.6290625600844777,-0.6355366012918111,-0.6419466785598402,-0.6482891287834676,-0.6545601718017053,-0.6607559157357485,-0.6668723623225361,-0.6729054122450862,-0.6788508706636591,-0.6847044531708235,-0.6904617922140446,-0.6961184438710717,-0.7016698948193323,-0.7071115693346925,-0.7124388361629883,-0.7176470152162508,-0.7227313842584024,-0.7276871858396419,-0.7325096345830389,-0.7371939247362604,-0.7417352378462283,-0.7461287504215548,-0.7503696414515844,-0.7544530996435554,-0.7583743302677135,-0.7621285616489217,-0.7657110515449972,-0.7691170936722287,-0.7723420244612527,-0.7753812299795086,-0.7782301529216795,-0.7808842995752983,-0.7833392466785369,-0.7855906480896806,-0.7876342411938069,-0.78946585297426,-0.7910814056756479,-0.7924769220044681,-0.7936485298293405,-0.7945924663381589,-0.7953050816181815,-0.7957828416442823,-0.7960223306452576,-0.7960202527884945,-0.7957734331457971,-0.7952788179607282,-0.7945334742982908,-0.793534589232948,-0.7922794687493848,-0.7907655364564476,-0.7889903321462697,-0.7869515102154665,-0.7846468379599472,-0.7820741937531608,-0.7792315651124824,-0.7761170466396692,-0.7727288378367732,-0.7690652408531236,-0.7651246582418523,-0.7609055907957512,-0.7564066355275614,-0.751626483879015,-0.7465639202833714,-0.7412178212221932,-0.7355871549120394,-0.7296709817106333,-0.7234684551635766,-0.7169788234343031,-0.7102014309003977,-0.7031357199027255,-0.6957812327716724,-0.6881376142915059,-0.6802046147345351,-0.6719820934598033,-0.663470022888923,-0.6546684926385211,-0.6455777137577883,-0.6361980231946092,-0.6265298886611319,-0.6165739139840198,-0.6063308448144653,-0.5958015744389087,-0.5849871495545358,-0.5738887760728701,-0.5625078251064224,-0.5508458392667634,-0.5389045392400575,-0.5266858304090221,-0.5141918092843483,-0.5014247696898124,-0.4883872087818304,-0.47508183301578555,-0.4615115641826364,-0.44767954563601364,-0.4335891488132475,-0.41924398005647134,-0.4046478875318371,-0.389804967947434,-0.3747195729027766,-0.35939631485157975,-0.3438400726874633,-0.32805599695833365,-0.31204951474239095,-0.2958263342358549,-0.27939244908099425,-0.26275414243463047,-0.24591799078342547,-0.22889086753273347,-0.21167994637016818,-0.19429270434911672,-0.17673692462218327,-0.1590206987990328,-0.14115242894381907,-0.12314082920186564,-0.10499492698181712,-0.08672406361149143,-0.0683378944365387,-0.04984638834745425,-0.031259826712251026,-0.012588801740065492,0.006155785641752232,0.024962728328723927,0.04382051599411341,0.06271733849934691,0.0816410898234281,0.10057937260346961,0.11951950341070017,0.13844851890779353,0.15735318305831925,0.1762199955774122,0.19503520178147227,0.21378480386700005,0.2324545734540635,0.25103006515338677,0.2694966310518936,0.2878394361913834,0.3060434751182797,0.32409358939742106,0.34197448588444246,0.35967075569965345,0.37716689400457426,0.3944473206247068,0.41149640138660004,0.42829847000695054,0.4448378505494617,0.46109888058024495,0.4770659350208106,0.49272345052371946,0.5080559502299522,0.5230480688985821,0.5376845783906603,0.5519504133560744,0.5658306969174447,0.5793107662892467,0.5923761984478659,0.6050128359549234,0.6172068128312205,0.6289445802044327,0.6402129315293408,0.6509990274042536,0.6612904200681555,0.6710750774838914,0.6803414067755824,0.6890782768926158,0.697275040530478,0.7049215553624677,0.7120082045637801,0.7185259164592637,0.7244661830180092,0.7298210770072089,0.7345832677935462,0.7387460358798279,0.7423032862870116,0.7452495608863217,0.7475800497773832,0.7492906017915146,0.7503777341869622,0.7508386415999482,0.75067120429852,0.7498739957248262,0.7484462892068748,0.7463880636800084,0.743700008324538,0.7403835260986398,0.7364407361810095,0.7318744753445046,0.7266882982679661,0.7208864767970837,0.7144739981963184,0.7074565624616511,0.6998405787535091,0.6916331609398938,0.6828421221700438,0.6734759684169447,0.6635438909997191,0.6530557581393452,0.6420221055875146,0.6304541263377104,0.6183636594040678,0.6057631776126513,0.5926657743162238,0.5790851489618021,0.5650355914594627,0.5505319652743808,0.5355896891590533,0.5202247175455881,0.5044535198216309,0.4882930588204104,0.4717607687090606,0.454874532247004,0.43765265730640834,0.42011385257846,0.40227720252543975,0.38416214182023367,0.3657884295376661,0.34717612318255675,0.3283455524720367,0.309317292767453,0.29011213815863357,0.2707510743804562,0.2512552518111093,0.23164595865318205,0.211944594208191,0.19217264212244345,0.1723516436431325,0.15250317111757994,0.1326488019359502,0.11281009291254662,0.0930085549686126,0.07326562802850844,0.05360265622595506,0.03404086363627101,0.014601330654414824,-0.004695029050402866,-0.02382749115427174,-0.04277554292680463,-0.06151890496508372,-0.08003755219090891,-0.09831173405246574,-0.11632199407596744,-0.1340491889473796,-0.15147450719921807,-0.16857948741621698,-0.18534603576851083,-0.20175644274850413,-0.21779339914918694,-0.23344001144113946,-0.24867981675507878,-0.2634967975875995,-0.2778753961085414,-0.29180052780631627,-0.30525759433329824,-0.31823249560383005,-0.3307116412466726,-0.3426819614955008,-0.35413091763555116,-0.36504651218642437,-0.3754172990071041,-0.3852323933659889,-0.39448148176397524,-0.40315483119298534,-0.4112432976641145,-0.41873833403260363,-0.4256319972143743,-0.4319169548493491,-0.43758649139861205,-0.44263451365717543,-0.4470555557210645,-0.4508447834802354,-0.45399799870281043,-0.4565116427813436,-0.45838280021941813,-0.45960920191746624,-0.4601892282863602,-0.46012191220784615,-0.4594069418447475,-0.4580446632626405,-0.45603608281214747,-0.4533828692458286,-0.450087355565401,-0.44615254059595344,-0.44158209026326745,-0.4363803385344198,-0.4305522879921213,-0.4241036100182711,-0.41704064451334943,-0.4093703989965576,-0.4011005468966218,-0.3922394248896097,-0.3827960291893575,-0.37278001072458977,-0.3622016691758958,-0.3510719458709346,-0.33940241551297845,-0.32720527665622967,-0.3144933408046455,-0.3012800200397763,-0.2875793131058515,-0.2734057898434301,-0.2587745738999203,-0.24370132385215015,-0.22820221304528587,-0.2122939083580846,-0.1959935478914332,-0.17931871748013606,-0.16228742594847745,-0.1449180791488942,-0.12722945300087218,-0.1092406657867997,-0.09097114978915499,-0.07244062218520497,-0.05366905516293485,-0.03467664543675397,-0.015483783441702315,0.00388897766715246,0.023420953274538192,0.043091358897449084,0.06287934202570256,0.08276401397475297,0.10272448154708513,0.12273987846597834,0.1427893966564966,0.1628523173960943,0.182908042161948,0.20293612288942597,0.22291629149349035,0.24282848869725626,0.26265289226111577,0.2823699446060317,0.3019603796364976,0.3214052484782428,0.3406859439560961,0.3597842238065496,0.37868223271185997,0.39736252325455723,0.41580807586838375,0.4340023178519914,0.4519291415197131,0.46957292156391617,0.4869185316725222,0.5039513603443382,0.5206573257229721,0.5370228892764217,0.5530350682912726,0.5686814472536028,0.583950188187579,0.5988300399831559,0.6133103467255481,0.6273810550687813,0.6410327207008208,0.6542565139146461,0.6670442243084196,0.6793882646388596,0.6912816738260332,0.7027181191158931,0.7136918974184354,0.7241979358236037,0.7342317912875842,0.7437896494870841,0.7528683228228203,0.761465247527191,0.769578479856591,0.7772066914021494,0.7843491635508499,0.7910057810712772,0.7971770247405416,0.8028639629378773,0.8080682422048042,0.8127920768118955,0.8170382373466225,0.8208100383142067,0.8241113247426313,0.8269464577713066,0.8293202991988196,0.8312381949817151,0.8327059576695106,0.8337298477429584,0.834316553906767,0.8344731725791519,0.834207186901196,0.8335264454305289,0.8324391405040359,0.8309537862353409,0.829079196142601,0.8268244603832926,0.824198922547744,0.8212121559833179,0.817873939725132,0.8141942342867665,0.8101831576721921,0.8058509618950538,0.8012080101391277,0.7962647546022197,0.7910317150355439,0.7855194579830993,0.7797385767170297,0.773699671868215,0.7674133327610093,0.7608901194680939,0.7541405456050043,0.7471750618842634,0.74000404045659,0.7326377600749012,0.7250863921104056,0.717359987441597,0.7094684642380926,0.7014215966772213,0.6932290046399245,0.6849001443999398,0.676444300253138,0.6678705769768172,0.6591878930117545,0.6504049743141564,0.641530348844924,0.632572341635047,0.6235390703586035,0.6144384413509982,0.6052781460098373,0.5960656575293442,0.5868082279393647,0.5775128854447047,0.5681864320942722,0.558835441827263,0.5494662589326609,0.5400849969479609,0.530697538012241,0.5213095326958239,0.5119264003562378,0.5025533300527911,0.4931952819963854,0.4838569894311604,0.47454296072962165,0.4652574814760939,0.45600461647266144,0.4467882117301798,0.4376118964963993,0.42847908531712875,0.4193929801055134,0.41035657222845145,0.4013726446819419,0.39244377443995404,0.3835723350164386,0.37476049924098476,0.3660102422413587,0.3573233446255415,0.3487013958518048,0.34014579777834086,0.3316577683898885,0.32323834569506005,0.3148883917833061,0.30660859703696275,0.2983994845064615,0.29026141447355513,0.2821945892190243,0.274199057986273,0.2662747221411834,0.25842134055535837,0.250638535224482,0.24292579708019701,0.2352824919314358,0.22770786649386565,0.2202010544786006,0.21276108271963068,0.20538687733880323,0.19807726995206565,0.19083100392547436,0.18364674071207077,0.17652306631896408,0.16945849794157652,0.16245149076124932,0.1555004448582764,0.1486037121689776,0.1417596034372508,0.13496639515651765,0.12822233650958026,0.12152565627558687,0.11487456963937603,0.10826728484208559,0.10170200963639786,0.095176957544723,0.08869035392557123,0.08224044180106915,0.07582548737077133,0.06944378518160477,0.06309366294810559,0.056773485967603676,0.050481661036833714,0.04421663981359103,0.03797692161200672,0.031761055591573495,0.02556764225720798,0.019395334264054043,0.01324283672429516,0.007108907338228221,0.0009923565626266395,-0.00510795213726567,-0.011193101942062356,-0.017264122218691114,-0.023321987990257753,-0.029367619445508808,-0.035401881570855664,-0.041425583926375964,-0.04743948059483927,-0.05344427038578203,-0.059440597381012594,-0.06542905179373548,-0.07141017091336721,-0.07738443982488263,-0.08335229174893755,-0.08931410804801487,-0.09527021797545387,-0.10122089817230773,-0.10716637188644995,-0.11310680792718131,-0.11904231942161658,-0.12497296246423417,-0.13089873474824287,-0.13681957423366242,-0.14273535785192593,-0.14864590022041568,-0.15455095235115124,-0.1604502003564079,-0.16634326416883027,-0.17222969631878726,-0.17810898085101456,-0.18398053247040735,-0.189843695962729,-0.19569774589535172,-0.2015418865935601,-0.2073752523927226,-0.21319690817772852,-0.21900585023291086,-0.22480100742991738,-0.23058124277846304,-0.23634535534882417,-0.2420920825615127,-0.24782010285849765,-0.2535280387843386,-0.25921446044130647,-0.2648778891158514,-0.2705168007568446,-0.2761296290631705,-0.2817147680949361,-0.2872705744068398,-0.2927953687168028,-0.2982874371093871,-0.3037450317739854,-0.309166371296115,-0.3145496405131567,-0.31989298994322724,-0.3251945348205041,-0.33045235377105087,-0.33566448714604746,-0.34082893503705947,-0.3459436550088597,-0.3510065595823946,-0.3560155135011627,-0.36096833082194735,-0.36586277186436433,-0.37069654003735053,-0.3754672785682516,-0.38017256718195114,-0.38480991877460013,-0.38937677611071564,-0.3938705085690799,-0.39828840897150286,-0.40262769053624226,-0.406885484009301,-0.41105883502493157,-0.4151447017125989,-0.41913995255190883,-0.4230413645059983,-0.42684562148585314,-0.4305493132030094,-0.4341489344659806,-0.4376408849596345,-0.4410214695585637,-0.4442868992514093,-0.4474332927192606,-0.4504566785403412,-0.45335299795547,-0.4561181081483596,-0.4587477860508784,-0.46123773273384217,-0.4635835784169444,-0.4657808880562939,-0.4678251674549472,-0.4697118698950504,-0.47143640331549364,-0.47299413801757595,-0.47438041485127513,-0.4755905538623182,-0.47661986338815865,-0.4774636495564053,-0.4781172261460611,-0.4785759248175552,-0.47883510571028154,-0.47889016835036813,-0.47873656281137045,-0.4783698011111994,-0.4777854688179701,-0.4769792368185719,-0.4759468732277128,-0.4746842554202999,-0.47318738215140854,-0.47145238573023107,-0.4694755442087626,-0.4672532935199811,-0.4647822395257677,-0.46205916997794816,-0.4590810663686469,-0.455845115612604,-0.45234872152193617,-0.4485895160760194,-0.44456537049639167,-0.4402744060744084,-0.435715004660743,-0.4308858187817677,-0.42578578141301193,-0.4204141154503134,-0.41477034290097947,-0.40885429378540294,-0.40266611467610147,-0.3962062767654544,-0.38947558340433375,-0.38247517711849355,-0.3752065461224845,-0.36767153035235367,-0.35987232704413685,-0.35181149586262705,-0.3434919635726317,-0.33491702826743364,-0.32609036317442985,-0.3170160200384444,-0.30769843207425396,-0.2981424164885098,-0.288353176565316,-0.27833630326964,-0.26809777629623,-0.25764396449990556,-0.2469816256616184,-0.23611790558462786,-0.22506033655065494,-0.21381683514302807,-0.2023956993968241,-0.19080560524379564,-0.17905560225275963,-0.16715510865753913,-0.15511390565479388,-0.14294213097385722,-0.1306502717183733,-0.1182491564502186,-0.10574994647070213,-0.09316412626623816,-0.08050349311941574,-0.06778014591252912,-0.05500647312562279,-0.04219513999176172,-0.0293590747644501,-0.016511454044966456,-0.0036656871097306976,0.009164600815182666,0.021965586378215107,0.03472326708136109,0.04742348146218234,0.06005193041549717,0.07259419940210421,0.08503578121781175,0.09736209914346716,0.10955853048221798,0.12161043054697274,0.1335031571788008,0.14522209582545997,0.15675268499020945,0.16808044171812497,0.1791909869081536,0.19007007043583002,0.20070359617104572,0.21107764695929632,0.22117850951806162,0.23099269903048025,0.24050698314619723,0.24970840522763638,0.2585843068713274,0.26712234983710204,0.27531053746198353,0.28313723538733626,0.29059119124935506,0.2976615531165976,0.30433788669953543,0.31061019145177227,0.31646891565242896,0.321904970511099,0.3269097433406003,0.3314751098812536,0.33559344581873063,0.3392576373636942,0.3424610906462249,0.34519773979945256,0.3474620537797364,0.34924904200826035,0.35055425891465575,0.3513738074830499,0.3517043419001311,0.3515430693828776,0.35088775125193905,0.34973670331922335,0.34808879565719053,0.3459434517949731,0.34330064736150945,0.3401609081840036,0.3365253078246653,0.33239546453084756,0.32777353762446637,0.3226622233977423,0.31706475057031724,0.3109848753383986,0.3044268760380575,0.2973955474620027,0.28989619487516904,0.28193462775301725,0.27351715326276604,0.26465056952080346,0.2553421586423923,0.24559967958178675,0.23543136077473292,0.2248458925818113,0.21385241950972755,0.20246053221271865,0.19068025927289511,0.1785220587273244,0.16599680931422967,0.15311580141069214,0.13989072763225607,0.1263336730652327,0.1124571050657508,0.09827386253978432,0.08379714465463195,0.06904049898237474,0.05401780916800192,0.03874328229669288,0.023231436094917512,0.007497086019085941,-0.008444667753906288,-0.024578453441506554,-0.040888640901343365,-0.057359355075256246,-0.0739744897553436,-0.09071772180571713,-0.10757252596009437,-0.12452219033904299,-0.14154983280271694,-0.15863841805210654,-0.1757707752108857,-0.19292961571864709,-0.21009755159136745,-0.22725711418252104,-0.24439077351425453,-0.26148095810263783,-0.27851007508790104,-0.2954605305535125,-0.31231475007516707,-0.32905519956813123,-0.345664406369373,-0.36212498038238294,-0.378419635191797,-0.39453120917870166,-0.41044268664858663,-0.4261372188536825,-0.4415981447370001,-0.45680901137255603,-0.47175359424702634,-0.4864159174800875,-0.5007802738687772,-0.5148312445403462,-0.5285537181192126,-0.5419329094658423,-0.5549543780199926,-0.5676040455987845,-0.5798682134222588,-0.5917335783071849,-0.6031872481663783,-0.6142167569652273,-0.624810079122085,-0.6349556431445862,-0.6446423443054883,-0.6538595563527991,-0.6625971423811023,-0.670845465019049,-0.6785953960908273,-0.6858383258610559,-0.6925661718184557,-0.6987713867592973,-0.7044469658675823,-0.7095864526276756,-0.7141839435808919,-0.7182340920063197,-0.7217321106083432,-0.7246737732923094,-0.7270554161014857,-0.7288739373803921,-0.7301267972284151,-0.7308120162956584,-0.7309281739513551,-0.7304744058534425,-0.7294504009611202,-0.7278563980166766,-0.7256931814978174,-0.7229620770370531,-0.719664946307013,-0.7158041813630263,-0.7113826984192002,-0.7064039310233312,-0.7008718225914805,-0.6947908182663127,-0.6881658560625041,-0.6810023572763129,-0.6733062162158774,-0.6650837894026935,-0.6563418843946565,-0.6470877483084578,-0.6373290560532894,-0.6270738982642428,-0.6163307689069555,-0.6051085525017683,-0.5934165109513003,-0.5812642699985631,-0.5686618052848758,-0.5556194278882671,-0.5421477692040497,-0.5282577650626479,-0.5139606391033951,-0.49926788565525015,-0.4841912524613292,-0.4687427233957351,-0.4529345011236785,-0.43677898962387474,-0.4202887765101977,-0.4034766151006792,-0.38635540632479604,-0.36893818075956375,-0.3512380810615383,-0.3332683448447611,-0.3150422878828536,-0.29657328748042033,-0.277874765924345,-0.2589601740631764,-0.23984297523614373,-0.22053662982150257,-0.20105458054153758,-0.18141023849518234,-0.1616169697847738,-0.14168808257296206,-0.12163681444109642,-0.10147632005676854,-0.08121965937802145,-0.0608797866857671,-0.04046954054923191,-0.020001634643605826,0.0005113506941398782,0.021056976245532155,0.04162295110567982,0.06219713943999494,0.08276756697782162,0.10332242733316122,0.12385008805583197,0.14433909616466423,0.16477818296743152,0.18515626816057562,0.20546246331739582,0.22568607488104675,0.24581660673045747,0.26584376232237616,0.28575744641275946,0.3055477664385009,0.325205033699163,0.34471976447980524,0.3640826812245379,0.38328471382280327,0.4023170010321522,0.4211708920830546,0.4398379485390578,0.45830994639953815,0.47657887826918,0.4946369553698631,0.5124766092547688,0.530090493160813,0.5474714829916678,0.5646126779654139,0.5815074009645969,0.5981491986372021,0.6145318413006962,0.630649322652701,0.6464958592612149,0.6620658898451097,0.6773540743983446,0.6923552932246508,0.7070646459677974,0.721477450722233,0.7355892432608968,0.7493957763443078,0.7628930190470555,0.7760771560911408,0.7889445871993317,0.8014919263888416,0.8137160010457833,0.8256138506803907,0.8371827253710293,0.8484200839609173,0.8593235920616209,0.8698911198448229,0.8801207395520407,0.8900107226978164,0.8995595370014655,0.9087658430830317,0.9176284909526515,0.9261465163303768,0.9343191368235964,0.942145747979545,0.9496259192453778,0.9567593898652262,0.9635460647173062,0.969986010101735,0.9760794495152609,0.9818267594361743,0.9872284651129704,0.9922852363475272,0.9969978832792208,1.0013673521742419,1.0053947212150192,1.0090811962866795,1.0124281067551664,1.01543690122638,1.0181091432880294,1.0204465072405782,1.0224507737914692,1.0241238256740317,1.0254676431826368,1.0264842996176284,1.0271759566249727,1.0275448594387413,1.027593332033085,1.0273237721512203,1.0267386461633947,1.025840483729688,1.0246318722557533,1.0231154511188336,1.0212939056365755,1.0191699607890854,1.0167463748425831,1.014025933168675,1.0110114425108492,1.0077057258036604,1.0041116175732157,1.0002319599264098,0.9960695991328947,0.9916273828035642,0.9869081576587817,0.9819147678830618,0.9766500540839473,0.9711168528621243,0.9653179969513985,0.9592563158804666,0.95293463715646,0.9463557879816022,0.9395225974822949,0.9324378994164491,0.9251045353144036,0.9175253580085965,0.9097032355555825,0.9016410555994554,0.8933417301830957,0.8848082009272531,0.8760434444861289,0.8670504782609569,0.8578323663975738,0.8483922260588699,0.8387332339029427,0.8288586326867247,0.8187717379454611,0.8084759446970011,0.7979747340845336,0.7872716798733208,0.7763704547716443,0.7652748365793371,0.7539887141416841,0.7425160930777324,0.7308611013204072,0.7190279945486822,0.7070211615317987,0.6948451293441025,0.6825045684318027,0.6700042975733354,0.6573492887867189,0.644544672169495,0.6315957406054054,0.6185079543013998,0.6052869451369389,0.5919385207318371,0.578468668064005,0.564883556500007,0.5511895401617863,0.5373931595812422,0.5235011426160909,0.5095204046289865,0.4954580479950863,0.4813213610319593,0.46711781636984995,0.45285506869788605,0.4385409517946215,0.42418347473149254,0.4097908171210136,0.39537132329318325,0.3809334953225303,0.3664859849475661,0.3520375846132069,0.3375972179062714,0.32317392946445267,0.3087768742600403,0.29441530615786604,0.280098565791576,0.26583606797751713,0.25163728891275383,0.2375117532352391,0.2234690208500183,0.20951867341044306,0.1956703004889917,0.1819334856524577,0.16831779268068914,0.1548327519907602,0.14148784713425044,0.12829250119768432,0.1152560630894115,0.1023877938990978,0.08969685352352741,0.07719228757343188,0.06488301444172606,0.052777812429290805,0.04088530697560344,0.02921395823121742,0.017772049221655095,0.00656767465341801,-0.0043912697934729295,-0.015097097908423507,-0.025542343219314034,-0.035719768911377514,-0.0456223770978994,-0.055243417294647656,-0.06457639414787764,-0.07361507458006145,-0.08235349457314811,-0.09078596577052167,-0.09890708199143461,-0.1067117257058996,-0.11419507443434185,-0.121352606868399,-0.12818010844961947,-0.13467367627042393,-0.14082972330302113,-0.14664498203408982,-0.1521165076164479,-0.15724168063742638,-0.162018209578207,-0.16644413303695416,-0.17051782177688324,-0.17423798061743412,-0.17760365014724755,-0.18061420823585195,-0.1832693713478264,-0.1855691956753205,-0.18751407811407717,-0.18910475713040853,-0.19034231358334353,-0.19122817157405336,-0.1917640993558507,-0.19195221025588438,-0.19179496353786618,-0.1912951651504713,-0.1904559682667113,-0.18928087345492628,-0.1877737283247285,-0.18593872651653953,-0.1837804058850807,-0.18130364578433955,-0.17851366357911047,-0.17541601063499712,-0.17201656789173114,-0.1683215409352954,-0.16433745441728576,-0.16007114568589031,-0.15552975766201627,-0.15072073118759732,-0.1456517969921336,-0.14033096719015958,-0.13476652615148055,-0.12896702070079868,-0.12294124976572363,-0.11669825364037223,-0.11024730290348117,-0.10359788688685256,-0.09675970158716041,-0.08974263706002716,-0.08255676447817706,-0.07521232297739999,-0.06771970623725565,-0.06008944868226962,-0.052332211294640274,-0.044458767169977875,-0.03647998695272747,-0.028406824143651477,-0.02025030014549145,-0.012021488960293425,-0.0037315016591819017,0.0046085291092339276,0.012987464403501292,0.021394174107641106,0.029817552017505022,0.038246530946103974,0.04667009769683972,0.055077307621296256,0.06345729858121985,0.07179930434232062,0.0800926675160838,0.08832685216152925,0.09649145617073174,0.10457622358106278,0.11257105692064329,0.12046602954515606,0.1282513977517894,0.13591761245704959,0.14345533035433533,0.15085542454466605,0.1581089946583063,0.16520737652395212,0.17214215148021594,0.1789051554070724,0.18548848750256752,0.19188451882986612,0.19808590070108067,0.20408557296388352,0.2098767722040833,0.21545303984880348,0.22080823019597062,0.22593651841525997,0.230832408506096,0.23549074117917002,0.23990670169286687,0.24407582768173341,0.24799401694603063,0.2516575351564114,0.2550630234498996,0.258207505874374,0.2610883966121804,0.2637035069116962,0.2660510516218366,0.2681296551773755,0.2699383569114957,0.2714766156566881,0.2727443136442673,0.2737417596966907,0.2744696916690117,0.2749292780829933,0.27512211886654825,0.27505024506689324,0.27471611741678004,0.2741226236547192,0.2732730744695786,0.27217119795104594,0.2708211325949961,0.2692274191118216,0.2673949912692919,0.26532916580124777,0.2630356312752582,0.260520435835339,0.25778997386845504,0.2548509717816785,0.251710473067682,0.24837582269271508,0.24485465071853696,0.2411548551034315,0.23728458381783923,0.23325221649688643,0.22906634569855555,0.2247357577118052,0.2202694129422227,0.21567642602536807,0.2109660457805873,0.20614763498377187,0.20123064990786332,0.19622461973441574,0.19113912609832795,0.1859837829465576,0.1807682166928828,0.17550204658447655,0.17019486527910743,0.16485621980199028,0.1594955931320854,0.15412238652516663,0.1487459025054747,0.14337532840259115,0.13801972037828136,0.13268798807695958,0.12738888015358896,0.12213097081676239,0.11692264735360425,0.11177209853903491,0.10668730381812708,0.10167602313146062,0.09674578725372385,0.09190388854263176,0.08715737200268592,0.08251302655037307,0.07797737645480396,0.07355667312585012,0.06925688750225589,0.06508370315703615,0.06104251007160855,0.05713839898531603,0.053376156262672225,0.04976025927029326,0.04629487228400109,0.04298384291315216,0.039830698984857804,0.03683864584602503,0.034010564090898754,0.031349007754229774,0.028856202987235235,0.026534047185940324,0.024384108543188177,0.022407626051965224,0.020605510038272712,0.01897834328851644,0.017526382782840244,0.016249562018586516,0.015147493948227009,0.01421947461240336,0.013464487529383007,0.01288120883031496,0.012468013113348775,0.012222980039311437,0.012143901769114507,0.0122282913992251,0.012473392524746885,0.012876189994059928,0.013433421894987418,0.014141592795695601,0.014996988169400538,0.015995689789868095,0.017133591870120313,0.018406417866017932,0.019809737986847153,0.021338987468226378,0.022989485571081048,0.02475645507076507,0.026635041887274724,0.028620334648380208,0.03070738420039021,0.0328912231798455,0.03516688567985682,0.037529426826210965,0.039973941960226966,0.04249558526748842,0.0450895878717219,0.047751275446820785,0.050476085308815755,0.05325958276385023,0.05609747638240492,0.05898563198641682,0.06192008531783699,0.06489705344883845,0.0679129450052045,0.07096436925456118,0.07404814410818261,0.07716130310305402,0.08030110142808411,0.08346502103389497,0.08665077484906902,0.08985631009757356,0.0930798106535633,0.0963196983278749,0.09957463301532243,0.1028435117086488,0.10612546643651655,0.10941986120108993,0.11272628799365236,0.11604456198790558,0.11937471601785177,0.12271699439140349,0.12607184603952248,0.12943991699373214,0.13282204217863836,0.13621923650661927,0.13963268527653128,0.1430637338719407,0.14651387673506377,0.1499847456451775,0.15347809752329766,0.15699580214577935,0.16053983007152794,0.16411224088758303,0.16771517176890427,0.17135082633260623,0.17502146375940697,0.17872938813599148,0.18247693797881936,0.18626647593683288,0.19010037874011942,0.1939810275406515,0.19791079880163664,0.20189205581919367,0.2059271408865797,0.2100183680843557,0.2141680166690847,0.21837832501654475,0.2226514850724115,0.2269896372743716,0.23139486587892577,0.23586919457144262,0.24041458223883438,0.24503291883011968,0.24972602127293442,0.2544956294254419,0.2593434020302041,0.2642709126447471,0.26927964554199946,0.2743709915820034,0.27954624405769835,0.28480659447709655,0.29015312817621464,0.29558681964461186,0.30110852750265593,0.30671898912324025,0.312418814889007,0.31820848205342145,0.32408832818314437,0.3300585441884465,0.33611916700994726,0.3422700721569427,0.3485109663886732,0.3548413807628066,0.36126066413184077,0.3677679771048048,0.374362286487262,0.3810423602048445,0.3878067627115911,0.39465385087682847,0.4015817703366267,0.40858845231651486,0.4156716109456795,0.4228287410716831,0.430057116588479,0.4373537892862416,0.44471558822117174,0.45213911961342745,0.45962076724997303,0.46715669330271226,0.4747428394688029,0.4823749283847576,0.4900484653143735,0.4977587401589929,0.5055008298520534,0.5132696011683393,0.5210597139397919,0.5288656246344203,0.5366815902337905,0.5445016723715739,0.5523197417405541,0.560129482791865,0.5679243987603186,0.5756978170521379,0.5834428950272539,0.5911526262420068,0.5988198472450676,0.6064372449625992,0.6139973646623176,0.6214926185334306,0.6289152949703123,0.636257568593912,0.6435115108625524,0.6506691009866685,0.6577222369674232,0.6646627467927928,0.6714823999264112,0.6781729192185608,0.6847259933002263,0.6911332893581843,0.6973864660302098,0.7034771862114155,0.7093971297682913,0.7151380062817267,0.7206915679646144,0.7260496228745765,0.7312040483997109,0.736146804788973,0.7408699484738008,0.7453656451068582,0.7496261823955237,0.7536439828474997,0.7574116165408711,0.7609218140047176,0.7641674792107267,0.7671417024862066,0.7698377730384749,0.7722491909236311,0.7743696785192711,0.7761931916616689,0.7777139306188658,0.7789263510432036,0.7798251750121423,0.780405402223991,0.780662321304078,0.7805915210227923,0.7801889011851344,0.7794506830612775,0.7783734193413423,0.7769540036450806,0.7751896796402917,0.7730780498043757,0.7706170838278652,0.7678051266631698,0.764640906241354,0.7611235408705284,0.7572525463064466,0.7530278424839878,0.7484497599023427,0.7435190456549208,0.7382368690989054,0.7326048271535299,0.7266249492066308,0.7202997016096333,0.7136319917381542,0.7066251715894438,0.6992830408740431,0.6916098495459337,0.6836102997123632,0.6752895468682638,0.666653200407616,0.6577073233505075,0.6484584311901997,0.6389134897546498,0.6290799119942392,0.6189655536118011,0.6085787074303326,0.5979280963735789,0.5870228649455385,0.5758725692105102,0.5644871654947963,0.5528769981365045,0.5410527864720152,0.5290256110543794,0.5168068990065535,0.5044084083794402,0.4918422113656291,0.47912067622544896,0.46625644785031284,0.45326242704020814,0.44015174872847496,0.42693775938949585,0.41363399368161424,0.4002541502245833,0.3868120665091368,0.3733216931699488,0.3597970679106197,0.34625228917962403,0.3327014895146476,0.3191588085375443,0.30563836582161485,0.29215423393599593,0.2787204117708839,0.26535079803950623,0.2520591649162256,0.23885913199072206,0.2257641407858486,0.21278742995713174,0.19994201113105703,0.1872406453110287,0.17469581995328554,0.1623197269545571,0.150124241671719,0.1381209028932915,0.12632089360732834,0.11473502243566713,0.10337370571792093,0.09224695044198228,0.08136433835591816,0.07073501148037309,0.060367659020876374,0.050270505567816315,0.040451300453987926,0.03091730814310978,0.02167529953281644,0.01273154406647592,0.004091802562044222,-0.0042386793229098885,-0.012255177077250323,-0.019953492857005983,-0.02732996060240822,-0.03438145076036392,-0.04110537451285978,-0.04749968735887222,-0.053562891976191906,-0.05929404037912889,-0.06469273539738651,-0.06975913146894896,-0.0744939347355924,-0.07889840245585589,-0.08297434174978235,-0.08672410767440653,-0.09015060063475033,-0.09325726313461757,-0.09604807586271846,-0.09852755311305117,-0.10070073752991959,-0.10257319414315447,-0.10415100363765362,-0.10544075479676707,-0.10644953605545027,-0.10718492608808816,-0.10765498337975998,-0.10786823475407914,-0.10783366281314244,-0.10756069226275145,-0.10705917512067487,-0.10633937475043354,-0.10541194859495562,-0.10428792947043775,-0.1029787053354525,-0.10149599758253913,-0.09985183806897169,-0.09805854516423551,-0.09612869897604526,-0.09407511577006744,-0.09191082152543828,-0.08964902456099821,-0.08730308729970915,-0.08488649743771504,-0.08241283878900418,-0.0798957618734093,-0.07734895416498233,-0.07478611001023694,-0.07222090046209928,-0.06966694332671608,-0.06713777350930172,-0.06464681357525848,-0.06220734453118126,-0.059832477054136746,-0.057535123462443494,-0.05532797053228222,-0.053223453066074455,-0.05123372812865057,-0.04937065008641639,-0.047645746783217646,-0.04607019710416438,-0.04465480993356863,-0.04341000436818376,-0.04234579102519831,-0.041471754352222945,-0.040797036036714474,-0.04033031978184454,-0.04007981764918611,-0.040053257977426426,-0.04025787478862952,-0.040700398569512686,-0.041387048312138575,-0.042323524719158456,-0.043515004490330966,-0.04496613559998508,-0.046681033483373824,-0.04866327806745829,-0.05091591158976172,-0.053441437153132654,-0.05624181796853378,-0.059318477249540535,-0.06267229874017488,-0.06630362785199395,-0.0702122733662165,-0.07439750963332159,-0.0788580791721003,-0.08359219560581721,-0.08859754698145395,-0.09387129958856377,-0.0994101023876297,-0.10521009211372956,-0.11126689908676468,-0.11757565377069312,-0.12413099413841167,-0.13092707387853153,-0.13795757144902865,-0.14521569994141714,-0.15269421768417857,-0.16038543954515205,-0.16828124897611474,-0.17637311090755503,-0.18465208561573832,-0.1931088436616406,-0.20173368196624608,-0.21051654102226536,-0.21944702311969877,-0.22851441132153383,-0.23770768894159033,-0.24701555946845843,-0.25642646701256666,-0.26592861734710027,-0.2755099995720087,-0.28515840834006667,-0.2948614664444875,-0.30460664754987476,-0.31438129901038536,-0.3241726648705523,-0.3339679091010481,-0.343754138907606,-0.3535184278171144,-0.3632478383706257,-0.37292944447255394,-0.3825503535393011,-0.3920977285069398,-0.4015588095555813,-0.4109209353065353,-0.4201715633653791,-0.42929829024580357,-0.43828887075620315,-0.44713123682804223,-0.4558135155961054,-0.46432404653100434,-0.472651397602327,-0.48078438060060336,-0.4887120657913613,-0.4964237960018778,-0.503909200025177,-0.5111582050899983,-0.5181610482698886,-0.5249082868980892,-0.5313908081270213,-0.5375998377630395,-0.5435269485090117,-0.5491640677669665,-0.5545034851097057,-0.5595378593616545,-0.5642602250434976,-0.5686639979365395,-0.5727429796945316,-0.5764913615676832,-0.5799037273429803,-0.5829750556028372,-0.5857007213845407,-0.5880764973100199,-0.5900985542570112,-0.5917634616365248,-0.5930681873359518,-0.5940100973813642,-0.5945869553490937,-0.5947969215096265,-0.5946385516285062,-0.5941107953435107,-0.5932129940903508,-0.5919448785819625,-0.5903065658543909,-0.5882985559144132,-0.585921728036098,-0.5831773367612527,-0.5800670077024677,-0.576592733276243,-0.5727568684364286,-0.5685621263893523,-0.5640115742598937,-0.559108628710618,-0.5538570515318568,-0.5482609452572689,-0.5423247488889871,-0.5360532337768973,-0.5294514996395137,-0.5225249706776722,-0.5152793917138823,-0.5077208243025382,-0.49985564276200023,-0.49169053006813357,-0.483232473589311,-0.4744887607219965,-0.4654669744986819,-0.45617498916288923,-0.4466209656250655,-0.4368133466810491,-0.42676085186752744,-0.41647247183464486,-0.4059574621229203,-0.3952253362167042,-0.38428585775344004,-0.37314903188210735,-0.36182509596560664,-0.3503245098810197,-0.3386579459839538,-0.3268362786123973,-0.31487057297474763,-0.3027720733573105,-0.29055219077855554,-0.2782224903258381,-0.26579467825524006,-0.2532805887206351,-0.24069216997552445,-0.22804147005580688,-0.2153406221310803,-0.2026018296890939,-0.18983735153344128,-0.17705948649637548,-0.16428055792450635,-0.15151289816845548,-0.13876883323023037,-0.12606066752451994,-0.11340066868539367,-0.10080105248937343,-0.08827396801858356,-0.07583148306325427,-0.06348556963857277,-0.05124808949601345,-0.03913077965257372,-0.027145238140484196,-0.015302910174902706,-0.0036150747579810627,0.007907168419286847,0.019252911934927397,0.030411453444962433,0.04137230816871096,0.0521252209319627,0.06266017781281619,0.07296741752937663,0.08303744271839264,0.0928610311498872,0.10242924670678377,0.11173344984349143,0.12076530737211044,0.12951680162218793,0.13798023908503154,0.14614825864885006,0.15401383953682313,0.16157030905537795,0.1688113502234856,0.1757310092414457,0.1823237025921003,0.18858422353818582,0.19450774791996395,0.20008983926287982,0.20532645321688392,0.21021394135392057,0.2147490543475712,0.2189289445464766,0.22275116796443228,0.2262136857217385,0.22931486494915987,0.2320534791457547,0.23442870798341175,0.23644013654097762,0.23808775395225013,0.23937195147732382,0.24029352002185078,0.24085364712968982,0.24105391347229954,0.24089628885570846,0.24038312778128557,0.23951716460783956,0.23830150834005792,0.23673963703811296,0.23483539183441593,0.232592970555622,0.23001692097373194,0.22711213371915306,0.22388383487265173,0.2203375782485537,0.2164792373765465,0.21231499715640467,0.2078513451041033,0.2030950620605978,0.19805321224475136,0.19273313255497015,0.18714242101323464,0.18128892427956345,0.17518072434149445,0.1688261246779419,0.16223363615494435,0.15541196269569468,0.14836998663918166,0.14111675373363397,0.13366145788562278,0.12601342594654596,0.11818210273968788,0.11017703632403908,0.1020078633886925,0.09368429471503958,0.08521610082374309,0.07661309808194261,0.06788513546538866,0.059042081964605586,0.05009381451610295,0.04105020635279999,0.03192111581084589,0.022716375820571955,0.013445784327181798,0.0041190957169305875,-0.0052539868349583685,-0.01466381823679086,-0.024100817710902334,-0.033555474505746474,-0.04301835321140146,-0.052480098775546935,-0.06193144121142069,-0.07136319986302198,-0.08076628708464995,-0.09013171130880693,-0.0994505795964642,-0.10871409979055358,-0.11791358232555638,-0.1270404416894948,-0.13608619756402618,-0.14504247573314188,-0.1539010088769288,-0.16265363734488858,-0.17129230994212463,-0.17980908471550094,-0.18819612974931488,-0.19644572403407068,-0.20455025847728336,-0.21250223706134364,-0.22029427811992974,-0.22791911576966584,-0.23536960157304776,-0.24263870645172858,-0.24971952282231769,-0.25660526695630637,-0.26328928159183107,-0.26976503879886593,-0.2760261430904549,-0.28206633480237286,-0.28787949375774247,-0.29345964318623885,-0.2988009538690619,-0.3038977485408836,-0.3087445065818599,-0.3133358689710093,-0.31766664347374274,-0.32173181007911467,-0.32552652671366644,-0.3290461352564549,-0.33228616783535614,-0.335242353333534,-0.3379106240703962,-0.34028712268447947,-0.3423682092669935,-0.3441504687989152,-0.34563071893736463,-0.3468060181908683,-0.34767367453309816,-0.34823125448748726,-0.3484765926073621,-0.34840780108103075,-0.3480232790800173,-0.34732172159291963,-0.3463021276811631,-0.34496380817235206,-0.3433063928056299,-0.34132983682511764,-0.33903442701643627,-0.3364207872041973,-0.3334898832758526,-0.33024302783384485,-0.32668188448634794,-0.3228084715593127,-0.318625164872131,-0.3141346993249101,-0.3093401692629385,-0.3042450277103512,-0.2988530845634685,-0.2931685037873777,-0.28719579965743236,-0.2809398321136314,-0.27440580128371295,-0.26759924121542156,-0.26052601288455435,-0.253192296551191,-0.24560458351066217,-0.23776966729530358,-0.2296946343887285,-0.22138685449957052,-0.21285397045154042,-0.2041038877419865,-0.19514476380387435,-0.1859849970052423,-0.17663321542379862,-0.16709826544114748,-0.1573892001906998,-0.1475152678799745,-0.1374859000152,-0.12731069955329133,-0.11699942899691251,-0.10656199844542158,-0.09600845361946142,-0.08534896387471491,-0.07459381020785827,-0.06375337326986141,-0.05283812140378785,-0.04185859870180764,-0.030825413081693398,-0.01974922437883464,-0.008640732427643627,0.0024893348872296883,0.013630233619949195,0.024771215785698075,0.03590154139529744,0.04701049050241579,0.05808737527392793,0.06912155210408599,0.08010243383761662,0.09101950216678745,0.1018623202138258,0.1126205453269904,0.12328394218329208,0.13384239626143568,0.1442859276014019,0.15460470459140652,0.1647890574724329,0.17482949139421322,0.18471669900724663,0.19444157260044648,0.20399521581585844,0.21336895503821296,0.22255435058555406,0.2315432077437407,0.2403275874863553,0.2488998165755234,0.2572524968012573,0.26537851327667283,0.27327104181322426,0.2809235554486662,0.28832983023020375,0.2954839503656288,0.30238031283634825,0.3090136315516929,0.3153789410425958,0.32147159952165083,0.32728729107948595,0.33282202690440243,0.33807214553610265,0.343034312218613,0.347705517409139,0.3520830744706842,0.35616461657146914,0.3599480928198133,0.36343176368654184,0.36661419582457455,0.36949425643278744,0.3720711072788774,0.3743441984464084,0.37631326187742076,0.37797830482976025,0.37933960336083317,0.38039769582734806,0.3811533762476387,0.3816076873484491,0.38176191319789154,0.38161757141285335,0.3811764050022006,0.3804403739381996,0.37941164650396786,0.3780925904300645,0.3764857638824708,0.3745939063892223,0.372419929737859,0.3699669088838533,0.36723807296304045,0.3642367964641906,0.36096659058411973,0.35743109482402247,0.3536340688800479,0.34957938482735784,0.34527101958803996,0.3407130477029483,0.3359096344295267,0.330865029182668,0.3255835593622365,0.3200696246165009,0.3143276915514974,0.3083622888882118,0.3021780031136885,0.2957794746782625,0.289171394731234,0.2823585023688864,0.27534558242055596,0.26813746381124304,0.2607390185006153,0.25315516097661117,0.24539084829875435,0.2374510807133703,0.2293409028551352,0.22106540549366116,0.2126297276957274,0.20403905922137255,0.19529864303373756,0.1864137779130175,0.17738982118849833,0.16823219156339064,0.15894637197894923,0.14953791244206371,0.14001243274709196,0.13037562505251543,0.12063325630361987,0.11079117052239695,0.10085529097433721,0.09083162217928731,0.08072625173191739,0.07054535192072109,0.06029518112313781,0.049982084914191205,0.03961249679436207,0.02919293843349635,0.018730019330199354,0.008230435788149748,-0.002299030886966591,-0.01285151707443788,-0.023420080459573,-0.03399770444907091,-0.044577303078817465,-0.05515172617930375,-0.06571376475939417,-0.07625615668839458,-0.08677159278470725,-0.09725272342405589,-0.10769216570407991,-0.11808251098755562,-0.12841633250427975,-0.13868619281393535,-0.1488846511337627,-0.15900427063243683,-0.1690376258021118,-0.1789773099923977,-0.18881594312444605,-0.19854617942860386,-0.20816071489985433,-0.21765229426885924,-0.2270137174905571,-0.23623784583188723,-0.24531760765644606,-0.25424600402050856,-0.26301611418351456,-0.2716211011209566,-0.280054217119762,-0.28830880946181736,-0.29637832605781256,-0.3042563208258926,-0.31193645870568076,-0.31941252035631607,-0.32667840666211845,-0.3337281431364829,-0.3405558842710903,-0.34715591787942657,-0.3535226694673739,-0.35965070661706733,-0.3655347433608753,-0.3711696445620092,-0.3765504303719922,-0.38167228085358573,-0.3865305408138511,-0.3911207248274877,-0.3954385224031469,-0.39947980327512056,-0.40324062284812356,-0.40671722784506414,-0.4099060621804185,-0.41280377301661275,-0.4154072169335876,-0.4177134661908113,-0.41971981511718326,-0.42142378665402447,-0.4228231390175097,-0.4239158724125147,-0.4247002357503362,-0.4251747333684506,-0.4253381317808973,-0.425189466474329,-0.4247280487015743,-0.4239534721789724,-0.42286561961755353,-0.42146466907316693,-0.41975110013797234,-0.41772570000203046,-0.41538956939864136,-0.41274412843949904,-0.40979112234079196,-0.40653262702998205,-0.40297105462519056,-0.39910915878465403,-0.39495003990845134,-0.3904971501662118,-0.38575429834039454,-0.38072565446942264,-0.3754157542422334,-0.36982950308673423,-0.3639721799036195,-0.3578494403981196,-0.35146731996423597,-0.3448322360666154,-0.3379509900530664,-0.3308307683284184,-0.32347914281503876,-0.31590407061592884,-0.3081138928224121,-0.30011733246833927,-0.29192349164500797,-0.28354184773295543,-0.27498224865623655,-0.2662549070732183,-0.2573703934786664,-0.24833962822098954,-0.23917387240596355,-0.22988471765981444,-0.22048407475428178,-0.21098416106751472,-0.20139748681823733,-0.19173684001361835,-0.18201527003956386,-0.17224606981518065,-0.16244275644962158,-0.15261905034707013,-0.1427888527919947,-0.1329662222598671,-0.1231653497997911,-0.11340053369437442,-0.1036861534160991,-0.09403664282130109,-0.08446646252197354,-0.07499007145433723,-0.06562189785084627,-0.05637630995745013,-0.047267586748048984,-0.038309888701732575,-0.029517228608384016,-0.02090344237041819,-0.012482159902276635,-0.004266776444055154,0.0037295753532760045,0.01149405240822432,0.019014127275511328,0.02627761335782708,0.0332726893022226,0.03998792261645434,0.04641229254158219,0.05253521215635004,0.05834654950192686,0.06383664739821171,0.06899634175177027,0.07381697831877432,0.07829042792089069,0.08240910012201397,0.0861659553903209,0.08955451575549489,0.09256887398373692,0.09520370135432188,0.09745425415869136,0.09931637904123392,0.10078651725780219,0.10186170785003412,0.1025395897176935,0.10281840262184971,0.10269698718794018,0.10217478399354718,0.10125183182373831,0.09992876516112403,0.09820681096244499,0.09608778476781055,0.09357408619780472,0.09066869388848886,0.08737515989188438,0.08369760355416389,0.07964070487541619,0.07520969733619864,0.07041036015046842,0.0652490099069496,0.059732491577300095,0.05386816887553891,0.04766391398715086,0.041128096720512985,0.03426957309453371,0.0270976732961401,0.019622188916969208,0.01185335943409882,0.0038018579207559355,-0.004521224085678455,-0.013104392644180507,-0.02193576842540068,-0.031003104619529154,-0.04029380553468087,-0.04979494558452302,-0.05949328845608193,-0.06937530644074741,-0.07942720000330894,-0.08963491766781573,-0.09998417632040457,-0.11046048202946679,-0.1210491514662877,-0.13173533400492232,-0.1425040344546531,-0.15334013615839126,-0.16422842416798744,-0.175153608410902,-0.1861003469238156,-0.19705326926121103,-0.20799700018419287,-0.2189161836657476,-0.2297955070575739,-0.2406197251279707,-0.2513736837697067,-0.2620423433741621,-0.27261080198822185,-0.2830643183753594,-0.2933883350106541,-0.30356850085584597,-0.31359069362969905,-0.32344104137948904,-0.3331059433508514,-0.34257209025034996,-0.3518264840118448,-0.36085645713542647,-0.3696496915207632,-0.37819423655527373,-0.38647852620578504,-0.394491394978445,-0.4022220927380644,-0.4096602984836437,-0.41679613323640297,-0.42362017216659353,-0.43012345599849766,-0.43629750167461623,-0.4421343121976804,-0.44762638547854294,-0.4527667220459435,-0.4575488316196541,-0.46196673861079773,-0.4660149865674157,-0.4696886415619872,-0.47298329454824284,-0.47589506274890425,-0.47842059016264216,-0.4805570472817635,-0.4823021300904671,-0.4836540584124336,-0.48461157367632524,-0.4851739361423739,-0.4853409216259692,-0.4851128177565869,-0.48449041980342855,-0.4834750261016296,-0.4820684331127225,-0.48027293013524286,-0.47809129366704894,-0.47552678140353066,-0.4725831258207194,-0.4692645272716689,-0.465575646545183,-0.4615215968708739,-0.45710793536881056,-0.45234065393864853,-0.44722616956301664,-0.44177131396566693,-0.43598332254489236,-0.4298698224895645,-0.4234388199725885,-0.4166986863175808,-0.4096581430429822,-0.4023262457661474,-0.3947123671493884,-0.3868261791872243,-0.3786776349866159,-0.37027694997586735,-0.36163458240416446,-0.3527612130907656,-0.34366772459831907,-0.3343651801053582,-0.3248648021046776,-0.3151779508603312,-0.30531610254308106,-0.2952908271466157,-0.28511376643425734,-0.274796612074482,-0.26435108394491635,-0.2537889085877225,-0.2431217979756255,-0.23236142882446842,-0.22151942253185553,-0.21060732565187124,-0.19963659085117058,-0.1886185584911857,-0.1775644390830493,-0.16648529671758183,-0.15539203339068308,-0.1442953741287667,-0.13320585295025467,-0.12213379986809514,-0.11108932916575043,-0.10008232900455027,-0.0891224522532923,-0.07821910840657864,-0.06738145646849603,-0.056618398650940094,-0.04593857472494989,-0.035350356895747836,-0.024861845117051473,-0.014480862809691075,-0.004214952974201935,0.005928625350748007,0.015942900369282142,0.02582119058886434,0.03555710759473385,0.045144558403208634,0.0545777473095157,0.06385117725648115,0.07295965078755273,0.08189827063320365,0.09066243995764722,0.09924786226424942,0.10765054096773952,0.11586677866434059,0.12389317610612238,0.1317266308743541,0.13936433579785046,0.1468037771720745,0.15404273276076452,0.161079269526482,0.167911741059811,0.17453878464870343,0.18095931788327135,0.18717253472217266,0.19317790096690857,0.19897514904813818,0.2045642720690921,0.2099455172458633,0.21511937903973433,0.22008659221793891,0.2248481249155958,0.22940517164978758,0.2337591461607289,0.23791167394792012,0.24186458442162007,0.24561990268090028,0.24917984109652735,0.2525467909854626,0.2557233145498401,0.2587121370455634,0.26151613903901705,0.26413834862542984,0.26658193352170656,0.2688501929619136,0.2709465494188237,0.2728745403570585,0.27463781027388734,0.27624010314635683,0.2776852552699367,0.2789771883994021,0.2801199030353345,0.2811174716777103,0.2819740319114814,0.2826937792687616,0.2832809599287316,0.2837398634652146,0.2840748158963251,0.2842901731613807,0.2843903150175464,0.284379639306799,0.2842625565328518,0.2840434846944575,0.283726844331575,0.2833170537305847,0.2828185242172836,0.2822356554695631,0.2815728308032277,0.2808344123944124,0.2800247363956956,0.27914810791020983,0.27820879585087255,0.27721102776792605,0.27615898469394295,0.27505679598279187,0.27390853407133164,0.27271820908281796,0.2714897632300932,0.27022706503660743,0.26893390342554113,0.2676139817145753,0.2662709115305333,0.26490820666646897,0.2635292769294253,0.26213742202477874,0.26073582551121177,0.25932754888576426,0.2579155258707857,0.25650255693819446,0.25509130410817704,0.2536842861066404,0.25228387396084173,0.2508922870764252,0.24951158986200994,0.24814368899427564,0.24679033136271045,0.24545310263879827,0.24413342633263824,0.24283256316822843,0.24155161063502817,0.2402915026416892,0.23905300926303852,0.2378367365668126,0.23664312648076447,0.2354724567021904,0.23432484072294102,0.23320022808087515,0.23209840491917788,0.23101899488580813,0.22996146039338328,0.22892510425550938,0.22790907170034558,0.22691235277159194,0.22593378517449025,0.22497205766152462,0.2240257140058617,0.22309315747056502,0.2221726555445116,0.2212623447285864,0.22036023528958282,0.21946421598113375,0.2185720587259823,0.21768142324508943,0.21678986163814074,0.21589482293932605,0.21499365767682121,0.2140836224732965,0.21316188473637965,0.21222552748945844,0.2112715543910184,0.2102968949884243,0.20929841021167306,0.20827289805433225,0.20721709939728328,0.20612770397995206,0.20500135655277063,0.20383466323466592,0.20262419805137455,0.20136650960346003,0.20005812784417998,0.19869557098630963,0.19727535254330775,0.19579398846499885,0.19424800433193212,0.1926339426171353,0.19094837002445786,0.18918788487022198,0.18734912446441854,0.18542877247850953,0.1834235662999646,0.18133030434908193,0.17914585331152466,0.17686715524301633,0.17449123453264548,0.1720152047520358,0.16943627540920403,0.16675175855888114,0.16395907518145947,0.16105576127906573,0.15803947368497262,0.15490799560792823,0.15165924194942448,0.14829126441522789,0.14480225642081024,0.1411905577594652,0.13745465894164965,0.13359320510441108,0.12960499945732096,0.12548900626732262,0.12124435337907613,0.1168703342717663,0.112366409655003,0.10773220861028676,0.10296752929306052,0.09807233920060554,0.09304677501580016,0.08789114205144699,0.08260591331742972,0.0771917282273833,0.07164939095157763,0.0659798684173154,0.06018428795199071,0.054263934537452485,0.04822024763141286,0.04205481753024287,0.03576938127655893,0.029365818150964174,0.02284614480259961,0.016212510050237938,0.009467189366141326,0.0026125790707069996,-0.0043488097086097355,-0.011414357261898544,-0.01858134167560621,-0.025846945330634696,-0.03320826145522204,-0.0406623006726079,-0.04820599750971866,-0.05583621684060347,-0.06354976025376402,-0.0713433723299346,-0.07921374676929105,-0.0871575322901279,-0.0951713382571171,-0.10325174000432469,-0.11139528379127484,-0.1195984913273449,-0.12785786381727604,-0.13616988548494646,-0.14453102659827977,-0.1529377461996262,-0.1613864948291308,-0.16987371740051316,-0.17839585626695253,-0.18694935448031202,-0.19553065920858614,-0.204136225266204,-0.21276251874622432,-0.22140602076802196,-0.23006323133627404,-0.23873067327205888,-0.2474048961839017,-0.2560824804943991,-0.2647600415763236,-0.2734342340374951,-0.28210175611348376,-0.29075935404993913,-0.299403826362969,-0.30803202791010165,-0.31664087373530947,-0.32522734268496123,-0.3337884808156488,-0.34232140461327276,-0.3508233040318842,-0.3592914453384637,-0.3677231737388382,-0.3761159157756566,-0.3844671814990406,-0.3927745663986002,-0.4010357530812314,-0.40924851269462437,-0.41741070612009423,-0.4255202849602071,-0.4335752923452816,-0.4415738636305022,-0.4495142271127719,-0.4573947048049618,-0.46521371305706083,-0.4729697627221867,-0.4806614587409115,-0.48828749917971237,-0.49584667382375613,-0.5033378624575136,-0.5107600328476067,-0.5181122382216472,-0.5253936140012243,-0.5326033737157445,-0.5397408041759988,-0.546805260043925,-0.5537961579584305,-0.5607129703760805,-0.5675552191978497,-0.574322469061002,-0.5810143200529936,-0.5876303997043877,-0.5941703543083605,-0.6006338397182773,-0.6070205117813003,-0.6133300165453051,-0.6195619803830539,-0.6257160001917654,-0.6317916338161638,-0.6377883907806705,-0.6437057232679066,-0.6495430171630261,-0.6552995830399553,-0.6609746471123543,-0.6665673422568545,-0.6720766992169658,-0.6775016380910088,-0.6828409602256116,-0.6880933406177974,-0.693257320863701,-0.6983313026630853,-0.7033135419251693,-0.7082021435894461,-0.7129950573086603,-0.7176900741012915,-0.7222848240245696,-0.7267767749034562,-0.7311632321502657,-0.735441339701481,-0.7396080821073241,-0.7436602877637739,-0.7475946330946215,-0.7514076473544335,-0.7550957178195503,-0.7586550952958575,-0.762081899933527,-0.7653721273720535,-0.7685216552580769,-0.7715262501666587,-0.774381574975429,-0.7770831967673573,-0.7796265953007833,-0.7820071720106085,-0.7842202594743597,-0.7862611313232577,-0.7881250126140245,-0.7898070906400534,-0.7913025261227702,-0.7926064647351225,-0.7937140489199166,-0.7946204299591173,-0.7953207802534195,-0.7958103057682067,-0.7960842585840382,-0.7961379494997729,-0.795966760639395,-0.7955661579605433,-0.7949317035198291,-0.7940590673700996,-0.7929440390219469,-0.791582538459707,-0.7899706267071025,-0.7881045158976931,-0.7859805787789753,-0.7835953575661492,-0.780945572062997,-0.7780281269749878,-0.7748401183234606,-0.7713788388669371,-0.7676417824745769,-0.7636266475085662,-0.7593313394602887,-0.7547539731555304,-0.7498928746943676,-0.7447465831048703,-0.7393138516062479,-0.7335936483811665,-0.7275851567885709,-0.7212877749764388,-0.7147011149306834,-0.7078250011808578,-0.7006594694985893,-0.6932047657752207,-0.6854613450402027,-0.6774298705086608,-0.669111212589165,-0.660506447828169,-0.6516168577399668,-0.642443927402617,-0.6329893437417837,-0.6232549936339424,-0.6132429621378108,-0.6029555311115544,-0.5923951783034056,-0.5815645769033608,-0.5704665954990062,-0.5591042983409054,-0.5474809458166376,-0.5355999950680399,-0.5234651007250193,-0.5110801157227911,-0.4984490921527893,-0.48557628211907655,-0.4724661385790654,-0.4591233161347148,-0.4455526717508107,-0.43175926538111753,-0.4177483604700001,-0.4035254242833801,-0.3890961280028904,-0.37446634650682853,-0.35964215776604647,-0.34462984178607314,-0.3294358790316281,-0.3140669482764622,-0.2985299238920902,-0.28283187275231114,-0.2669800510079412,-0.2509819008476981,-0.234845047212346,-0.21857729442670149,-0.20218662273233434,-0.18568118465915262,-0.16906930113715646,-0.1523594572607152,-0.1355602976537469,-0.11868062141982705,-0.10172937665900861,-0.08471565447170804,-0.06764868231952192,-0.05053781666939017,-0.033392535036895765,-0.016222427699069897,0.0009628107280548193,0.01815338981629111,0.0353394319729432,0.05251098123017783,0.06965801225383217,0.08677043969608889,0.10383812794755443,0.1208509011403649,0.13779855312943567,0.15467085730843166,0.1714575763116244,0.18814847172636462,0.20473331392712169,0.22120189210365737,0.23754402449698375,0.2537495687275779,0.26980843195445914,0.28571058062683363,0.30144604979492584,0.3170049521086469,0.3323774866527458,0.3475539477451335,0.36252473382373296,0.3772803565388898,0.39181145006627816,0.4061087804446828,0.42016325466189386,0.4339659293658684,0.44750801924692496,0.46078090521422155,0.47377614251523426,0.48648546892054867,0.4989008130758492,0.5110143031382037,0.5228182757793505,0.5343052854795616,0.5454681138379982,0.556299778622396,0.5667935424650707,0.576942921220116,0.5867416919791495,0.5961839007428296,0.6052638697934185,0.6139762048587656,0.622315802164259,0.6302778554477655,0.6378578630049674,0.6450516348108408,0.6518552996506202,0.6582653120470212,0.6642784587479653,0.669891864659867,0.675102998241826,0.6799096764374823,0.6843100692090474,0.688302703691491,0.6918864679379197,0.6950606141906377,0.6978247616316509,0.7001788986303694,0.7021233845322143,0.703658951005842,0.7047867029538963,0.7055081190150929,0.7058250516795965,0.7057397269891865,0.7052547437432395,0.7043730721118919,0.7030980515874106,0.7014333882686259,0.6993831515166562,0.6969517699939729,0.6941440270379644,0.6909650552975464,0.6874203305630857,0.6835156647149034,0.679257197721185,0.674651388614258,0.6697050053630846,0.6644251136380248,0.6588190646717607,0.6528944825372207,0.6466592510205871,0.6401215000581075,0.6332895916324688,0.6261721050762645,0.6187778218937012,0.611115710368118,0.6031949101681491,0.5950247169676786,0.5866145669778859,0.5779740213393865,0.5691127505115716,0.5600405189264066,0.5507671700716728,0.5413026119760858,0.5316568029877402,0.5218397378161512,0.5118614339709708,0.5017319187678382,0.49146121691899225,0.48105933858666106,0.47053626778823343,0.4599019511809388,0.4491662874212565,0.43833911730499864,0.4274302147385285,0.4164492784498961,0.40540592430091493,0.3943096781354001,0.3831699693083692,0.37199612517436265,0.36079736667901585,0.3495828049769045,0.3383614388789695,0.32714215288534376,0.31593371558241046,0.30474477824990487,0.2935838735750451,0.28245941447239886,0.2713796932048709,0.2603528810690108,0.24938702869388862,0.2384900667650527,0.2276698069554257,0.21693394291638413,0.2062900512185024,0.19574559212652787,0.1853079100840489,0.17498423379246475,0.16478167578387826,0.15470723145232057,0.14476777765136006,0.1349700710552355,0.12532074639850066,0.115826314579202,0.10649316054293223,0.097327540831742,0.08833558068784697,0.07952327062422881,0.07089646236944702,0.06246086413425189,0.05422203531959724,0.04618538095822089,0.03835614614935423,0.03073941058500651,0.023340083146976554,0.01616289650415581,0.009212401645470436,0.002492962293544565,-0.003991250867237284,-0.010236266208451639,-0.016238317419137616,-0.021993849867570248,-0.027499526794876772,-0.03275223510747338,-0.03774909067087151,-0.04248744310160646,-0.046964880088751215,-0.05117923126991997,-0.055128571665370885,-0.058811224681129204,-0.06222576470920416,-0.0653710193629422,-0.06824607138252503,-0.07085026023087693,-0.07318318340740149,-0.07524469752038954,-0.07703491915172833,-0.07855422553335956,-0.07980325505470631,-0.08078290762326645,-0.08149434489344998,-0.08193899038185037,-0.08211852948313236,-0.08203490937636815,-0.08169033881468124,-0.0810872878042943,-0.08022848717243392,-0.07911692802941417,-0.0777558611306759,-0.07614879611560355,-0.07429950060745938,-0.07221199918199517,-0.06989057217445804,-0.06733975423480842,-0.06456433253081428,-0.061569344515334024,-0.05836007518484365,-0.054942053752078834,-0.05132104964198447,-0.04750306768539758,-0.043494342321949375,-0.039301330631076326,-0.03493070420103095,-0.030389340089286065,-0.025684311149035466,-0.02082287577437114,-0.01581246689529081,-0.010660680043741877,-0.0053752605284458355,3.59100307036897e-05,0.005564827594966459,0.01120338004654542,0.016943362148204244,0.02277649116766156,0.02869442295282454,0.03468876819614053,0.04075110884282651,0.046873014740818064,0.05304606048462546,0.05926184222857245,0.06551199431387289,0.07178820571056121,0.07808223628113353,0.08438593275781159,0.09069124426485331,0.0969902373101732,0.10327511027994518,0.10953820741291764,0.11577203204819853,0.12196925890709309,0.12812274537924395,0.13422554195449976,0.14027090193218328,0.14625229042225385,0.1521633924342467,0.15799811972184585,0.16375061620050957,0.1694152619609497,0.174986675987995,0.1804597177500611,0.1858294878455098,0.19109132784669924,0.19624081943050697,0.20127378285282305,0.20618627482105012,0.2109745858323393,0.21563523703519394,0.22016497665450174,0.22456077602738844,0.22881982532842926,0.23293952911187432,0.23691750180569215,0.24075156323340252,0.24443973417426434,0.24798023191718954,0.25137146571906754,0.2546120320962828,0.2577007099551665,0.26063645560640936,0.2634183976879072,0.26604583201854837,0.2685182164232671,0.2708351655674832,0.2729964458263723,0.27500197021179673,0.2768517933779222,0.2785461067170161,0.28008523355879333,0.28146962448433044,0.28269985274283727,0.2837766097476475,0.2847007006358169,0.28547303987816264,0.28609464692772946,0.28656664190746994,0.2868902413292176,0.287066753813761,0.2870975757734513,0.2869841870105958,0.2867281461798754,0.28633108607259317,0.2857947086895436,0.28512078008223085,0.2843111250072141,0.28336762159710815,0.2822921963553071,0.2810868196625833,0.2797535018124293,0.27829428954687074,0.27671126304563387,0.2750065332663141,0.2731822394938064,0.27124054697103617,0.2691836445242899,0.2670137420994081,0.2647330680866844,0.26234386635706386,0.2598483931301203,0.2572489139503702,0.2545477009682955,0.25174703055569836,0.24884918121534838,0.24585643173437433,0.24277105954121936,0.23959533920870513,0.23633154096574316,0.2329819290629871,0.2295487599071535,0.22603427991727898,0.2224407230629808,0.21877030806237485,0.21502523526983452,0.2112076833878902,0.2073198061902204,0.20336372937334346,0.1993415475717697,0.19525532153331682,0.19110707541717886,0.18689879416748312,0.1826324209604664,0.1783098547659634,0.17393294804705306,0.1695035045874036,0.1650232774299809,0.16049396691465745,0.15591721879951592,0.15129462244127012,0.14662770900367406,0.14191794966405524,0.13716675379193788,0.1323754670993651,0.1275453697910507,0.12267767473274205,0.11777352563344579,0.11283399524077709,0.10786008355747612,0.10285271607368429,0.09781274201436929,0.09274093263709915,0.08763797967894504,0.08250449412546601,0.07734100545150113,0.0721479613735383,0.0669257281059501,0.061674591117977684,0.056394756379347655,0.051086352079643405,0.04574943079784788,0.04038397208530853,0.034989885436957024,0.02956701364077219,0.02411513649626329,0.018633974879897153,0.013123195132990872,0.007582413772411201,0.002011202567373971,-0.0035909059323913084,-0.00922441234130389,-0.014889843855662832,-0.02058774719273515,-0.026318681064488203,-0.03208320816756327,-0.037881886688396094,-0.04371526132575099,-0.049583853815640566,-0.05548815293695952,-0.06142860397967809,-0.06740559765482601,-0.07341945844679998,-0.07947043255513364,-0.08555867575133647,-0.09168424143897624,-0.09784706901929496,-0.10404697256836215,-0.11028362982692386,-0.11655657149865561,-0.12286517085475879,-0.12920863365519608,-0.13558598837497016,-0.14199607670543202,-0.14843754441071866,-0.15490883277194456,-0.16140817082624181,-0.16793356847584562,-0.1744828104824947,-0.1810534513483617,-0.18764281107083747,-0.19424797177538267,-0.20086577524824634,-0.2074928213803915,-0.21412546752328865,-0.22075982874032007,-0.22739177891298823,-0.234016952668199,-0.2406307481275931,-0.2472283305149503,-0.2538046366849258,-0.26035438066116967,-0.26687206028874044,-0.2733519651055545,-0.2797881854957396,-0.28617462303769514,-0.2925050017611639,-0.29877288001297586,-0.3049716628178061,-0.3110946147791225,-0.31713487357463777,-0.32308546394974513,-0.32893931195094694,-0.3346892592263515,-0.340328077451133,-0.34584848300625026,-0.3512431518979042,-0.35650473468981403,-0.36162587115913425,-0.36659920455011274,-0.37141739547697483,-0.37607313556942046,-0.3805591608527763,-0.3848682647017796,-0.38899331019569416,-0.39292724183737704,-0.39666309670530353,-0.40019401513797703,-0.4035132510311499,-0.4066141817123423,-0.40949031715718576,-0.4121353082621084,-0.4145429540973282,-0.4167072082710348,-0.4186221845575986,-0.42028216190910683,-0.42168158896027563,-0.4228150881171686,-0.4236774593068944,-0.4242636834703788,-0.424568925877125,-0.4245885393388278,-0.424318067395582,-0.42375324753903243,-0.4228900145337917,-0.42172450389585237,-0.4202530555697521,-0.4184722177913329,-0.4163787510261798,-0.4139696318427113,-0.41124205667353664,-0.4081934455158631,-0.4048214456327628,-0.4011239352857956,-0.3970990275195234,-0.3927450740286531,-0.3880606691387811,-0.38304465392135256,-0.3776961204458047,-0.3720144161649941,-0.36599914845394466,-0.35965018933587345,-0.35296768041142457,-0.3459520379965966,-0.3386039584740317,-0.33092442384825915,-0.3229147074598302,-0.3145763797884271,-0.3059113142916914,-0.2969216932358165,-0.28761001344210513,-0.2779790918272411,-0.2680320705895127,-0.2577724219238249,-0.24720395217748603,-0.23633080531669037,-0.2251574655819013,-0.21368875942117427,-0.20192985700447963,-0.18988627352995024,-0.17756387026415865,-0.16496885514226278,-0.15210778278341053,-0.13898755380331096,-0.12561541339771765,-0.11199894936058996,-0.09814608975078443,-0.08406510026368608,-0.06976458120254847,-0.05525346385622498,-0.0405410061266025,-0.0256367874738217,-0.010550703433445108,0.004707040124806383,0.02012593303997079,0.03569516735331746,0.05140364439843381,0.0672399825584975,0.08319252559533652,0.09924935137567559,0.11539828095220628,0.1316268881108229,0.1479225095301402,0.16427225561601233,0.1806630218726113,0.1970815005425237,0.2135141923697006,0.2299474185437944,0.24636733298402902,0.26275993514476426,0.27911108353025327,0.2954065100603316,0.3116318352355876,0.32777258382354546,0.3438142008167091,0.3597420676543166,0.37554151884333464,0.39119785909797855,0.4066963810860571,0.4220223838781436,0.43716119211575233,0.4520981757095157,0.4668187697668671,0.48130849454879154,0.4955529754177306,0.5095379628240195,0.5232493524013222,0.536673205250068,0.5497957684751356,0.5626034960350381,0.575083069956797,0.58722142188455,0.5990057547492071,0.6104235642283768,0.6214626597415247,0.6321111849019019,0.6423576374429203,0.6521908886318286,0.6616002021643297,0.6705752525285931,0.6791061428384992,0.6871834221650559,0.6947981023812275,0.7019416745052638,0.7086061245445237,0.7147839488457421,0.720468168929365,0.7256523457851571,0.7303305936160882,0.734497593016421,0.738148603558507,0.7412794757442924,0.7438866622859877,0.7459672287001595,0.7475188631832168,0.7485398857069185,0.7490292562736229,0.7489865822897741,0.7484121249753599,0.7473068046447437,0.7456722046848938,0.7435105741340564,0.7408248288483037,0.7376185512717157,0.7338959888094578,0.7296620507897984,0.7249223039843713,0.7196829666327105,0.7139509009105467,0.7077336037655613,0.7010391960133333,0.6938764096089614,0.6862545731148302,0.6781835955537119,0.669673948956067,0.660736649825509,0.6513832395438257,0.6416257636175047,0.6314767496361,0.6209491838747283,0.6100564866604685,0.5988124867446345,0.587231394832834,0.575327776276481,0.5631165228579391,0.5506128236482297,0.537832135120162,0.524790150827279,0.5115027707918927,0.49798607053362076,0.4842562696771182,0.4703297002594198,0.45622277502881303,0.44195195597698245,0.4275337231261105,0.41298454347359836,0.3983208400595899,0.3835589613030663,0.3687151509061479,0.353805518564414,0.3388460115351535,0.32385238700283736,0.3088401851483269,0.29382470282826034,0.2788209678290272,0.26384371384123995,0.24890735647767315,0.23402597062061403,0.2192132692013189,0.20448258339077086,0.1898468441584953,0.17531856516495026,0.16090982694527156,0.14663226233402327,0.13249704310103994,0.11851486778517994,0.10469595070932058,0.09105001215613129,0.07758626969840776,0.06431343069179007,0.051239685917011,0.03837270436324758,0.025719629185886106,0.013287074873026938,0.001081125645157499,-0.010892664872855562,-0.022629272667607836,-0.03412420102093705,-0.04537347689326765,-0.05637364612059059,-0.06712176760138533,-0.07761540663469901,-0.08785262748745737,-0.09783198520873526,-0.10755251671618993,-0.11701373116844849,-0.1262155995927543,-0.1351585437122651,-0.14384342389372762,-0.15227152610871286,-0.1604445478125882,-0.16836458268416976,-0.17603410426784905,-0.18345594873412097,-0.19063329704929544,-0.19756965671137294,-0.2042688430369637,-0.21073495991018376,-0.2169723799135852,-0.22298572389283322,-0.228779840207622,-0.23435978394562085,-0.2397307961991828,-0.2448982833696931,-0.24986779645077917,-0.2546450103268256,-0.259235703311397,-0.2636457372533769,-0.26788103839745503,-0.2719475790008019,-0.2758513596403489,-0.2795983921204339,-0.2831946828725407,-0.2866462167597206,-0.2899589412260397,-0.2931387507837826,-0.2961914719709924,-0.29912284900246533,-0.30193853024155004,-0.30464405549949447,-0.30724484416333553,-0.30974618414830957,-0.3121532215991891,-0.3144709512150996,-0.3167042070810311,-0.31885765392301124,-0.3209357787477174,-0.32294288286134076,-0.32488307425074225,-0.3267602602888289,-0.32857814074246505,-0.33034020107810846,-0.33204970605308404,-0.3337096935937396,-0.3353229689930828,-0.3368920994597744,-0.3384194090301307,-0.33990697384366086,-0.3413566177763201,-0.3427699084289344,-0.3441481534963984,-0.34549239758514005,-0.3468034195849725,-0.34808173070167214,-0.34932757324317265,-0.3505409202770764,-0.3517214762914236,-0.35286867895290897,-0.3539817019251501,-0.3550594585050817,-0.356100605804464,-0.357103549405565,-0.35806644860422665,-0.3589872224026962,-0.3598635563413026,-0.3606929100952314,-0.3614725256197744,-0.3621994356413154,-0.362870472471684,-0.36348227728625204,-0.3640313099918302,-0.3645138596429547,-0.364926055180014,-0.3652638762653453,-0.3655231642110479,-0.36569963315778153,-0.365788881603315,-0.36578640418679953,-0.3656876035080856,-0.36548780182493346,-0.36518225264333637,-0.36476615234517595,-0.3642346519814126,-0.3635828691515286,-0.36280589969202737,-0.3618988289708511,-0.36085674282768565,-0.35967473833247965,-0.3583479344927696,-0.3568714828770396,-0.3552405779192398,-0.3534504666625793,-0.3514964579045454,-0.34937393084391744,-0.3470783433325977,-0.3446052398135677,-0.34195025902148757,-0.33910914152812666,-0.33607773719284495,-0.332852012486029,-0.3294280575412287,-0.32580209279299055,-0.3219704751600858,-0.31792970379102314,-0.31367642539353113,-0.3092074391815842,-0.30451970149599816,-0.29961033016564187,-0.29447660865751146,-0.2891159900433635,-0.2835261008192944,-0.27770474461859607,-0.2716499058352113,-0.26535975315494653,-0.25883264301003095,-0.252067122993914,-0.24506193526384834,-0.23781601994886614,-0.23032851859534276,-0.22259877770040504,-0.21462635238023609,-0.20641101020034824,-0.19795273517760847,-0.1892517319609368,-0.18030843020123655,-0.17112348912841213,-0.1616978023778941,-0.15203250312637806,-0.14212896956552612,-0.13198883071097356,-0.12161397255075457,-0.11100654452328484,-0.10016896626271432,-0.08910393451069609,-0.07781443010711797,-0.06630372503442317,-0.054575389538030095,-0.04263329930282822,-0.030481642581676738,-0.018124927156740966,-0.005567987034396538,0.007184011230272347,0.020125562709026212,0.033250818962308415,0.04655358378273888,0.060027309925885675,0.07366509681482825,0.08745968908434065,0.1014034758047444,0.11548849034543451,0.12970641097467706,0.14404856238178354,0.1585059182980828,0.17306910519738494,0.18772840685996073,0.20247376966214858,0.21729480869483098,0.23218081490945508,0.24712076331430666,0.26210332201221576,0.27711686191713625,0.29214946723828916,0.3071889468942999,0.32222284682578106,0.33723846301943183,0.3522228551396793,0.3671628608213027,0.382045110679222,0.3968560439388398,0.41158192452729736,0.4262088576424645,0.44072280696496335,0.45510961253824433,0.4693550091185088,0.48344464482144645,0.4973641001002562,0.5110989071768017,0.5246345699275707,0.5379565840425826,0.5510504572477117,0.5639017295516666,0.5764959936488054,0.588818915601216,0.600856255742741,0.6125938896033105,0.6240178287415858,0.6351142415697879,0.6458694743328479,0.6562700723216466,0.6663028012237575,0.6759546683595801,0.6852129435724947,0.6940651797191109,0.7024992328164643,0.7105032819126436,0.7180658487777833,0.7251758175425351,0.7318224543327574,0.7379954267150168,0.7436848225879658,0.7488811682773644,0.7535754458088917,0.7577591093749163,0.7614241009982479,0.7645628654509551,0.7671683645319334,0.769234090764428,0.7707540804944486,0.7717229263631751,0.7721357891915375,0.7719884093486868,0.7712771176471591,0.7699988457535127,0.7681511360221904,0.7657321505607086,0.7627406793293545,0.7591761472012166,0.7550386200175438,0.7503288096850085,0.7450480783381721,0.7391984415880515,0.7327825708750666,0.7258037949214042,0.7182661002715633,0.7101741309315841,0.7015331871290513,0.6923492231848556,0.6826288444094288,0.6723793028844582,0.6616084920197807,0.6503249397974997,0.6385378005915641,0.6262568454560906,0.6134924508706092,0.6002555861092773,0.586557799503197,0.5724112037454461,0.5578284601817245,0.5428227619380976,0.5274078158055957,0.5115978229917957,0.4954074589603934,0.47885185242955686,0.4619465634026554,0.4447075601530557,0.4271511953016045,0.4092941812126085,0.39115356482133024,0.372746701920434,0.3540912310187281,0.33520504694312336,0.3161062742015659,0.29681323998885034,0.2773444468630757,0.2577185453333186,0.23795430654067218,0.21807059501465176,0.19808634149925552,0.17802051598739155,0.15789210105624107,0.13772006549137217,0.1175233382950438,0.09732078329216165,0.07713117443025652,0.0569731716825288,0.03686529747553635,0.016825913734273,-0.0031268003044928605,-0.022974869469074122,-0.04270054321334982,-0.06228631524080441,-0.08171494202653662,-0.10096946022478193,-0.12003320312631871,-0.13888981635013664,-0.15752327280382872,-0.17591788674083375,-0.1940583266964424,-0.21192962724242648,-0.2295171996797194,-0.24680684186948554,-0.26378474739107816,-0.28043751408760187,-0.29675215185292103,-0.31271608943842466,-0.3283171801872484,-0.3435437067229614,-0.35838438465130196,-0.37282836537998065,-0.3868652382068305,-0.40048503183451345,-0.4136782154425802,-0.4264356993858982,-0.43874883553999666,-0.45060941732506166,-0.46200967948971083,-0.47294229775284435,-0.4834003883373441,-0.4933775073628368,-0.5028676501114901,-0.5118652502429981,-0.5203651789909145,-0.5283627443031662,-0.5358536898904802,-0.5428341941744748,-0.5493008691246715,-0.5552507589426767,-0.5606813385492586,-0.5655905118512408,-0.5699766097452468,-0.5738383877706212,-0.5771750233316837,-0.5799861124518984,-0.5822716660162541,-0.5840321054940745,-0.5852682583469573,-0.5859813534771305,-0.5861730169058106,-0.5858452676252881,-0.5850005135144158,-0.5836415472601644,-0.5817715422189167,-0.5793940480762245,-0.5765129861821663,-0.5731326446566314,-0.5692576735897106,-0.5648930806393793,-0.5600442271048394,-0.5547168243711269,-0.5489169305602459,-0.5426509472219863,-0.5359256159207462,-0.5287480146214918,-0.5211255538671224,-0.5130659729115123,-0.504577336113762,-0.4956680298180629,-0.48634675973348607,-0.47662254870557064,-0.46650473476323384,-0.4560029693511396,-0.4451272156567754,-0.4338877469192326,-0.42229514460589,-0.4103602963489834,-0.398094393546792,-0.3855089286274307,-0.37261569210720324,-0.3594267695854825,-0.34595453868492854,-0.3322116658165015,-0.3182111026237848,-0.3039660820434378,-0.2894901139948374,-0.27479698065876335,-0.25990073120745194,-0.2448156758373372,-0.22955637899696058,-0.21413765170942867,-0.19857454285348553,-0.18288232925355175,-0.16707650446023337,-0.15117276615858088,-0.13518700227709957,-0.11913527604504992,-0.10303381022860947,-0.08689897055854345,-0.07074724819663203,-0.05459524112743708,-0.03845963456195989,-0.02235718059065306,-0.006304677263571534,0.00968105288948351,0.02558318499396961,0.041384914685053786,0.057069481537503464,0.0726201927769452,0.08802044713127799,0.10325375892247024,0.11830378251918461,0.1331543370704722,0.14778943126878374,0.16219328794701227,0.17635036848879793,0.1902453971289404,0.20386338520698644,0.21718965527661993,0.2302098647923998,0.24291002914620918,0.25527654402608135,0.26729620718279534,0.27895623970861294,0.29024430693011993,0.3011485389967632,0.3116575511782571,0.3217604637481486,0.3314469212127449,0.34070711066870274,0.34953177921769907,0.35791225048008357,0.36584044026611906,0.3733088714613473,0.38031068819189784,0.3868396693123657,0.39289024123643657,0.3984574901379929,0.40353717354498286,0.40812573131756835,0.4122202959958372,0.41581870249951436,0.4189194971343895,0.4215219458710209,0.4236260418890012,0.42523251234531045,0.42634282428346637,0.42695918961368307,0.42708456911491055,0.42672267539516895,0.4258779747322734,0.42455568773732466,0.42276178879678383,0.42050300420317654,0.41778680879687613,0.4146214208925869,0.4110157953016511,0.40697961432000085,0.40252327661736587,0.3976578841230918,0.39239522714250796,0.38674776786912446,0.3807286222701265,0.3743515401949651,0.3676308835891362,0.3605816028838831,0.35321921175558657,0.3455597603432494,0.3376198068506753,0.3294163875014817,0.320966985033067,0.31228949598526157,0.3034021968385687,0.294323708942656,0.2850729623271562,0.27566915858555774,0.26613173291116254,0.25648031527990156,0.24673469088640587,0.2369147600545034,0.22704049775139623,0.21713191272828425,0.20720900642755424,0.19729173190726357,0.18739995290167855,0.17755340301242484,0.16777164514736143,0.1580740314796003,0.14847966413147162,0.13900735659372998,0.12967559581038302,0.12050250499566317,0.11150580745603378,0.10270279170943297,0.0941102780118257,0.08574458626192438,0.07762150523705458,0.06975626309986893,0.06216349910243224,0.054857236446437696,0.047850856274259,0.041157072746365486,0.03478790917706931,0.0287546752519674,0.023067945395268907,0.01773753840726755,0.01277249852712714,0.008181078028378863,0.003970721375111452,0.0001480509508340333,-0.0032811456164196784,-0.006311926528226763,-0.00894020531463724,-0.011162758777309989,-0.01297723334276668,-0.014382149740576722,-0.015376905901860027,-0.01596177795708087,-0.01613791920293295,-0.015907356909323767,-0.015272986866136762,-0.014238565692451743,-0.012808701116306054,-0.010988840472499817,-0.008785257469547503,-0.006205037077080533,-0.003256058424817354,5.302416393959675e-05,0.0037128017577714445,0.007713132939116463,0.012043167585602532,0.016691372375177593,0.02164555785326172,0.026892906826624596,0.032420004008017145,0.03821286694848425,0.044256978174864514,0.050537318329396896,0.057038400213492935,0.06374430376329343,0.0706387118836318,0.07770494692041297,0.08492600761628921,0.09228460653545056,0.0997632079164461,0.10734406579825162,0.11500926230312558,0.12274074611218566,0.130520371158255,0.13832993536444604,0.14615121917847063,0.15396602379934876,0.16175620915316813,0.1695037316710568,0.17719068174422858,0.18479932057321946,0.19231211619963773,0.19971177869015833,0.20698129453007397,0.21410396029387613,0.22106341566693288,0.22784367589454746,0.2344291636708391,0.24080474028320964,0.24695573567971252,0.2528679772419906,0.25852781724457685,0.2639221590539975,0.26903848211694026,0.27386486576844504,0.27839001187896173,0.28260326635762567,0.2864946395231698,0.2900548253450026,0.29327521955016067,0.2961479365859674,0.2986658254105876,0.30082248406657186,0.30261227300246674,0.30403032714192335,0.30507256670590266,0.30573570675807105,0.30601726541462426,0.3059155706482315,0.3054297655936864,0.3045598122370734,0.30330649336194426,0.3016714126141764,0.2996569925348851,0.2972664705035868,0.29450389274369115,0.2913741066386777,0.2878827514668103,0.2840362475011631,0.27984178337889887,0.27530730168120243,0.27044148279973257,0.26525372726604957,0.25975413661884517,0.2539534927523306,0.24786323573407287,0.24149544024459857,0.23486279085090445,0.22797855618480156,0.22085656196655634,0.21351116289594785,0.2059572135883485,0.19821003870111298,0.19028540221824386,0.1821994758265646,0.17396880648740165,0.16561028341316586,0.1571411045657598,0.14857874273317861,0.13994091132659037,0.13124553005002326,0.12251069043148988,0.11375462110043344,0.1049956528367133,0.09625218361547638,0.08754264381886401,0.0788854615655481,0.07029902809840394,0.06180166338912585,0.053411582199423435,0.045146860637927944,0.037025403075936936,0.029064909412674922,0.021282842922545342,0.013696398902958151,0.0063224741321548095,-0.0008223629600792037,-0.007721901488281446,-0.01436031662663595,-0.020722197200115033,-0.026792572092148248,-0.032556935415179566,-0.038001270547397326,-0.04311207313920562,-0.047876373168477926,-0.05228175614386288,-0.05631638351304957,-0.05996901215097239,-0.06322901265909309,-0.06608638627803032,-0.06853178036003982,-0.07055650240081235,-0.07215253265223964,-0.07331253536279547,-0.07402986866853212,-0.07429859312676967,-0.07411347892686138,-0.07347001187823565,-0.07236439826237273,-0.07079356855550856,-0.06875518000417458,-0.06624761808802049,-0.063269996935297,-0.05982215872828789,-0.05590467208747896,-0.0515188294122737,-0.0466666431805578,-0.04135084123689836,-0.03557486113732722,-0.02934284361523254,-0.022659625163612418,-0.01553072966972735,-0.007962358997104957,3.8617655832240416e-05,0.008464675829110035,0.017307649423777605,0.026558745764361902,0.03620856183108856,0.04624710147705713,0.05666379363178464,0.06744751154641193,0.0785865930119698,0.09006886133065706,0.10188164685890655,0.11401180912241671,0.12644575952073467,0.1391694844862812,0.15216856898277342,0.16542822040482008,0.17893329291477755,0.19266831207783497,0.20661749966502896,0.22076479864441723,0.23509389836097228,0.2495882597498067,0.26423114045185514,0.2790056198333346,0.29389462384330045,0.3088809495424485,0.323947289280639,0.33907625462443036,0.3542503999980724,0.36945224592660963,0.38466430189865264,0.3998690888638734,0.4150491612202245,0.43018712817022475,0.44526567450588317,0.46026758090523856,0.47517574370778703,0.48997319413826546,0.5046431170713745,0.5191688694284124,0.5335339981135547,0.5477222573154279,0.5617176251597655,0.5755043198596681,0.5890668154507139,0.6023898570074095,0.615458475167415,0.6282579999287137,0.6407740738579122,0.6529926648675968,0.6649000785358723,0.6764829697483705,0.6877283535044114,0.6986236149358902,0.7091565186861644,0.7193152177738256,0.7290882620291796,0.7384646061960254,0.7474336177615513,0.7559850844317282,0.7641092210598757,0.771796675906117,0.779038536255463,0.7858263335344873,0.7921520480910189,0.7980081137185877,0.8033874219312551,0.8082833260296383,0.8126896450581071,0.8166006677397206,0.8200111564196888,0.8229163510243325,0.8253119730629876,0.8271942297110968,0.8285598179776983,0.8294059289325162,0.8297302520062217,0.8295309794046233,0.8288068106113471,0.8275569568977375,0.825781145796249,0.8234796255418573,0.8206531694645633,0.8173030802565364,0.8134311940293344,0.8090398841216171,0.804132064633869,0.7987111936243991,0.792781275833562,0.7863468647992065,0.7794130643081587,0.7719855291975364,0.7640704655043322,0.7556746298947488,0.7468053282273459,0.73747041305068,0.7276782798387416,0.7174378618010593,0.7067586231278327,0.6956505505538146,0.6841241432178435,0.672190400974614,0.6598608114091817,0.6471473356784969,0.6340623931136875,0.6206188444470229,0.6068299736390514,0.5927094684835055,0.5782714001924845,0.5635302019642197,0.5485006464466551,0.533197822181954,0.5176371092407379,0.5018341541250919,0.4858048438937459,0.46956527957322436,0.45313174904778464,0.43652069951314587,0.419748709441059,0.402832460093272,0.38578870675335253,0.3686342497706576,0.35138590541551906,0.3340604766382853,0.31667472388669893,0.29924533600808445,0.2817889012216881,0.2643218782966983,0.2468605681150393,0.2294210856640575,0.21201933247893834,0.1946709697031892,0.1773913919700547,0.16019570213035905,0.14309868673820603,0.12611479233513734,0.10925810273442949,0.09254231743217645,0.07598073106856873,0.05958621380256801,0.04337119261460742,0.02734763373582183,0.011527026380548477,-0.004079632228865648,-0.019461850677387815,-0.03460965612795519,-0.04951360611321576,-0.06416479940341446,-0.07855488594883298,-0.0926760757312266,-0.10652114625320053,-0.12008344849046182,-0.13335691129096716,-0.14633604428602354,-0.15901593940570535,-0.17139227108530974,-0.18346129522751653,-0.19521984697277617,-0.20666533733270143,-0.21779574873929164,-0.22860962954801067,-0.23910608751699414,-0.24928478227337791,-0.259145916765668,-0.26869022770737416,-0.2779189750159432,-0.28683393023268877,-0.29543736392998454,-0.30373203215975764,-0.31172116202155564,-0.3194084364281977,-0.3267979781298962,-0.33389433304392213,-0.3407024529481717,-0.3472276776008272,-0.35347571633244,-0.3594526291403497,-0.3651648072927074,-0.37061895340958273,-0.3758220609488987,-0.38078139299290115,-0.38550446019497286,-0.38999899776382563,-0.3942729415252515,-0.3983344033031955,-0.4021916458521346,-0.4058530573860324,-0.40932712564977436,-0.41262241157760826,-0.41574752276270033,-0.4187110869884023,-0.42152172590106574,-0.4241880287821047,-0.42671852648510367,-0.4291216657846846,-0.43140578437088806,-0.43357908653638333,-0.4356496194700057,-0.4376252501308855,-0.4395136428920523,-0.44132223825220507,-0.44305823276499723,-0.4447285601294979,-0.4463398733231472,-0.44789852774598415,-0.44941056555703796,-0.45088170153445617,-0.4523173106875049,-0.4537224176414938,-0.45510168771743054,-0.45645941962273895,-0.45779953963997144,-0.45912559713629975,-0.46044076122530697,-0.461747818487801,-0.46304917169845794,-0.4643468395038042,-0.46564245697140905,-0.46693727691476283,-0.4682321719908984,-0.46952763769502326,-0.4708237963433959,-0.4721204019993266,-0.47341684622561075,-0.474712164548734,-0.47600504355358453,-0.4772938285737851,-0.47857653194824223,-0.4798508417497871,-0.4811141308618829,-0.4823634663536822,-0.4835956191743378,-0.48480707417083124,-0.48599404037928906,-0.4871524615155849,-0.4882780266128748,-0.4893661807955212,-0.49041213622091107,-0.4914108832415849,-0.49235720182256415,-0.49324567322432245,-0.49407069197523157,-0.4948264781880951,-0.4955070902710119,-0.4961064380542126,-0.49661829636733046,-0.49703631915208035,-0.4973540542255108,-0.4975649587999271,-0.49766241576667625,-0.4976397505505048,-0.4974902482487309,-0.49720717090209376,-0.49678377491174075,-0.4962133286829413,-0.49548913056936783,-0.4946045270735837,-0.493552931050111,-0.4923278396051245,-0.49092285159384375,-0.4893316848521323,-0.4875481933595509,-0.48556638439065125,-0.48338043546242204,-0.48098471076917804,-0.47837377692527383,-0.47554241803891273,-0.4724856502688226,-0.46919873605801143,-0.465677198158744,-0.46191683333698563,-0.45791372542201003,-0.4536642573903862,-0.4491651223816504,-0.4444133336947047,-0.43940623389304534,-0.43414150317692446,-0.42861716714099884,-0.42283160398606157,-0.41678355122727595,-0.4104721119192263,-0.40389676040215505,-0.39705734758238265,-0.389954105765014,-0.382587653041071,-0.3749589972221301,-0.36706953931337694,-0.3589210765139583,-0.3505158047415122,-0.3418563207032861,-0.3329456235582384,-0.3237871162018635,-0.3143846061716289,-0.3047423061339245,-0.2948648338899673,-0.28475721184982916,-0.274424865931465,-0.26387362381874624,-0.25310971249562186,-0.24213975498226148,-0.23097076620307888,-0.21961014790410616,-0.20806568252109514,-0.1963455258903224,-0.18445819872714253,-0.172412576951551,-0.16021788113592095,-0.14788366533178987,-0.13541980532864528,-0.12283648630641153,-0.11014418986309238,-0.09735368035573089,-0.08447599048238885,-0.0715224061911357,-0.05850445116575287,-0.045433871091844935,-0.03232261774763856,-0.019182832869915956,-0.0060268317044815944,0.0071329138523807956,0.020283792481720297,0.033413070814297896,0.046507910710701594,0.059555386356663575,0.07254250121809491,0.08545620499898376,0.09828341078435443,0.11101101242644518,0.12362590197549395,0.13611498683523848,0.14846520647963501,0.16066354879636435,0.17269706623014258,0.1845528919149828,0.19621825595315556,0.207680501861077,0.21892710300697615,0.22994567881116978,0.24072401061331306,0.25125005725848837,0.2615119705244666,0.2714981105480945,0.2811970613851926,0.2905976466823077,0.2996889452549141,0.3084603063768796,0.3169013647768537,0.32500205547948724,0.33275262864932387,0.3401436645733469,0.3471660888271444,0.35381118746977336,0.36007062200000917,0.36593644394022107,0.3714011091032816,0.37645749165128706,0.3810988980455434,0.3853190809775455,0.38911225326395993,0.3924731014835814,0.39539679906198444,0.3978790186517429,0.3999159438160831,0.4015042800891706,0.4026412654930951,0.40332468056628556,0.40355285793664564,0.4033246914404316,0.40263964467210656,0.4014977587031723,0.3998996587208552,0.3978465595266769,0.3953402699797266,0.39238319647457587,0.3889783455142606,0.3851293254163224,0.3808403471600528,0.37611622438501513,0.37096237259751774,0.3653848076644337,0.3593901436333766,0.3529855898682257,0.3461789474521879,0.33897860479150665,0.3313935323967243,0.32343327690661283,0.31510795444666684,0.3064282433394254,0.29740537609210804,0.2880511305339155,0.2783778199461793,0.2683982820139974,0.2581258664371475,0.24757442108985117,0.2367582767294465,0.22569223042417264,0.214391527949779,0.20287184524882207,0.19114926883486305,0.17924027500000506,0.1671617078382397,0.15493075623381714,0.14256492990290326,0.13008203442228705,0.11750014519167706,0.10483758042825286,0.09211287330887075,0.07934474324689944,0.06655206629427113,0.0537538447820225,0.04096917628565677,0.028217221909663692,0.015517173964120445,0.0028882231816709236,-0.009650474471037285,-0.02207983135058811,-0.03438086192831946,-0.046534716722177905,-0.05852271634645945,-0.0703263855789018,-0.08192748731369193,-0.09330805632915684,-0.1044504327499638,-0.11533729504824919,-0.12595169252833927,-0.13627707726219995,-0.14629733538890122,-0.1559968177340849,-0.16536036970268242,-0.17437336028342543,-0.18302171003163892,-0.19129191802405643,-0.19917108772010295,-0.20664695153316615,-0.21370789399409773,-0.22034297357083688,-0.22654194324725552,-0.23229526980510684,-0.23759415156909824,-0.2424305344099693,-0.2467971259911792,-0.25068740835922654,-0.2540956489940882,-0.25701691042520025,-0.25944705845813587,-0.26138276889287937,-0.2628215324498129,-0.2637616576705284,-0.26420227178118694,-0.26414331965093396,-0.26358556098658426,-0.262530565868623,-0.2609807087009699,-0.25893916064527644,-0.2564098806236501,-0.25339760496493113,-0.24990783576225795,-0.24594682799440193,-0.2415215754247555,-0.23663979525274925,-0.2313099114508148,-0.22554103667799552,-0.2193429526438493,-0.21272608884255106,-0.205701499747164,-0.19828084071557583,-0.19047634278408765,-0.18230078632492308,-0.17376747350427024,-0.16489019963284335,-0.1556832236042922,-0.14616123752309562,-0.13633933554008593,-0.12623298199799393,-0.11585797903898509,-0.10523043372700869,-0.09436672471557728,-0.08328346859821067,-0.07199748607136769,-0.060525767956391974,-0.04888544118310989,-0.037093734887051255,-0.025167946683950504,-0.01312540918313232,-0.0009834568773783303,0.011240606520324548,0.023529540256731707,0.035866198094659296,0.04823355912466809,0.060614757793516105,0.07299311302883638,0.08535215630267601,0.09767565857783467,0.10994765606763934,0.12215247469114132,0.13427475323718596,0.14629946532673443,0.15821194009822648,0.16999788143531447,0.18164338571440908,0.193134958207132,0.2044595281631416,0.2156044624187956,0.22655757744079352,0.23730714992603197,0.24784192615278045,0.2581511301113153,0.268224470240952,0.27805214462478745,0.2876248446843661,0.29693375757952367,0.30597056757429186,0.31472745657705303,0.32319710396930645,0.3313726857221795,0.33924787267127243,0.3468168278129298,0.3540742026168857,0.3610151324369397,0.36763523109422636,0.3739305846830234,0.37989774463889603,0.38553372012959386,0.3908359698643409,0.3958023934449031,0.4004313224103484,0.4047215111207265,0.4086721275805658,0.4122827442828836,0.4155533291449842,0.4184842365736756,0.4210761986811775,0.4233303166779976,0.42524805246679875,0.42683122045964694,0.42808197962848027,0.42900282577645754,0.429596584016096,0.42986640145959143,0.4298157401531242,0.42944837029278204,0.4287683637272508,0.4277800877341491,0.42648819906266766,0.42489763821733106,0.4230136239149047,0.42084164760431264,0.4183874678971691,0.41565710472462314,0.4126568330672171,0.4093931762533458,0.4058728990408653,0.40210300074451766,0.3980907084671159,0.39384347031859335,0.3893689484933134,0.3846750120728686,0.37976972943229725,0.3746613602879947,0.36935834761021624,0.36386930955107033,0.3582030312856048,0.3523684565399634,0.3463746787062121,0.3402309316811838,0.3339465806201076,0.3275311126128244,0.32099412714282494,0.3143453262151539,0.30759450418368317,0.30075153743172933,0.2938263740031104,0.28682902311619785,0.27976954446131685,0.2726580373405838,0.2655046298199508,0.2583194679200247,0.2511127046946342,0.24389448915025724,0.23667495518834158,0.2294642107250482,0.22227232689654386,0.21510932716057596,0.20798517629054203,0.20090976946654848,0.19389292161056204,0.186944356873326,0.1800736980747928,0.17329045603256077,0.1666040189441702,0.16002364205640873,0.15355843764809407,0.14721736512230876,0.14100922099510882,0.13494262874777263,0.12902602873394642,0.12326766840189407,0.11767559293814145,0.11225763627152219,0.1070214123134079,0.10197430632018012,0.09712346639891223,0.09247579535798423,0.08803794308700219,0.08381629947651703,0.07981698778425539,0.07604585834432243,0.07250848253021047,0.06921014688983718,0.06615584736805857,0.0633502835917028,0.06079785336327603,0.05850264763200386,0.056468446131582084,0.05469871372256563,0.05319659739820537,0.05196492389264051,0.05100619784930416,0.0503226005256181,0.04991598899056271,0.04978789574516185,0.04993952869347851,0.05037177141088023,0.0510851836567312,0.05208000205655594,0.05335614088610896,0.05491319292632113,0.05675043036241334,0.05886680568112013,0.061260952531291935,0.0639311865425114,0.0668755061109394,0.07009159318413083,0.0735768140703712,0.07732822025069908,0.08134254916608796,0.08561622498442034,0.09014535934966972,0.09492575210635579,0.0999528920280639,0.10522195762874986,0.11072781816403676,0.11646503493811622,0.12242786302226705,0.128610253478044,0.1350058561515297,0.14160802299824837,0.148409811711538,0.15540398936560962,0.16258303597295054,0.1699391480891066,0.17746424269274996,0.18514996151014174,0.1929876757454494,0.20096849098787573,0.2090832521466126,0.21732254851212218,0.22567671914308107,0.23413585870905962,0.24268982379086879,0.25132823952215233,0.26004050647684096,0.26881580784938564,0.27764311707863953,0.2865112060244499,0.29540865362123014,0.3043238548627869,0.31324503017040684,0.3221602353475461,0.3310573721854766,0.33992419958771336,0.34874834513269803,0.35751731716935353,0.36621851753906043,0.3748392548661883,0.3833667583192195,0.3917881918675903,0.4000906691263282,0.40826126876353896,0.4162870503492826,0.4241550706323096,0.4318524003499249,0.4393661416065129,0.4466834457310611,0.45379153154095775,0.4606777040357528,0.4673293735162076,0.47373407502470144,0.4798794880335677,0.48575345640283274,0.4913440086131331,0.4966393781762761,0.5016280241163855,0.5062986515191454,0.5106402321365735,0.5146420248851769,0.5182935960852717,0.5215848394937268,0.5245059962471572,0.5270476746266226,0.5292008693652761,0.5309569803266072,0.5323078306426012,0.5332456845135454,0.5337632647397257,0.5338537697990446,0.5335108901557248,0.5327288236075987,0.53150228967678,0.5298265431802207,0.5276973871753441,0.5251111854538664,0.5220648746553636,0.5185559758832738,0.5145826055308262,0.5101434850367568,0.5052379494418489,0.4998659547266584,0.49402808393997333,0.4877255521292696,0.48096021008510803,0.4737345469307428,0.4660516916096,0.4579154133213805,0.4493301209514513,0.4403008615427595,0.4308333178608521,0.42093380511039413,0.41060926686976984,0.3998672702665189,0.38871600030628173,0.37716425316167346,0.3652214282079811,0.35289751864286956,0.3402031006017907,0.327149320842409,0.3137478832402465,0.30001103427350984,0.2859515474587866,0.27158270666346596,0.25691828838682795,0.24197254313946814,0.22676017590453768,0.2112963256574787,0.19559654403582272,0.17967677322700126,0.16355332310813253,0.147242847718708,0.13076232110262254,0.11412901252767682,0.09736046115121155,0.08047445018624444,0.06348898059435015,0.04642224434470421,0.029292597255498265,0.012118531437472768,-0.005081352614801915,-0.022288374244254783,-0.039483801119658324,-0.05664887794342377,-0.07376485532516597,-0.09081301875347236,-0.10777471761240065,-0.12463139418508717,-0.14136461257563582,-0.1579560874927708,-0.1743877128442506,-0.19064159011973913,-0.20670005654097423,-0.22254571291329484,-0.23816145114376042,-0.2535304813874788,-0.2686363586958933,-0.2834630090954846,-0.2979947551347024,-0.31221634087955863,-0.3261129562805536,-0.3396702608896689,-0.3528744068652756,-0.3657120610845439,-0.37817042624191544,-0.390237260988755,-0.4019008992033548,-0.41315026832965884,-0.4239749066107592,-0.4343649791211206,-0.4443112926493029,-0.4538053095568202,-0.4628391607368272,-0.47140565775502097,-0.47949830416244765,-0.48711130581030915,-0.4942395799243542,-0.5008787628182603,-0.5070252162818036,-0.5126760327454747,-0.517829039306001,-0.5224828006201605,-0.5266366206499953,-0.5302905433082046,-0.5334453520865807,-0.5361025687122947,-0.5382644508308516,-0.5399339887040782,-0.5411149009249883,-0.5418116291267836,-0.5420293315658711,-0.5417738753926002,-0.5410518274547371,-0.5398704435167616,-0.538237655855248,-0.536162059360791,-0.533652896333173,-0.5307200399804373,-0.5273739764973087,-0.5236257857428726,-0.5194871207086535,-0.5149701858554607,-0.5100877142363629,-0.5048529434294409,-0.49927959043910874,-0.49338182562667754,-0.4871742456444039,-0.4806718454410941,-0.4738899894498232,-0.46684438199668676,-0.45955103696392285,-0.4520262467637153,-0.4442865506744553,-0.4363487026600481,-0.42822963881030063,-0.4199464444120764,-0.4115163206442958,-0.4029565509956754,-0.3942844675158881,-0.38551741702748643,-0.37667272746995906,-0.3677676744917022,-0.3588194483817375,-0.34984512145078384,-0.3408616158756459,-0.3318856719771546,-0.3229338170259055,-0.3140223347174853,-0.3051672353652961,-0.2963842268723269,-0.2876886866694406,-0.27909563475621013,-0.2706197078080095,-0.26227513434955796,-0.2540757111848748,-0.2460347812863759,-0.23816521317164074,-0.23047938166727988,-0.22298914994547658,-0.21570585282678678,-0.20864028153072667,-0.2018026700983313,-0.19520268355179837,-0.18884940771869196,-0.18275134064929688,-0.1769163856061624,-0.17135184559902683,-0.1660644193920433,-0.16106019888698597,-0.15634466780593215,-0.15192270162274468,-0.1477985686773664,-0.14397593238102502,-0.14045785444668724,-0.13724679910513515,-0.1343446382413518,-0.13175265735249297,-0.1294715622378746,-0.12750148637753256,-0.1258419989858126,-0.1244921137309376,-0.12345029814753872,-0.12271448383310712,-0.12228207755455145,-0.12214997336820943,-0.12231456575951682,-0.12277176364607811,-0.12351700499085894,-0.12454527185902009,-0.12585110590850235,-0.1274286243837679,-0.12927153663313362,-0.13137316099907537,-0.13372644183585436,-0.13632396653999024,-0.13915798265792034,-0.14222041518916484,-0.14550288412149825,-0.148996722044636,-0.15269299156129534,-0.15658250230924153,-0.1606558275992782,-0.16490332077864167,-0.16931513144333366,-0.17388122156312846,-0.17859138139890973,-0.1834352449171277,-0.18840230447119666,-0.19348192472735803,-0.1986633559355937,-0.20393574666607606,-0.20928815612219864,-0.2147095661537719,-0.2201888931261493,-0.22571499978146647,-0.2312767070761481,-0.23686280579925523,-0.24246206776239632,-0.24806325647804073,-0.25365513735077627,-0.25922648744779053,-0.2647661049149761,-0.2702628181084634,-0.27570549451768045,-0.2810830495282133,-0.2863844550544812,-0.29159874808569697,-0.29671503919441733,-0.301722521063283,-0.30661047709124745,-0.31136829014289447,-0.31598545148581536,-0.3204515699177719,-0.3247563810839864,-0.32888975701747825,-0.33284171594817735,-0.33660243243409127,-0.3401622478768118,-0.34351168146012867,-0.34664144153433796,-0.34954243750781444,-0.3522057923325548,-0.3546228556050508,-0.3567852171543251,-0.3586847208299986,-0.36031347818860837,-0.3616638819297151,-0.36272861905390386,-0.36350068373565847,-0.3639733899268549,-0.3641403837619279,-0.36399565586893345,-0.36353355367881335,-0.36274879380677305,-0.36163647454957726,-0.36019208840901484,-0.3584115343514682,-0.3562911294697457,-0.35382761988078926,-0.3510181908643517,-0.34786047629354755,-0.34435256739102016,-0.34049302083150224,-0.3362808662079715,-0.33171561287544193,-0.3267972561622017,-0.32152628292428886,-0.31590367645370776,-0.3099309207540344,-0.30361000415523165,-0.29694342224942005,-0.28993418015686245,-0.28258579409619955,-0.2749022921838602,-0.26688821439403654,-0.25854861165174015,-0.24988904405889656,-0.2409155782562138,-0.23163478390934955,-0.22205372929708744,-0.21217997599596572,-0.20202157268369092,-0.19158704808311455,-0.1808854030440159,-0.16992610173960543,-0.15871906195053498,-0.14727464441688198,-0.13560364122121626,-0.12371726311456399,-0.11162712566268596,-0.09934523410854013,-0.08688396688243216,-0.07425605768942489,-0.061474576111713475,-0.048552906815025665,-0.035504727634474875,-0.022343986779134184,-0.00908487918552936,0.004258178089173725,0.01767057146044948,0.03113751717152269,0.044644088098735324,0.05817524089896153,0.07171584357078586,0.0852507034640837,0.09876459561448314,0.11224229115133966,0.12566858556998284,0.13902832683299948,0.15230644340013555,0.16548797226161582,0.1785580868642782,0.19150212465481786,0.2043056139940589,0.21695430036728425,0.22943417196243843,0.24173148471584227,0.2538327868628656,0.26572494290874005,0.2773951567703321,0.28883099379081756,0.3000204014863286,0.3109517290600863,0.3216137457588033,0.3319956581329393,0.34208712627093263,0.35187827906362656,0.3613597285208954,0.3705225831766086,0.3793584606595317,0.3878594994900837,0.39601837011397123,0.40382828518293223,0.4112830090849471,0.41837686662835694,0.4251047506996031,0.4314621287757703,0.4374450483140677,0.44305014110530294,0.4482746266140012,0.4531163142500887,0.457573604529216,0.4616454891293742,0.4653315498843966,0.46863195676036895,0.4715474648349627,0.47407941029459266,0.4762297054662028,0.47800083284000294,0.47939583799266927,0.48041832135062634,0.48107242874568357,0.481362840693059,0.48129476032123364,0.48087389988882734,0.48010646582334715,0.4789991422437154,0.47755907307080747,0.4757938430215205,0.4737114577643311,0.47132032330694074,0.46862922454432976,0.46564730288339007,0.4623840329515829,0.45884919859366136,0.4550528684702684,0.45100537142527486,0.446717271579395,0.44219934305200326,0.43746254429629516,0.4325179922001965,0.427376936189674,0.4220507324365741,0.41655081809421546,0.41088868546482615,0.4050758561686649,0.3991238556026957,0.3930441879935813,0.38684831214483495,0.38054761782521496,0.3741534027393243,0.3676768500222849,0.3611290061913124,0.3545207596136848,0.34786281979594946,0.34116569784657713,0.3344396882270786,0.32769485174281243,0.32094099975225276,0.3141876795695424,0.30744416097688543,0.3007194237699693,0.2940221463162729,0.28736069511002427,0.28074311526699347,0.2741771219101139,0.267670092447041,0.2612290597452258,0.2548607061736874,0.2485713584887037,0.2423669835844393,0.23625318512040394,0.23023520101190087,0.22431790179557254,0.21850578990484593,0.21280299986093354,0.20721329937602917,0.20174009141302918,0.1963864172610741,0.19115496065077053,0.1860480529199151,0.18106767923934797,0.17621548581298185,0.17149278780379973,0.1669005776944843,0.16243953392786636,0.15811002982998446,0.1539121428546011,0.14984566416082146,0.14591010855404107,0.142104724866158,0.13842850688276087,0.13488020493233677,0.1314583381973904,0.12816120765776873,0.12498690939243318,0.12193334793064992,0.11899824952406846,0.11617917538389122,0.11347353494751644,0.11087859921348553,0.1083915141860885,0.10600931444810158,0.10372893676100148,0.1015472334124965,0.09946098501547596,0.09746691266162344,0.09556168949394817,0.09374195177722555,0.09200430951819527,0.09034535668094179,0.08876168105038573,0.08724987378632676,0.08580653869353938,0.08442830124008793,0.08311181736627304,0.08185378211958749,0.08065093813637958,0.07950008398719177,0.07839808238102108,0.07734186813252109,0.076328455722674,0.07535494634434059,0.07441853444160529,0.07351651379549651,0.07264628318649358,0.07180535165576174,0.07099134342404056,0.0702020025389345,0.06943519728539371,0.06868892438868812,0.06796131306517594,0.06725062896405376,0.06655527797857985,0.06587380985123303,0.06520492152318269,0.06454746023516833,0.06390042638485482,0.06326297609846421,0.06263442344771875,0.062014242258541685,0.06140206750386312,0.06079769631281806,0.06020108859097917,0.05961236716429141,0.059031817346706816,0.0584598858842611,0.05789717924395177,0.057344461164220206,0.05680264934030532,0.05627281113938665,0.05575615833914327,0.055254041041131075,0.054767941026078404,0.05429946477832459,0.053850336268929766,0.053422389481156074,0.053017560600942204,0.05263787974870837,0.05228546212328666,0.05196249856337687,0.05167124578755278,0.05141401668055323,0.05119317079809349,0.05101110502170059,0.050870244239007434,0.05077303196598848,0.05072192086540639,0.05071936313633074,0.05076780076356613,0.05086965570565383,0.05102732026767853,0.05124314795702389,0.051519444968057826,0.05185846225791835,0.05226238811400208,0.052733341135059675,0.0532733635768281,0.05388441502438468,0.05456836636135165,0.05532699403208596,0.05616197460403072,0.05707487962546054,0.05806717077847168,0.05914019532859527,0.060295181856865554,0.06153323626506335,0.06285533805364452,0.06426233686323002,0.06575494926190117,0.06733375575905853,0.06899919803189647,0.07075157635256346,0.07259104720614573,0.0745176210986429,0.07653116055948317,0.07863137834556966,0.08081783584170665,0.08308994164793404,0.08544695037038963,0.08788796163841539,0.09041191935164505,0.09301761117038154,0.09570366827837518,0.09846856542192484,0.10131062116873579,0.10422799829408547,0.10721870421807722,0.11028059143740165,0.1134113578971494,0.11660854727492875,0.11986954918665305,0.1231915993217072,0.12657177950768528,0.13000701771337475,0.13349408799797402,0.13702961042339012,0.14061005096641566,0.14423172145885133,0.14789077957621544,0.15158322890404463,0.1553049191207947,0.15905154634835128,0.16281865372381077,0.16660163223443192,0.17039572185970542,0.17419601306707477,0.17799744867480882,0.1817948260808464,0.18558279989989757,0.1893558850810919,0.1931084605772,0.19683477365220625,0.20052894492314266,0.20418497422321025,0.20779674737907783,0.211358043965177,0.21486254595396304,0.21830384699823213,0.22167546206920008,0.2249708373387307,0.2281833603444099,0.23130637054346437,0.23433317036218426,0.23725703680300825,0.24007123355753635,0.24276902337579287,0.24534368038338528,0.247788502236034,0.25009682218878027,0.2522620211772235,0.2542775399802082,0.2561368914422033,0.25783367253458067,0.25936157595423737,0.2607144011095528,0.26188606451950847,0.26287060971277754,0.2636622167118503,0.2642552111924914,0.2646440734135993,0.26482344698287363,0.2647881474411733,0.2645331705422507,0.26405370009124596,0.2633451153037285,0.26240299771364306,0.2612231376524292,0.25980154032174596,0.2581344314969698,0.256218262881319,0.2540497171239693,0.25162571254670496,0.24894340764502942,0.24600020545708645,0.24279375793906155,0.23932197047881232,0.235583006626932,0.2315752930932362,0.22729752504226752,0.22274867171071122,0.21792798237268585,0.21283499267134687,0.2074695313138193,0.201831727115227,0.19592201632152495,0.18974115000384728,0.18329020125431583,0.17657057202256254,0.16958399957747616,0.16233256264656148,0.154818687294501,0.147045152579949,0.13901509599350703,0.1307320186536316,0.1221997902286418,0.11342265354419112,0.10440522884758252,0.095152517719157,0.0856699066015949,0.0759631698986567,0.06603847259243878,0.055902372322982785,0.045561820878404546,0.035024165038372246,0.024297146686855342,0.013388902111387324,0.002307960449158486,-0.008936758710262893,-0.020335948547362648,-0.03187991907537935,-0.043558602074952546,-0.0553615569408592,-0.0672779775320933,-0.07929670016690693,-0.09140621288897677,-0.10359466607001622,-0.11584988439493316,-0.12815938033264018,-0.14051036921777182,-0.15288978592006686,-0.16528430288119011,-0.17768034930279697,-0.19006413142611933,-0.2024216539375132,-0.21473874248884783,-0.22700106718215807,-0.23919416682183225,-0.25130347389645635,-0.26331434037555823,-0.2752120642834299,-0.2869819168531649,-0.2986091701136431,-0.31007912488426115,-0.32137713912759835,-0.3324886564815017,-0.34339923478432866,-0.3540945745443338,-0.36456054732065013,-0.37478322385541674,-0.3847489018085426,-0.39444413310329196,-0.40385575091182346,-0.4129708961465042,-0.42177704325948895,-0.4302620253050051,-0.4384140583250584,-0.446221764995947,-0.4536741973181364,-0.46076085819170487,-0.46747172190502795,-0.47379725363374803,-0.4797284279258207,-0.48525674596398716,-0.49037425136526736,-0.4950735444362877,-0.49934779496197024,-0.5031907536528308,-0.5065967623779812,-0.5095607632958661,-0.5120783069128265,-0.514145558934743,-0.515759305646533,-0.5169169576251136,-0.5176165517734717,-0.5178567517485746,-0.5176368468565755,-0.5169567495254341,-0.5158169915353028,-0.5142187191888965,-0.5121636875112685,-0.5096542534866515,-0.5066933683347798,-0.5032845688547525,-0.49943196787355504,-0.49514024387618605,-0.49041462995226226,-0.4852609021576626,-0.4796853673053647,-0.4736948501709861,-0.46729668009053427,-0.4604986768929109,-0.45330913607069334,-0.4457368130823838,-0.43779090670703624,-0.42948104142800503,-0.42081724889951744,-0.4118099486756037,-0.402469928465365,-0.3928083240685041,-0.38283659894891997,-0.3725665233187456,-0.3620101526773496,-0.35117980592903564,-0.3400880432897111,-0.32874764406373913,-0.31717158421925973,-0.30537301372180536,-0.2933652337570365,-0.28116167401229575,-0.26877587000423375,-0.2562214403400773,-0.24351206395884617,-0.23066145754332723,-0.21768335319541876,-0.2045914763558656,-0.19139952407073224,-0.17812114382149247,-0.16476991299759192,-0.15135931891658316,-0.1379027393473251,-0.1244134236418688,-0.11090447456984975,-0.09738883081847405,-0.08387925012743835,-0.07038829314106465,-0.0569283080596108,-0.04351141605608433,-0.030149497379518664,-0.01685417816280932,-0.003636818043339929,0.009491501350389342,0.0225199871248023,0.03543814518673116,0.04823578964546016,0.060903051377991346,0.07343038561359094,0.08580857857404567,0.09802875331543248,0.11008237493005169,0.12196125525167645,0.13365755718844952,0.1451637987368386,0.1564728565579614,0.16757796886037113,0.1784727373909476,0.18915112850382343,0.19960747338667773,0.2098364675391764,0.21983316958640842,0.22959299952871248,0.23911173656255613,0.24838551660185004,0.25741082960276884,0.2661845167728103,0.2747037676875337,0.28296611728094234,0.2909694427124947,0.29871196017426627,0.3061922216728874,0.31340911177733943,0.3203618443296463,0.32704995909626433,0.333473318291972,0.3396321028820424,0.3455268085536929,0.3511582412324614,0.3565275120079363,0.3616360313352587,0.36648550246183476,0.3710779142217788,0.3754155334548841,0.37950089716359514,0.3833368043125489,0.3869263071085314,0.3902727016647489,0.3933795181333295,0.39625051052929194,0.3988896463751317,0.4013010960837562,0.4034892219141568,0.4054585664739747,0.40721384094519664,0.4087599132170041,0.41010179592664286,0.41124463427512836,0.4121936935619033,0.41295434658965746,0.4135320611439184,0.4139323875805374,0.41416094640664625,0.4142234157464628,0.4141255187040258,0.41387301079041094,0.4134716676063519,0.41292727283578756,0.4122456064486144,0.41143243296266974,0.41049348977088584,0.4094344757625663,0.40826104047833667,0.4069787738790964,0.4055931966884785,0.4041097512202896,0.40253379257254807,0.40087058003230425,0.3991252685646174,0.3973029004412041,0.3954083972567801,0.39344655256191885,0.39142202518684144,0.38933933324168635,0.3872028487673447,0.38501679300901515,0.38278523228043326,0.38051207438810053,0.3782010655844985,0.37585578801047603,0.37347965759314405,0.37107592237143905,0.36864766122046433,0.366197782927145,0.3637290255238881,0.36124395577858337,0.35874496880121853,0.35623428779566524,0.35371396398425503,0.3511858766657454,0.34865173334915056,0.34611306997408064,0.34357125127279886,0.34102747130005184,0.3384827541248612,0.3359379546841552,0.3333937598075849,0.33085068940473406,0.3283090978113137,0.32576917535315886,0.32323095021637016,0.32069429069039046,0.3181589078671081,0.31562435892622176,0.3130900511501693,0.3105552467967101,0.308019068941789,0.3054805083522467,0.3029384312725014,0.30039158785128706,0.2978386210375916,0.29527807599492917,0.29270841017547866,0.29012800418275475,0.287535173434911,0.28492818043327617,0.2823052473825314,0.2796645690766937,0.2770043261356889,0.27432269870219983,0.2716178805695435,0.26888809352379894,0.2661316016727895,0.26334672569037565,0.26053185702915727,0.2576854721953339,0.25480614709173466,0.25189257120445063,0.2489435613201394,0.24595807465746589,0.2429352214785112,0.23987427725084842,0.23677469440089993,0.23363611365527248,0.2304583748040585,0.22724152656139296,0.22398583525433935,0.22069179224561708,0.21736012008270222,0.21399177736617503,0.21058796232663468,0.20715011513799197,0.2036799190469054,0.2001793003911203,0.19665042752048834,0.19309570859255842,0.18951778821465126,0.18591954292512014,0.18230407553779315,0.17867470840167243,0.17503497562432102,0.1713886142942087,0.16773955473721713,0.16409190983992517,0.16044996347621776,0.1568181580989929,0.1532010815736342,0.14960345329970437,0.14603010960288287,0.14248598832482173,0.13897611251994135,0.13550557316615652,0.1320795107925079,0.12870309598058327,0.1253815088840895,0.12211991807685507,0.11892345897373957,0.11579721187081304,0.11274617958569166,0.10977526483280542,0.10688924765658925,0.10409276321656336,0.1013902800143569,0.0987860785162269,0.09628423015816878,0.09388857689037167,0.09160271152838817,0.08942995907754892,0.08737335903045107,0.08543564856855568,0.08361924667899956,0.08192623940078647,0.08035836649858652,0.07891700969720006,0.07760318240627129,0.07641752080389352,0.07536027618125019,0.07443130846234425,0.07363008081549083,0.07295565537945947,0.07240669029969382,0.07198143830720483,0.07167774694314488,0.07149306041628023,0.07142442303780427,0.07146848416304152,0.07162150458587035,0.07187936432676167,0.07223757171617251,0.0726912736593448,0.07323526696750093,0.07386401065548398,0.07457163913596787,0.07535197622732426,0.0761985498904707,0.07710460763858862,0.0780631325401302,0.07906685972592697,0.08010829336339498,0.08117972406819263,0.08227324670956904,0.08338077859294657,0.08449407799939479,0.0856047630364074,0.08670433076692063,0.0877841765857923,0.08883561377992777,0.08984989320268255,0.09081822306036713,0.09173178888630673,0.09258177377108723,0.09335937886981327,0.09405584421386237,0.09466246990655947,0.09517063781294155,0.09557183377638978,0.09585767018535307,0.09601990859356135,0.09605048224130286,0.0959415185283845,0.09568536154191776,0.09527459464612065,0.09470206294304262,0.09396089531266938,0.09304452587586809,0.09194671490723749,0.0906615692690238,0.08918356232139502,0.08750755310995828,0.08562880463633604,0.08354300115463076,0.08124626448620376,0.07873516922442292,0.07600675658710543,0.07305854675783507,0.06988854974886038,0.06649527490845486,0.06287773908781702,0.05903547326672509,0.05496852738132674,0.0506774732773323,0.04616340588533774,0.04142794275561812,0.036473222086087276,0.03130189937259331,0.025917142785978342,0.0203226272789081,0.014522527251287443,0.008521507540002915,0.0023247126480825386,-0.004062245719367752,-0.010633302723782379,-0.01738195597102532,-0.02430128246771801,-0.03138395680755934,-0.03862227043813249,-0.04600815187873053,-0.05353318778214344,-0.06118864473597796,-0.0689654916822704,-0.0768544228153516,-0.08484588081469724,-0.09293008027726302,-0.10109703122436997,-0.10933656259265945,-0.11763834565327613,-0.1259919173055053,-0.13438670320773838,-0.1428120407522755,-0.15125720190899017,-0.15971141596497063,-0.1681638921942863,-0.17660384246553917,-0.1850205036663013,-0.19340315963571442,-0.2017411622653853,-0.21002395162549448,-0.2182410751567332,-0.22638220598431502,-0.2344371603882962,-0.2423959145109933,-0.2502486204393932,-0.25798562179463147,-0.2655974688467353,-0.27307493294110685,-0.28040901987719025,-0.2875909820195446,-0.2946123291610476,-0.30146483826554515,-0.3081405622346054,-0.31463183785626825,-0.3209312930967201,-0.32703185387791933,-0.33292675046914155,-0.3386095236061806,-0.34407403034635564,-0.349314449444158,-0.35432528592015444,-0.3591013746612006,-0.3636378831250511,-0.3679303133150782,-0.37197450318566894,-0.37576662763434854,-0.3793031991828073,-0.3825810682498556,-0.38559742275431574,-0.38834978688529276,-0.3908360190773621,-0.39305430932757446,-0.39500317602085744,-0.39668146241551483,-0.39808833282765477,-0.3992232683472565,-0.40008606183428697,-0.40067681211518646,-0.4009959174908815,-0.4010440687110517,-0.40082224157573165,-0.4003316893210851,-0.39957393484808534,-0.39855076265769185,-0.39726421024123226,-0.3957165588026541,-0.3939103233976482,-0.3918482426372947,-0.38953326808623245,-0.3869685534963736,-0.38415744402418994,-0.38110346555262,-0.377810314138209,-0.3742818454385386,-0.37052206390631426,-0.3665351116521407,-0.36232525703260166,-0.357896883083896,-0.3532544759230092,-0.34840261321616595,-0.343345952767109,-0.33808922126651453,-0.3326372032840439,-0.3269947305905987,-0.3211666718696691,-0.31515792286914746,-0.3089733970476729,-0.30261801675895583,-0.29609670499637275,-0.2894143777129159,-0.2825759367457721,-0.27558626338837655,-0.2684502126290198,-0.26117260802659104,-0.2537582372048419,-0.2462118480164861,-0.23853814546735208,-0.23074178946672674,-0.22282739341539326,-0.2147995235947704,-0.20666269931059134,-0.19842139375598578,-0.19008003555941855,-0.1816430109798972,-0.17311466670938813,-0.16449931322185307,-0.15580122858830237,-0.1470246626982714,-0.13817384184301318,-0.12925297358418675,-0.12026625183293049,-0.11121786209492512,-0.1021119868414857,-0.09295281097659824,-0.0837445274191495,-0.07449134283978509,-0.06519748351583843,-0.05586720115584143,-0.046504778521061496,-0.03711453471239423,-0.02770082998380019,-0.018268069894247674,-0.008820708619765583,0.0006367486939353739,0.010099744589602722,0.019563668866005912,0.029023858826107585,0.0384756000923403,0.04791412809515805,0.057334630414729304,0.06673225004513483,0.07610208943592767,0.08543921509318864,0.09473866270732856,0.1039954429282588,0.11320454781811407,0.12236095782887446,0.13145964913773156,0.1404956013577845,0.14946380573547202,0.15835927379318804,0.16717704621198948,0.1759122018290924,0.18455986681524195,0.1931152240864762,0.2015735228194231,0.2099300878834356,0.21818032914737273,0.2263197507082424,0.23434395995572999,0.24224867626013946,0.25002973916333104,0.25768311612132777,0.26520490990771606,0.2725913656600767,0.279838877355175,0.28694399351406474,0.29390342211992504,0.3007140348338524,0.30737287062586915,0.3138771389779933,0.32022422281367113,0.3264116812011011,0.33243725170538596,0.33829885217480893,0.3439945818065766,0.34952272144941077,0.35488173316377214,0.3600702590612741,0.3650871194282743,0.36993131014660463,0.37460199944941763,0.3790985240651068,0.38342038480999463,0.38756724170204393,0.3915389086690695,0.3953353479152213,0.3989566640044231,0.40240309771319005,0.40567501969324127,0.40877292397504306,0.41169742134871967,0.41444923264992184,0.4170291819382612,0.4194381895509025,0.42167726506817615,0.4237475002574911,0.425650062033192,0.42738618542693274,0.4289571665479741,0.4303643554878036,0.4316091490495211,0.4326929831640527,0.4336173249278801,0.4343836642413379,0.4349935050748428,0.43544835654640934,0.4357497241082058,0.4358991010426081,0.4358979602841728,0.43574774647271397,0.43544986810506003,0.4350056896739787,0.4344165237739688,0.4336836232999133,0.4328081739975147,0.4317912876218486,0.43063399580479,0.4293372445667316,0.42790188934267803,0.42632869042242305,0.42461830879549467,0.42277130253604156,0.420788123988892,0.41866911800592277,0.4164145213302035,0.4140244630745116,0.41149896618277637,0.40883794977897736,0.40604123233003975,0.40310853553710047,0.4000394888603722,0.39683363462966526,0.39349043378750537,0.3900092724208406,0.3863894692734604,0.38263028434175084,0.37873092852873924,0.37469057427024666,0.37050836705721224,0.36618343777976037,0.3617149157800199,0.3571019425116404,0.35234368575267183,0.34743935431116313,0.34238821312777645,0.33718959867582754,0.33184293456831426,0.3263477472809342,0.32070368190554177,0.3149105178677587,0.30896818452706043,0.3028767765511162,0.2966365689855479,0.29024803195145665,0.2837118448520499,0.2770289099631924,0.27020036534583625,0.2632275970253488,0.2561122503098687,0.24885624010239837,0.24146176014081533,0.23393129115169842,0.2262676078513195,0.2184737846462781,0.21055319987179644,0.2025095384497817,0.19434679289317103,0.186069262620137,0.1776815516555743,0.169188564990705,0.16059550392982658,0.15190786057870298,0.14313141143693286,0.13427220998307376,0.1253365781163822,0.11633109632511918,0.1072625925485653,0.09813812989060722,0.08896499350226605,0.07975067690918536,0.07050286785516136,0.0612294335839394,0.05193840545065598,0.0426379627660296,0.033336415870813596,0.024042188655023722,0.014763800884047384,0.0055098505979813694,-0.003711003362525389,-0.012890058776974911,-0.022018587475912454,-0.031087852790371073,-0.04008912703943679,-0.049013709123840954,-0.057852942269541074,-0.06659823185653835,-0.07524106316034818,-0.08377301880815224,-0.09218579582324793,-0.10047122221719462,-0.10862127313577474,-0.11662808659097834,-0.12448397881583873,-0.13218145927670122,-0.13971324536101548,-0.14707227672808187,-0.1542517293209542,-0.16124502905911697,-0.1680458652242507,-0.17464820356188682,-0.18104629911434955,-0.18723470875136883,-0.19320830336700823,-0.19896227975658576,-0.20449217217138482,-0.2097938635101002,-0.2148635961181995,-0.2196979821890892,-0.22429401374174773,-0.22864907213742924,-0.23276093710962442,-0.23662779525852073,-0.24024824793799837,-0.24362131850251956,-0.2467464589202919,-0.24962355572525752,-0.2522529352115157,-0.2546353677711366,-0.25677207136357083,-0.2586647141645173,-0.26031541637981803,-0.26172675110304766,-0.2629017440604926,-0.26384387213321503,-0.2645570605948251,-0.2650456790176179,-0.2653145357969109,-0.26536887125087105,-0.26521434934034005,-0.26485704820693456,-0.26430344975617004,-0.26356042835679716,-0.26263523858310833,-0.2615355018997718,-0.26026919220121414,-0.2588446201639698,-0.25727041654255345,-0.2555555147048807,-0.2537091326325509,-0.25174075440172317,-0.2496601110417629,-0.24747716068918635,-0.24520206808626455,-0.24284518364073193,-0.24041702228419837,-0.23792824219763276,-0.23538962331316782,-0.23281204547901524,-0.23020646627966812,-0.22758389869720475,-0.22495538886752087,-0.22233199401439663,-0.2197247604701218,-0.2171447016563377,-0.21460277595127053,-0.21210986454698144,-0.20967674956102655,-0.20731409256724476,-0.20503241349984336,-0.20284206979304287,-0.20075323560993752,-0.19877588108976596,-0.19691975174694676,-0.19519434829005888,-0.1936089070179179,-0.1921723807584641,-0.19089342022303413,-0.1897803556352997,-0.1888411785227717,-0.18808352366082914,-0.18751465136207202,-0.18714143041354703,-0.18697032181999163,-0.18700736332969825,-0.18725815466284246,-0.18772784334390025,-0.18842111103930392,-0.18934216033594709,-0.19049470191651352,-0.19188194215068677,-0.1935065712980517,-0.1953707526273547,-0.19747611263510834,-0.19982373238081408,-0.2024141399151489,-0.2052473038028495,-0.20832262776380617,-0.2116389464468753,-0.2151945223276357,-0.21898704371944433,-0.2230136238812932,-0.22727080120069587,-0.23175454043097687,-0.23646023495715696,-0.2413827100864765,-0.24651622739612833,-0.2518544901646891,-0.25739064988429305,-0.2631173138406879,-0.26902655375347706,-0.27510991546941455,-0.28135842971309444,-0.28776262391740204,-0.2943125351809073,-0.300997724455506,-0.3078072921197048,-0.31472989508967686,-0.32175376560585534,-0.3288667317804439,-0.33605623980253085,-0.34330937755780866,-0.35061289952931673,-0.3579532529970777,-0.36531660548963885,-0.3726888732644369,-0.38005575057359664,-0.38740273963890104,-0.3947151813771228,-0.4019782868195776,-0.40917716903251744,-0.4162968754202012,-0.4233224204189483,-0.4302388185044066,-0.43703111731670674,-0.4436844308056038,-0.4501839724011347,-0.4565150881070039,-0.4626632893287663,-0.4686142853757289,-0.47435401566323776,-0.4798686815246924,-0.48514477745913354,-0.4901691217651134,-0.4949288866289905,-0.49941162762304003,-0.5036053124112883,-0.5074983485415743,-0.5110796103742175,-0.5143384651281124,-0.5172647978173757,-0.5198490348508287,-0.5220821662749557,-0.5239557668099977,-0.5254620158209136,-0.5265937161580254,-0.5273443116164884,-0.5277079028587508,-0.5276792618780064,-0.5272538451996809,-0.5264278059979475,-0.5251980051688108,-0.5235620212075887,-0.5215181586652022,-0.5190654550482705,-0.5162036861219192,-0.5129333696323428,-0.5092557675361391,-0.5051728868501826,-0.5006874791872136,-0.49580303898948586,-0.4905238004829755,-0.4848547334089517,-0.478801537571961,-0.4723706361770681,-0.46556916790106584,-0.4584049776806154,-0.45088660622796795,-0.4430232782572858,-0.4348248893875777,-0.42630199174770667,-0.4174657783964051,-0.4083280667130964,-0.3989012808915291,-0.3891984335833527,-0.37923310663548193,-0.36901943079813293,-0.35857206425050236,-0.34790616977347355,-0.33703739037634506,-0.32598182324052516,-0.3147559920649101,-0.30337681809285755,-0.291861589990134,-0.28022793251862765,-0.26849377396943197,-0.2566773124809032,-0.24479698138380002,-0.23287141364544084,-0.22091940552335387,-0.2089598795566019,-0.19701184692703322,-0.18509436924834688,-0.17322651994066263,-0.16142734530908598,-0.14971582543086726,-0.13811083498725907,-0.12663110409741307,-0.11529517919907306,-0.10412138412392835,-0.09312778149013212,-0.08233213446498411,-0.07175186901704222,-0.061404036798442974,-0.051305278713300595,-0.04147178925021677,-0.031919281726132454,-0.022662954511183386,-0.01371745826328663,-0.0050968643399684765,0.0031853653876297017,0.01111640726324481,0.0186841032252687,0.025876986913480948,0.03268430838430447,0.03909605719857012,0.045102983763683824,0.05069661899599254,0.055869292441663276,0.06061414898262285,0.0649251641663966,0.06879715800936026,0.07222580698596914,0.07520765399783613,0.07774011629183519,0.0798214913775297,0.08145096099885052,0.08262859319884086,0.08335534249612664,0.08363304821057227,0.08346443100738554,0.08285308771299071,0.0818034844184794,0.08032094788796229,0.07841165531431216,0.07608262248036368,0.07334169041983074,0.07019751071532454,0.0666595295454755,0.06273797050425145,0.05844381611083094,0.053788787857520504,0.04878532466015173,0.04344655963069499,0.037786295122991476,0.031818976075776106,0.025559661823884028,0.019023996584174085,0.012228178664649647,0.005188928359821432,-0.0020765453488067465,-0.009550579033870576,-0.017215089883627854,-0.025051611667272766,-0.03304133163791789,-0.04116512817999762,-0.049403608974778024,-0.05773714963558518,-0.06614593278945335,-0.07460998745291647,-0.0831092285738535,-0.09162349670316416,-0.10013259769625193,-0.1086163422792481,-0.11705458542634517,-0.12542726555393102,-0.13371444338349647,-0.1418963402580502,-0.14995337584814905,-0.15786620524686157,-0.16561575535669704,-0.17318326048533095,-0.1805502971636912,-0.1876988180913628,-0.19461118494939456,-0.20127019993688577,-0.20765913610379982,-0.21376176653599543,-0.21956239227818486,-0.225045868852213,-0.23019763137696714,-0.23500371837148748,-0.23945079418233917,-0.24352616977287767,-0.2472178216204668,-0.25051440869103203,-0.25340528763116055,-0.255880526339638,-0.2579309160628256,-0.25954798216913844,-0.2607239937503749,-0.2614519721250588,-0.26172569819272695,-0.26153971847001856,-0.26088934963510013,-0.2597706815449925,-0.2581805788221345,-0.2561166811120117,-0.2535774020647352,-0.25056192707837965,-0.24707020985835726,-0.24310296786403285,-0.23866167671246075,-0.23374856359870932,-0.22836659978040785,-0.22251949216050093,-0.21621167398020447,-0.20944829460328407,-0.20223520833032183,-0.1945789621578058,-0.18648678239324568,-0.17796656003434208,-0.16902683489072956,-0.1596767786110007,-0.14992617689750887,-0.1397854110809149,-0.1292654390199388,-0.11837777519591697,-0.10713446995367804,-0.09554808803757453,-0.08363168664991605,-0.07139879310626895,-0.05886338200494379,-0.046039851873700854,-0.03294300143077322,-0.0195880056497586,-0.005990391656560234,0.007833985644836616,0.021868968217745532,0.03609811964079057,0.0505047498220037,0.06507193971681602,0.07978256611239942,0.09461932637025683,0.10956476294554562,0.12460128767122569,0.13971120593946296,0.15487674079332692,0.1700800567521128,0.185303283250434,0.20052853778071267,0.21573794884621833,0.23091367864488177,0.24603794532346512,0.26109304478413975,0.2760613721980292,0.29092544341426674,0.30566791629499335,0.32027161180354113,0.3347195346781646,0.3489948936945453,0.3630811216571601,0.3769618952596474,0.39062115475332604,0.40404312314365143,0.41721232470762715,0.4301136028635497,0.4427321375144828,0.45505346196097207,0.4670634794982931,0.47874847982182445,0.4900951552897084,0.5010906169713891,0.5117224102728315,0.5219785298952146,0.531847434023689,0.5413180577612025,0.5503798258468677,0.5590226647123941,0.5672370139020231,0.5750138368498625,0.5823446310251299,0.5892214374591234,0.5956368496626965,0.6015840219462945,0.607056677128547,0.6120491135907713,0.6165562116473353,0.6205734392346898,0.6240968569106116,0.627123122114746,0.6296494926437006,0.6316738293268926,0.633194597894267,0.6342108699942486,0.63472232331128,0.6347292407755987,0.6342325089011425,0.6332336152755431,0.6317346451541823,0.6297382770848472,0.6272477775777077,0.6242669949100019,0.6208003521328962,0.6168528393283168,0.6124300051802294,0.6075379478917284,0.6021833053812244,0.5963732445957746,0.5901154497616332,0.5834181094398758,0.5762899022785675,0.5687399813875089,0.5607779574350502,0.5524138807367294,0.5436582225362159,0.534521855471418,0.5250160331425704,0.5151523688499537,0.5049428137370597,0.4943996345138615,0.48353539074274465,0.47236291163002875,0.4608952724286155,0.44914577068188066,0.4371279024485588,0.424855338474849,0.4123419002908477,0.39960153640421936,0.386648298830913,0.3734963200344694,0.3601597901595639,0.3466529344131075,0.3329899905946192,0.3191851869511666,0.305252720510623,0.2912067358982071,0.27706130456147804,0.2628304043194305,0.24852789919066254,0.23416751963399918,0.21976284351396203,0.2053272780150337,0.19087404249797402,0.17641615220731666,0.16196640276596952,0.14753735538892698,0.13314132274800272,0.11879035543654481,0.1044962289729412,0.09027043128564571,0.07612415063999123,0.062068263971859494,0.048113325603807766,0.034269556324517225,0.020546832813288063,0.006954677406433518,-0.006497751785133232,-0.01980167040004943,-0.03294867696246939,-0.045930761517986696,-0.05874031362445464,-0.07137012963008971,-0.08381341922474661,-0.0960638112441714,-0.10811535871844313,-0.11996254316355959,-0.13160027810559427,-0.14302391183786511,-0.1542292294261216,-0.16521245394620365,-0.17597024688699037,-0.18649970763817691,-0.1967983719829789,-0.2068642095129718,-0.21669561989676112,-0.22629142792435175,-0.23565087730545287,-0.24477362343002085,-0.2536597254285624,-0.2623096377147007,-0.27072420101946193,-0.27890463286558287,-0.2868525173759693,-0.29456979429071595,-0.3020587471802898,-0.30932199107330405,-0.3163624598652319,-0.32318339376548977,-0.329788326785291,-0.33618107410450193,-0.34236571916882497,-0.3483466004444651,-0.3541282977881295,-0.3597156184110375,-0.3651135825058063,-0.3703274087718569,-0.3753625001557026,-0.38022443000438955,-0.38491892867873645,-0.3894518706111185,-0.39382926176621424,-0.3980572274329788,-0.4021420002569869,-0.4060899084273615,-0.4099073639764299,-0.41360085120730616,-0.41717691526755374,-0.42064215085424905,-0.42400319103169437,-0.4272666961385312,-0.430439342736598,-0.43352781254950656,-0.43653878136665725,-0.43947890791639566,-0.44235482271858473,-0.44517311689959627,-0.44794033093229757,-0.4506629432850602,-0.45334735897107237,-0.4559998979806039,-0.4586267836031652,-0.4612341306973775,-0.4638279340053302,-0.46641405662406044,-0.4689982187551749,-0.47158598687330766,-0.4741827634558433,-0.476793777387428,-0.47942407505796325,-0.4820785119875808,-0.48476174472089895,-0.4874782228713386,-0.49023218137264735,-0.49302763305718855,-0.49586836169704895,-0.49875791564800664,-0.5016996021451092,-0.5046964820976996,-0.5077513651132435,-0.5108668046046034,-0.5140450930337863,-0.5172882574320212,-0.5205980553401304,-0.5239759712925078,-0.5274232139650366,-0.5309407141078069,-0.5345291233075358,-0.5381888134481301,-0.5419198765956281,-0.5457221250972992,-0.5495950918691292,-0.5535380309369344,-0.5575499182832786,-0.5616294530350672,-0.5657750590417479,-0.5699848869463295,-0.5742568168729747,-0.5785884617962225,-0.582977171608988,-0.5874200378926773,-0.5919138993759105,-0.5964553480686945,-0.6010407360623518,-0.605666182978922,-0.6103275840778721,-0.6150206190627614,-0.6197407616267938,-0.6244832897757746,-0.6292432969666066,-0.6340157040153187,-0.6387952716168499,-0.64357661330029,-0.6483542086907335,-0.6531224170000272,-0.6578754907084559,-0.6626075893978083,-0.6673127936668735,-0.6719851190611621,-0.6766185299851344,-0.6812069535831924,-0.685744293559118,-0.6902244438800196,-0.6946413022865912,-0.6989887835041415,-0.7032608320312619,-0.7074514343826266,-0.7115546306553853,-0.7155645252738196,-0.7194752967835711,-0.7232812066702081,-0.7269766073771038,-0.7305559497905634,-0.7340137903019439,-0.7373447973611249,-0.7405437573710003,-0.7436055797924865,-0.7465253014313831,-0.7492980900684856,-0.7519192476717009,-0.7543842132747045,-0.756688565423687,-0.7588280240467071,-0.7607984516745532,-0.7625958541172437,-0.7642163808301419,-0.7656563251251001,-0.7669121241994858,-0.767980358849421,-0.7688577527732505,-0.7695411715671412,-0.7700276216829636,-0.7703142495436452,-0.7703983408176782,-0.7702773197522319,-0.7699487484443992,-0.7694103259387433,-0.7686598870477255,-0.7676954008382353,-0.7665149688956703,-0.765116823638401,-0.7634993269326813,-0.7616609691275755,-0.759600368512892,-0.7573162711457968,-0.7548075510000913,-0.7520732103940446,-0.749112380626137,-0.7459243227569843,-0.7425084285117691,-0.7388642213035794,-0.7349913573933691,-0.730889627200547,-0.7265589567447819,-0.721999409156119,-0.7172111861988171,-0.7121946298149524,-0.7069502237299901,-0.7014785951640903,-0.69578051668352,-0.689856908207652,-0.6837088391808805,-0.6773375308961604,-0.6707443588641695,-0.6639308550470133,-0.6568987098113226,-0.6496497735609879,-0.6421860580840217,-0.6345097376316815,-0.6266231497040025,-0.6185287955344805,-0.6102293403125998,-0.6017276131809055,-0.5930266070233117,-0.5841294780728248,-0.5750395453646746,-0.5657602900305321,-0.5562953544131588,-0.5466485409926136,-0.5368238111437122,-0.5268252837494671,-0.5166572336820323,-0.5063240901817707,-0.49583043519000825,-0.4851810017031326,-0.47438067220978297,-0.46343447724991194,-0.45234759414270087,-0.4411253459488762,-0.4297732006861139,-0.41829677068481175,-0.40670181183466525,-0.39499422247317284,-0.38318004180468535,-0.37126544784376136,-0.3592567548956396,-0.3471604105742969,-0.3349829923387162,-0.32273120354078344,-0.31041186902049134,-0.2980319302867471,-0.28559844030915826,-0.2731185579552431,-0.2605995420990297,-0.24804874542854094,-0.23547360799600625,-0.22288165054617082,-0.21028046764267572,-0.19767772060832556,-0.18508113029000128,-0.17249846965830073,-0.15993755626846706,-0.14740624462223195,-0.13491241845910906,-0.12246398297400418,-0.11006885689834434,-0.09773496433662388,-0.08547022627065104,-0.07328255170318698,-0.06117982847124637,-0.04916991377398716,-0.037260624432143175,-0.025459726913993563,-0.01377492719830542,-0.0022138605416230916,0.009215918778046728,0.020506947685525745,0.031651864496268445,0.042643419068461696,0.053474482901719966,0.06413805918003135,0.07462729275536617,0.08493548004145168,0.09505607881012423,0.1049827179113123,0.11470920690766206,0.12422954559505683,0.13353793341916287,0.1426287788094669,0.1514967084005434,0.1601365761003848,0.16854347200409592,0.1767127311028318,0.18463994160578778,0.19232095266180238,0.19975188139186884,0.20692911927213942,0.21384933793443395,0.22050949442637346,0.22690683595514827,0.23303890409005135,0.2389035383453404,0.24449887911351453,0.24982336999422472,0.2548757595632978,0.25965510260461855,0.26416076083680196,0.26839240317301716,0.2723500055369428,0.2760338502501938,0.27944452499848893,0.28258292137255125,0.2854502329854256,0.28804795317776666,0.2903778723247825,0.2924420747719907,0.2942429354463485,0.29578311618571007,0.297065561803862,0.2980934958908392,0.2988704163297484,0.2994000905006473,0.2996865501483583,0.29973408586962336,0.29954724114371345,0.29913080587158447,0.2984898094619055,0.2976295135051146,0.29655540403200575,0.29527318334258723,0.29378876142957466,0.2921082470317913,0.2902379383180147,0.28818431320635796,0.28595401934538245,0.2835538637740598,0.2809908022851104,0.27827192853180804,0.27540446290191767,0.2723957411631943,0.26925320289346644,0.2659843797239816,0.26259688342316423,0.25909839384665645,0.2554966467782833,0.2517994216856252,0.24801452942687519,0.24414979995228236,0.24021307002862358,0.23621217100834002,0.2321549166716892,0.22804909116677408,0.22390243706922774,0.21972264359757787,0.2155173350244297,0.21129405930704337,0.20706027695825213,0.20282335018329434,0.1985905322991215,0.19436895745387517,0.1901656306765247,0.18598741829524812,0.18184103875447732,0.17773305383490623,0.17366986028631715,0.169657681899281,0.16570256203370803,0.1618103566352218,0.15798672777309264,0.15423713770098857,0.15056684344872195,0.14698089198688535,0.1434841159919884,0.1400811301874043,0.1367763282242791,0.13357388010474125,0.13047773018419662,0.12749159580311442,0.12461896657762139,0.12186310433310865,0.11922704364371839,0.11671359294422246,0.11432533617341534,0.11206463491513574,0.10993363103389697,0.10793424979860333,0.10606820345597612,0.10433699522582174,0.10274192372778401,0.1012840878454071,0.0999643919912927,0.0987835517051252,0.09774209950525403,0.09684039091744978,0.09607861062435319,0.09545677871647484,0.09497475705593672,0.09463225576998013,0.09442883989004969,0.09436393614767269,0.09443683990554064,0.09464672214533465,0.09499263641813371,0.09547352571747325,0.09608822926089289,0.09683548911887385,0.0977139566109102,0.09872219841381025,0.0998587023255908,0.1011218826257192,0.10251008500178926,0.10402159101338526,0.10565462200964504,0.10740734238992644,0.1092778621501509,0.11126423868255131,0.11336447774490921,0.11557653353762731,0.11789830800771028,0.12032764968757448,0.12286235237381504,0.12550015378833734,0.1282387342228617,0.13107571510587945,0.13400865742170964,0.1370350599398762,0.14015235723472586,0.14335791745537563,0.14664903977566013,0.15002295152066836,0.1534768051727866,0.15700767557880368,0.16061255753880488,0.16428836376390876,0.16803192314220894,0.1718399792886629,0.1757091893833902,0.17963612330060386,0.1836172630283457,0.18764900239767712,0.191727647137931,0.1958494152583583,0.20001043776488103,0.20420675974283853,0.20843434184453713,0.2126890621907549,0.21696671865457517,0.2212630314905084,0.2255736462829887,0.22989413720045349,0.23422001056253805,0.23854670874000306,0.24286961440048316,0.24718405513528552,0.2514853085380082,0.255768607813323,0.2600291479952901,0.26426209284448277,0.26846258248009747,0.2726257417930853,0.27674668956519355,0.28082054800695033,0.28484245239314276,0.28880756066515545,0.2927110630328542,0.29654819164652935,0.3003142304157578,0.3040045250516883,0.307614493366529,0.3111396357278551,0.3145755453834411,0.317917918350318,0.321162562723849,0.3243054074136893,0.3273425103713805,0.33027006638247514,0.33308441448782844,0.3357820450787514,0.33835960669865983,0.3408139125466434,0.3431419465650336,0.34534086889667037,0.3474080205474692,0.3493409272259882,0.351137302412738,0.3527950497195391,0.35431226459295573,0.3556872354031455,0.356918443945375,0.3580045653899404,0.35894446771987276,0.3597372106791141,0.3603820442513097,0.36087840671062565,0.3612259222798784,0.36142439839724005,0.3614738225935028,0.3613743590072005,0.36112634455832193,0.36073028478564595,0.3601868493597209,0.35949686727151686,0.3586613216693735,0.3576813443392197,0.3565582098417508,0.35529332928973645,0.35388824373347916,0.3523446171474163,0.35066422902696814,0.3488489665957104,0.34690081664552963,0.34482185705547863,0.34261424800538265,0.3402802228680528,0.3378220787208548,0.33524216635374415,0.3325428796501271,0.3297266442645679,0.32679590554528914,0.32375311566607934,0.3206007199808312,0.3173411427559927,0.3139767726278393,0.310509948141771,0.30694294354746177,0.30327795487153963,0.2995170862484926,0.2956623364989781,0.29171558594212144,0.2876785834268034,0.28355293358929146,0.2793400843848701,0.275041315061209,0.27065772488952433,0.26619022294416794,0.2616395190502061,0.25700611591373246,0.2522903024486567,0.24749214831387434,0.24261149965991535,0.23764797610848376,0.23260096903308636,0.22746964119856727,0.2222529277508798,0.21694953852084353,0.21155796163282758,0.20607646843389915,0.20050311975833068,0.1948357735178874,0.189072093576641,0.18320955986505538,0.17724547971862137,0.1711770004915394,0.16500112356810348,0.15871471989655106,0.1523145471097962,0.14579726826136152,0.1391594721537217,0.13239769509605992,0.1255084438418521,0.11848821955864963,0.11133354281832908,0.104040979568083,0.09660716785145951,0.08902884491915586,0.08130287447262674,0.07342627399063417,0.06539624217028006,0.05721018636594266,0.04886574973332358,0.04036083784844635,0.031693644742169624,0.02286267832469946,0.013866785049309271,0.004705173478718905,-0.004622563618177367,-0.014116428833062855,-0.02377600135986313,-0.03360041984191753,-0.04358836671641342,-0.05373805397128706,-0.06404721030974514,-0.07451306975531935,-0.08513236171688732,-0.09590130254351692,-0.10681558862394525,-0.11787039103707997,-0.1290603516912583,-0.14037958091848424,-0.15182165656343471,-0.1633796246427366,-0.17504600165065654,-0.1868127785534952,-0.1986714264705256,-0.21061290404350075,-0.22262766656687205,-0.2347056770137499,-0.24683641906563736,-0.2590089121667063,-0.2712117285231912,-0.28343301183594605,-0.2956604975017356,-0.30788153415011266,-0.32008310652775407,-0.3322518597788289,-0.34437412512345844,-0.3564359467879612,-0.36842310994487093,-0.38032116952523154,-0.3921154799085542,-0.4037912254855627,-0.4153334519418408,-0.42672709804035946,-0.43795702783580026,-0.4490080633937481,-0.4598650179365862,-0.4705127291225324,-0.4809360922378261,-0.49112009330728057,-0.5010498421797536,-0.5107106055014583,-0.5200878393976822,-0.5291672217923917,-0.5379346844282864,-0.5463764445801402,-0.5544790362875602,-0.5622293409464589,-0.5696146172746239,-0.5766225307171737,-0.5832411821890702,-0.5894591359171386,-0.5952654462528173,-0.6006496835208992,-0.6056019589945905,-0.6101129489189461,-0.614173917393309,-0.6177767380295975,-0.6209139144611768,-0.6235785998036718,-0.6257646150131038,-0.6274664658694888,-0.6286793582900216,-0.6293992118746559,-0.6296226717990123,-0.6293471192459705,-0.6285706805152316,-0.6272922348556662,-0.6255114209368102,-0.623228641728808,-0.6204450675461075,-0.6171626371723846,-0.6133840571401521,-0.6091127992651693,-0.6043530965249388,-0.5991099373696329,-0.5933890585323951,-0.5871969363948537,-0.5805407769564397,-0.5734285044382688,-0.5658687485590406,-0.5578708305239388,-0.5494447477538174,-0.5406011573752778,-0.53135135848229,-0.5217072731638339,-0.5116814262751816,-0.5012869239254769,-0.49053743065875466,-0.47944714533937116,-0.4680307758519433,-0.4563035128155448,-0.4442810024908752,-0.43197931898207287,-0.4194149357938599,-0.4066046967880155,-0.3935657865389359,-0.3803157000202759,-0.36687221150796034,-0.3532533425768847,-0.3394773291131372,-0.32556258741301747,-0.3115276796243336,-0.2973912787797559,-0.2831721334784163,-0.2688890321802688,-0.254560767225783,-0.24020609886004252,-0.2258437194531595,-0.21149221792165207,-0.19717004438825114,-0.18289547527817263,-0.16868657906299234,-0.154561182719398,-0.14053683887959778,-0.12663079375771957,-0.11285995609018329,-0.09924086726260128,-0.08578967260648085,-0.07252209384031971,-0.05945340281944311,-0.046598396852203905,-0.03397137568328645,-0.021586120046677593,-0.009455871680977168,0.0024066851227715347,0.013989440233871164,0.025280872548371747,0.036270063081126125,0.04694670643043963,0.05730112078146021,0.06732425660869268,0.07700770414224678,0.0863436994517528,0.09532512885692768,0.10394553148258723,0.1121990999783975,0.12008067950092283,0.12758576507047792,0.13471049746472374,0.1414516578433478,0.14780666125722774,0.1537735491135379,0.15935098062399078,0.1645382232926309,0.16933514254975535,0.17374219065712282,0.17776039498754415,0.18139134574516902,0.1846371831949014,0.18750058449275286,0.18998475018999272,0.1920933904315021,0.1938307108119801,0.19520139782238743,0.1962106038529896,0.19686393179271988,0.19716741930614035,0.19712752287327362,0.19675110166068066,0.19604540126212555,0.19501803733716372,0.19367697918845295,0.19203053330912923,0.19008732693028207,0.18785629161789075,0.18534664696021963,0.18256788435828497,0.1795297509100351,0.17624223338233946,0.17271554228487673,0.16896009605715534,0.16498650537614168,0.160805557589228,0.1564282012395708,0.15186553064836517,0.14712877054402895,0.1422292607120923,0.13717844064156282,0.13198783416912363,0.1266690341180876,0.12123368691004544,0.1156934771125151,0.1100601118850264,0.1043453052818748,0.09856076234542144,0.09271816292706347,0.08682914519046392,0.08090528874845404,0.0749580974484374,0.06899898199544197,0.06303924274573092,0.05709005295283731,0.051162442555302334,0.04526728246494116,0.039415269309586165,0.03361691057984473,0.027882510093476753,0.02222215372170666,0.016645695369867042,0.011162743169698786,0.005782645861479807,0.0005144795490963361,-0.004632964849328403,-0.009651193271430714,-0.014532019286555453,-0.019267573973003493,-0.023850314887162938,-0.028273034173196265,-0.03252886591248938,-0.03661129279390707,-0.040514152096818634,-0.044231640939514705,-0.04775832080984088,-0.05108912145560396,-0.05421934421739394,-0.057144664867358586,-0.05986113599458065,-0.06236518897215859,-0.06465363551501468,-0.06672366878641611,-0.06857286402696872,-0.07019917871887316,-0.07160095229672692,-0.07277690544143667,-0.07372613903014269,-0.07444813278509343,-0.07494274361379638,-0.07521020364104203,-0.075251117983548,-0.07506646231248482,-0.07465758018820878,-0.07402618013901474,-0.07317433248527294,-0.07210446591525965,-0.07081936381388942,-0.06932216035405503,-0.06761633635540676,-0.06570571486115284,-0.06359445633727034,-0.06128705341749452,-0.05878832514391519,-0.05610341066213209,-0.053237762370173414,-0.05019713855411112,-0.04698759551092735,-0.04361547910593799,-0.040087415718339514,-0.036410302597111865,-0.03259129768711233,-0.02863780894653445,-0.024557483141890657,-0.02035819412721196,-0.016048030642103583,-0.011635283656403317,-0.007128433279248725,-0.002536135254125327,0.0021327929339491902,0.006869386309062975,0.01166454699509245,0.01650905915207801,0.02139360425514525,0.026308776672983925,0.03124509949055465,0.03619304056345385,0.041143028813429794,0.046085470744024803,0.05101076713504682,0.05590932988175723,0.06077159896918971,0.06558805957879343,0.0703492592927546,0.07504582535398896,0.07966848196640797,0.08420806762267574,0.08865555241720102,0.0930020552901425,0.09723886117409108,0.10135743803028419,0.10534945374481453,0.10920679285278112,0.11292157307617146,0.11648616165798842,0.11989319145121158,0.12313557672067077,0.12620652863665782,0.1290995704416602,0.13180855225716925,0.1343276654718366,0.13665145665465417,0.13877484098038195,0.14069311515974192,0.14240196982324704,0.1438975012847976,0.145176222636465,0.14623507416525428,0.14707143307312265,0.14768312243715087,0.1480684193366315,0.14822606211293987,0.14815525676624475,0.14785568247276615,0.14732749614017138,0.1465713358946843,0.14558832343847428,0.14438006527149128,0.142948652789201,0.14129666125011653,0.13942714759319585,0.13734364708138713,0.1350501687372372,0.13255118953998135,0.12985164736388555,0.1269569326170199,0.1238728785119676,0.12060574990401562,0.11716223063948661,0.11354940933721736,0.10977476350196724,0.10584614187398955,0.10177174494727836,0.09756010370568902,0.09322005687104706,0.0887607270672035,0.08419149610490706,0.07952197936950967,0.07476199925128668,0.06992155758962326,0.06501080713421459,0.060040022141521376,0.05501956841072797,0.04995987311325223,0.04487139464037426,0.039764592529074605,0.0346498974252043,0.02953768104281096,0.024438226124310347,0.019361696434636144,0.014318106907353467,0.009317294239494345,0.004368888331470089,-0.0005177151472324226,-0.005333380960003353,-0.010069259242655448,-0.014716809174572631,-0.019267821385099637,-0.02371443908057813,-0.028049177848153306,-0.03226494407005731,-0.03635505187666155,-0.04031323858160363,-0.0441336785575146,-0.047810995532088896,-0.05134027331666857,-0.05471706498966,-0.05793740055447927,-0.06099779309154485,-0.06389524342737474,-0.06662724335421188,-0.0691917774403521,-0.07158732347468799,-0.07381285160269613,-0.07586782219674149,-0.07775218243421023,-0.07946636151829978,-0.08101126448318041,-0.08238826448356917,-0.08359919343398303,-0.08464633094980911,-0.08553239173402005,-0.08626051169238025,-0.08683423299500959,-0.08725748812190659,-0.0875345828375842,-0.08767017813138267,-0.08766927138399438,-0.08753717711631737,-0.08727950750500924,-0.08690215261877654,-0.08641126023815104,-0.08581321522509455,-0.08511461864500092,-0.08432226695106948,-0.08344313138535142,-0.08248433754955897,-0.08145314504417911,-0.08035692713142595,-0.07920315051772064,-0.07799935552719006,-0.07675313696066155,-0.07547212575950368,-0.07416397143000353,-0.07283632515181182,-0.07149682350777908,-0.07015307275509741,-0.06881263354039646,-0.06748300600033019,-0.06617161532498983,-0.06488579801560945,-0.06363278904461112,-0.06241970995357349,-0.06125355780811503,-0.06014119490253478,-0.0590893391227425,-0.05810455493700317,-0.05719324503133549,-0.0563616425773148,-0.055615804063464225,-0.0549616025992421,-0.05440472162801768,-0.05395064903964908,-0.053604671697264905,-0.05337187035063806,-0.05325711485526341,-0.05326505962002415,-0.053400139267914426,-0.053666564549722295,-0.0540683185087687,-0.0546091528247743,-0.05529258429974249,-0.0561218915250663,-0.05710011177239949,-0.0582300380952816,-0.05951421659379008,-0.060954943829393926,-0.06255426443274104,-0.06431396893358254,-0.06623559179333682,-0.06832040963867314,-0.07056943974668428,-0.07298343883593361,-0.07556290218347073,-0.07830806306357374,-0.08121889251503234,-0.0842950994856011,-0.08753613142361161,-0.09094117534873192,-0.0945091593751286,-0.0982387546468928,-0.10212837771508987,-0.10617619347306828,-0.11038011877749909,-0.11473782684069533,-0.1192467524420664,-0.12390409798907598,-0.1287068404614473,-0.13365173925178198,-0.1387353448038695,-0.14395400781458534,-0.14930388878205036,-0.1547809678313783,-0.16038105485322518,-0.1660998000101941,-0.17193270466144384,-0.17787513273081856,-0.18392232242053552,-0.19006939798013178,-0.19631138120727343,-0.20264320254295143,-0.20905971179884375,-0.21555568859051277,-0.22212585253070927,-0.22876487325524408,-0.23546738038616866,-0.24222797350271463,-0.24904123205954676,-0.2559017250213955,-0.2628040199387911,-0.269742691321575,-0.2767123283127617,-0.2837075417175896,-0.2907229704351124,-0.2977532873363202,-0.30479320465964577,-0.3118374790051419,-0.3188809159869024,-0.3259183745957728,-0.33294477128892197,-0.3399550837631793,-0.3469443543886612,-0.35390769334483707,-0.3608402815241547,-0.3677373732710194,-0.3745942990020552,-0.38140646768987807,-0.38816936915334566,-0.39487857613433164,-0.40152974620934145,-0.4081186235900631,-0.4146410407961909,-0.42109292014441024,-0.4274702750309203,-0.4337692110216338,-0.43998592676998527,-0.4461167147496852,-0.45215796175691736,-0.458106149194343,-0.46395785325915284,-0.46970974516969477,-0.47535859146331205,-0.4809012543061044,-0.4863346917610514,-0.49165595804272755,-0.4968622038448771,-0.5019506767660289,-0.5069187217499902,-0.5117637814593863,-0.5164833965829487,-0.5210752061136859,-0.5255369476373133,-0.5298664576757375,-0.5340616721324807,-0.5381206268646039,-0.5420414583487059,-0.5458224043757198,-0.549461804739245,-0.5529581019185912,-0.5563098417705632,-0.559515674245354,-0.5625743541412263,-0.5654847419207769,-0.5682458046209362,-0.5708566168768812,-0.573316362067736,-0.5756243335943338,-0.5777799363041964,-0.5797826880879384,-0.5816322216767347,-0.5833282866651288,-0.584870751778432,-0.5862596073952986,-0.587494968330887,-0.588577076905004,-0.5895063063317139,-0.5902831644478468,-0.5909082977782845,-0.5913824959097411,-0.5917066960977237,-0.591881988028895,-0.5919096187044914,-0.5917909974252424,-0.5915277008736695,-0.5911214783008063,-0.5905742567908874,-0.58988814657517,-0.5890654464012144,-0.5881086489514402,-0.5870204462702802,-0.5858037351636654,-0.5844616225453905,-0.5829974306986117,-0.5814147024210143,-0.5797172060155944,-0.5779089400650292,-0.5759941379346216,-0.5739772719803256,-0.5718630574347543,-0.5696564559166148,-0.5673626784944901,-0.5649871882365076,-0.5625357021799999,-0.5600141926591462,-0.5574288879244875,-0.5547862719604737,-0.5520930833892663,-0.5493563133803576,-0.5465832025024326,-0.5437812364366081,-0.5409581404697192,-0.538121872690013,-0.5352806157899792,-0.5324427673639747,-0.5296169285814116,-0.5268118911826747,-0.524036622950554,-0.521300251966899,-0.5186120498818241,-0.5159814142605796,-0.5134178499878672,-0.5109309496517085,-0.5085303728102488,-0.5062258241199302,-0.5040270304417547,-0.5019437171940027,-0.49998558428619333,-0.498162281850405,-0.4964833858059947,-0.4949583732250673,-0.4935965974842915,-0.4924072631972294,-0.4913994009091951,-0.49058184157345863,-0.48996319098334595,-0.48955180449361535,-0.48935576231948374,-0.4893828455244318,-0.48964051270787934,-0.4901358773870612,-0.49087568606899623,-0.4918662970165073,-0.4931136597146235,-0.49462329504893177,-0.4964002762309221,-0.49844921050830493,-0.5007742216765436,-0.5033789333909553,-0.5062664532712589,-0.5094393577945908,-0.5128996779909443,-0.5166488860007874,-0.5206878826044559,-0.5250169858546485,-0.5296359209486283,-0.534543811470769,-0.5397391721280371,-0.5452199030742477,-0.550983285785982,-0.5570259802704172,-0.5633440234191127,-0.569932828521452,-0.576787186051213,-0.5839012658452134,-0.5912686207013067,-0.5988821912165392,-0.6067343116328132,-0.6148167166505161,-0.6231205493632928,-0.631636370524916,-0.6403541692631975,-0.6492633751178403,-0.6583528711381987,-0.6676110079167259,-0.6770256186436896,-0.6865840353354855,-0.6962731063024066,-0.706079214727815,-0.7159882981158034,-0.7259858684547851,-0.7360570331002236,-0.7461865164902974,-0.7563586828486848,-0.7665575599233421,-0.7767668636171123,-0.7869700233119019,-0.7971502078143544,-0.8072903519871417,-0.8173731841822658,-0.8273812545618355,-0.8372969642516779,-0.8471025950819708,-0.856780339628699,-0.8663123314251564,-0.8756806753627657,-0.8848674783608672,-0.8938548803990969,-0.902625085981974,-0.9111603960698318,-0.9194432404710327,-0.9274562105467439,-0.9351820918935019,-0.9426038966835151,-0.9497048955278089,-0.9564686488351057,-0.9628790376353322,-0.968920293832852,-0.9745770298668077,-0.9798342677546543,-0.984677467485632,-0.9890925547357483,-0.9930659478760617,-0.9965845842221981,-0.9996359454621029,-1.0022080822160717,-1.0042896376784327,-1.005869870261293,-1.0069386751519076,-1.0074866047108983,-1.0075048876394561,-1.0069854468237125,-1.0059209157617062,-1.0043046535166837,-1.0021307582068673,-0.9993940790899458,-0.9960902272970955,-0.9922155852532484,-0.9877673148126931,-0.9827433641175745,-0.9771424731754905,-0.9709641781441221,-0.9642088142651062,-0.9568775173389454,-0.9489722236076545,-0.9404956679035195,-0.9314513799314241,-0.9218436786172504,-0.9116776646479323,-0.9009592114985523,-0.8896949551462328,-0.8778922824377631,-0.8655593179655057,-0.8527049094171559,-0.8393386116005033,-0.8254706694072098,-0.8111119997952159,-0.7962741727136802,-0.7809693909538922,-0.7652104691260249,-0.7490108120773868,-0.7323843929200322,-0.7153457306114603,-0.697909866971905,-0.6800923431594583,-0.6619091757801527,-0.6433768327819607,-0.6245122091495574,-0.6053326023304066,-0.5858556873267275,-0.5660994915523361,-0.5460823697251698,-0.52582297899162,-0.5053402542827499,-0.4846533838046625,-0.463781784543265,-0.442745077657257,-0.4215630636742418,-0.4002556975796523,-0.37884306409030444,-0.3573453533709454,-0.3357828372312568,-0.3141758457110271,-0.2925447439489446,-0.2709099092269156,-0.24929170806676382,-0.22771047325288407,-0.20618648074825785,-0.1847399266975387,-0.16339090484039787,-0.14215938452746713,-0.12106518933445898,-0.10012797617824276,-0.07936721482344922,-0.058802167691077045,-0.038451869894238655,-0.018335109407978223,0.001529592733895413,0.021124002269552022,0.04043019144481974,0.059430558349326645,0.07810784557594275,0.09644515811916676,0.11442598057283249,0.1320341937134586,0.14925409053934402,0.1660703918301749,0.1824682612890669,0.19843332033318006,0.21395166258582066,0.2290098680048942,0.24359501641254155,0.2576947001696652,0.2712970358778932,0.2843906751123697,0.2969648142231307,0.309009203238233,0.32051415390436233,0.3314705469101966,0.3418698383431362,0.3517040654358894,0.3609658516439467,0.3696484110658105,0.37774555223000306,0.38525168129549314,0.39216180468648787,0.3984715311664573,0.40417707338601616,0.40927524895818124,0.41376348108149585,0.41763979868087375,0.4209028360482563,0.4235518320151286,0.42558662870817443,0.4270076699269225,0.4278159991284056,0.4280132569288071,0.4276016780168419,0.4265840874199256,0.42496389611872587,0.4227450960346033,0.4199322544101278,0.41653050759028076,0.41254555420049144,0.4079836476744987,0.40285158804900334,0.39715671295489585,0.39090688774775373,0.38411049470197156,0.3767764211679818,0.36891404662238614,0.3605332287042273,0.35164428851407337,0.34225799543553137,0.3323855515546157,0.32203857559671434,0.3112290862318119,0.29996948459275785,0.2882725359356755,0.2761513505781821,0.2636193644091023,0.2506903191606682,0.2373782424146711,0.22369742721171804,0.2096624111878782,0.19528795537470245,0.18058902297193669,0.16558075828800867,0.15027846583542015,0.13469758949944577,0.11885369169271343,0.10276243250714145,0.08643954909157969,0.06990083554148185,0.05316212341531923,0.0362392628353021,0.019148104070453087,0.001904479475349774,-0.015475814300295099,-0.03297703375619676,-0.05058350537329659,-0.06827964155489497,-0.08604995558574302,-0.10387907566592247,-0.12175175810949668,-0.13965289980689732,-0.15756755004797895,-0.17548092179367103,-0.19337840247510485,-0.21124556435842123,-0.22906817440320992,-0.24683220340082102,-0.2645238341831728,-0.2821294688559135,-0.29963573511170694,-0.3170294916825682,-0.3342978329939541,-0.35142809308037215,-0.36840784882169686,-0.3852249225702451,-0.4018673842314797,-0.41832355284720535,-0.4345819977230789,-0.45063153914910004,-0.466461248764908,-0.482060449604397,-0.4974187158466563,-0.5125258723143915,-0.5273719937813226,-0.5419474041742802,-0.55624267574877,-0.5702486282711163,-0.5839563282335831,-0.5973570881805728,-0.6104424662517474,-0.6232042659819399,-0.6356345362340576,-0.6477255709849743,-0.6594699087083384,-0.6708603312861854,-0.681889862491829,-0.6925517660416816,-0.7028395431716916,-0.712746929746281,-0.7222678929840427,-0.7313966279019795,-0.7401275535522984,-0.7484553091190449,-0.7563747499593703,-0.7638809436502711,-0.7709691660253313,-0.7776348971659175,-0.7838738173667892,-0.7896818031213186,-0.7950549231684505,-0.7999894346580589,-0.8044817794919297,-0.8085285808880442,-0.8121266402096836,-0.8152729340946152,-0.8179646119274864,-0.8201989936996341,-0.8219735682908222,-0.8232859922119147,-0.8241340888453053,-0.8245158482135295,-0.8244294273045014,-0.8238731509721546,-0.8228455134393329,-0.8213451804377527,-0.819370991996685,-0.816921965868211,-0.8139973015923729,-0.8105963852336302,-0.8067187948072814,-0.8023643063839572,-0.7975329008678429,-0.7922247714691366,-0.7864403318815221,-0.7801802251373147,-0.7734453331030977,-0.7662367865992721,-0.7585559761341543,-0.7504045632292033,-0.7417844923113321,-0.7326980031586814,-0.723147643874718,-0.7131362843440598,-0.7026671301016805,-0.6917437364690144,-0.6803700226499529,-0.6685502854251979,-0.6562892122629762,-0.6435918938387886,-0.6304638359654078,-0.6169109708761908,-0.6029396677708618,-0.588556742544398,-0.5737694666580424,-0.5585855751434465,-0.5430132737313045,-0.5270612450436403,-0.5107386537233864,-0.49405515039526904,-0.4770208744358726,-0.4596464555474782,-0.4419430140923666,-0.42392216013320194,-0.40559599115321276,-0.3869770884708572,-0.3680785123675179,-0.34891379590459337,-0.32949693740652464,-0.3098423916453896,-0.28996505977673337,-0.26988027800379655,-0.2496038048848419,-0.22915180718911188,-0.20854084417572238,-0.1877878501227741,-0.16691011495920804,-0.14592526301694164,-0.1248512301168816,-0.10370623919087052,-0.08250877447373739,-0.06127755427448278,-0.04003150247785925,-0.018789718983306614,0.002428550826145681,0.02360394755715589,0.04471703008861283,0.0657483084585948,0.08667827724291755,0.10748744937193777,0.12815639023192205,0.14866575182731623,0.16899630690137002,0.18912898301173442,0.20904489642774138,0.228725385605685,0.24815204414885272,0.26730675328776954,0.28617171376638595,0.30472947688044627,0.3229629745483251,0.34085554848092414,0.3583909785078774,0.3755535099554024,0.3923278798392644,0.4086993416783571,0.42465368890110256,0.44017727695862163,0.4552570442992945,0.4698805322784878,0.48403590387738404,0.4977119609398386,0.5108981597000337,0.5235846245798683,0.5357621603575495,0.5474222627956351,0.5585571277616452,0.5691596588677896,0.5792234736915205,0.5887429086661982,0.5977130227384606,0.6061295998782512,0.6139891505203394,0.6212889120093976,0.6280268480922402,0.6342016474839482,0.6398127215441747,0.6448602011072992,0.649344932506267,0.6532684728298079,0.6566330844495596,0.6594417288359793,0.6616980596649995,0.6634064152138563,0.6645718100348219,0.665199925864222,0.6652971017009577,0.6648703229751618,0.6639272097180751,0.6624760036837429,0.6605255544990172,0.6580853050798652,0.6551652765845901,0.6517760530270991,0.6479287655537433,0.6436350763962935,0.6389071625092271,0.6337576988292781,0.6281998410492378,0.6222472078153842,0.615913862264641,0.6092142927794484,0.6021633928321464,0.5947764398641198,0.5870690732990553,0.579057271940215,0.5707573309759866,0.5621858386316418,0.5533596523623245,0.5442958744462914,0.535011826885885,0.525525025679876,0.5158531546908591,0.5060140393079351,0.4960256199249571,0.48590592509653163,0.4756730442250685,0.46534509979781546,0.45494021937945206,0.4444765075656534,0.4339720179424802,0.42344472495862107,0.41291249562100774,0.40239306112055573,0.39190398866278997,0.38146265365187304,0.37108621214569126,0.36079157346480173,0.3505953729795621,0.3405139452673396,0.33056329786985117,0.32075908573955303,0.31111658628085337,0.30165067485202,0.29237580076600267,0.283305964052893,0.27445469324282357,0.26583502421897975,0.2574594800654211,0.2493400518344373,0.24148818014155893,0.23391473747939528,0.2266300112334676,0.21964368760956887,0.21296483684094625,0.20660189990576328,0.20056267673413686,0.19485431578857515,0.18948330492872856,0.1844554635152562,0.17977593575227502,0.17544918528773934,0.17147899105246012,0.16786844426935232,0.1646199465776732,0.16173520924485985,0.15921525343066634,0.15706041147193162,0.15527032917650985,0.15384396912141085,0.15277961495698378,0.15207487673199438,0.15172669726144505,0.15173135957494566,0.15208449549402303,0.15278109536096451,0.15381551892725298,0.15518150740852832,0.15687219664219043,0.15888013116786226,0.1611972790386318,0.1638150472667519,0.16672429789551302,0.16991536473226887,0.1733780707816237,0.17710174641891285,0.18107524834437783,0.18528697934481642,0.18972490892085148,0.19437659489981485,0.19922920614710904,0.20426954643887285,0.20948407951259185,0.21485895515779418,0.22038003602600043,0.22603292490663307,0.2318029924382543,0.23767540533285825,0.2436351552114715,0.2496670881106624,0.25575593453452683,0.2618863397481235,0.26804289405855997,0.27421016302251644,0.2803727176550339,0.2865151647427169,0.2926221772844144,0.2986785248978592,0.304669103887349,0.3105789667492047,0.3163933510885357,0.32209770801532756,0.3276777301028204,0.3331193789774787,0.33840891249879945,0.3435329112954406,0.34847830434360105,0.3532323934076871,0.3577828763565378,0.3621178694355862,0.3662259285528151,0.3700960696469551,0.3737177882284044,0.3770810781066132,0.3801764491479105,0.3829949437992539,0.385528152168753,0.38776822555701074,0.3897078884125733,0.3913404487698813,0.3926598072446268,0.3936604645831494,0.3943375277157273,0.39468671430692837,0.39470435587095665,0.3943873995559173,0.39373340870271534,0.39274056226469867,0.3914076531095816,0.3897340851713409,0.3877198694346973,0.3853656187646095,0.3826725416117185,0.37964243464416825,0.37627767433653503,0.37258120752492374,0.36855654096276425,0.36420772994591744,0.35953936608789405,0.35455656431133775,0.3492649490828583,0.34367063988259616,0.337780235875492,0.3316007997332875,0.325139840539002,0.3184052956955554,0.3114055117602703,0.30414922412464307,0.29664553552905204,0.28890389359445834,0.28093406766592466,0.27274612516760044,0.26435040752139827,0.2557575055802772,0.24697823448099854,0.23802360790134713,0.2289048119152426,0.21963317878918787,0.21022016097088425,0.20067730532716155,0.1910162276001941,0.18124858702508106,0.17138606105436338,0.16144032024194388,0.15142300353714688,0.1413456943399254,0.13121989754749563,0.12105701762171606,0.1108683376175037,0.10066499912777971,0.0904579831057788,0.08025809151019558,0.07007592972792764,0.05992188973527135,0.04980613395774469,0.0397385797989287,0.029728884808370992,0.019786432510962015,0.009920319048937642,0.00013934081964350753,-0.009548016815074334,-0.019133589754275704,-0.028609544354829097,-0.03796838564936422,-0.04720296461578499,-0.0563064845243062,-0.06527250641050131,-0.07409495372117902,-0.08276811614710056,-0.09128665264061908,-0.0996455936528875,-0.10784034266485776,-0.11586667705341824,-0.1237207482655549,-0.1313990812685475,-0.13889857329381528,-0.1462164919322575,-0.15335047264692037,-0.16029851575689236,-0.16705898291655075,-0.1736305930599542,-0.18001241774080512,-0.18620387582745934,-0.19220472756654772,-0.19801506803077018,-0.20363531995072748,-0.20906622594712587,-0.21430884018128893,-0.21936451942377033,-0.22423491355364433,-0.22892195552067562,-0.23342785079874062,-0.23775506636130928,-0.24190631920955497,-0.2458845644519485,-0.24969298291317443,-0.25333496825729185,-0.25681411360992,-0.2601341976616851,-0.2632991702316403,-0.2663131372498029,-0.26918034511509603,-0.27190516449766733,-0.2744920738676484,-0.2769456431004613,-0.2792705173364851,-0.281471401126133,-0.28355304289332395,-0.2855202197567266,-0.2873777227022387,-0.28913034205792343,-0.2907828532053145,-0.2923400024780989,-0.2938064933177458,-0.2951869729748893,-0.29648602013615744,-0.2977081336868963,-0.29885772262291255,-0.29993909706328026,-0.3009564603033681,-0.3019139018349506,-0.30281539125135026,-0.30366477295729766,-0.3044657616428239,-0.3052219385281134,-0.30593674838731033,-0.306613497323859,-0.3072553512364635,-0.3078653349171887,-0.3084463317355528,-0.309001083854227,-0.3095321929096997,-0.31004212108703655,-0.31053319251580547,-0.31100759492004926,-0.3114673814608153,-0.3119144727181862,-0.31235065876575874,-0.312777601278178,-0.31319683562832523,-0.3136097729914695,-0.31401770250720773,-0.31442179353047806,-0.31482309797731745,-0.3152225527447641,-0.31562098217222,-0.31601910053061744,-0.31641751452730205,-0.31681672579190234,-0.31721713330998114,-0.31761903578689754,-0.3180226339217995,-0.31842803256338925,-0.3188352427235017,-0.3192441834504862,-0.3196546836073253,-0.3200664836426199,-0.3204792374436849,-0.3208925143138117,-0.321305801078708,-0.32171850432483495,-0.32212995277381395,-0.3225393997873809,-0.3229460259954706,-0.32334894204439024,-0.32374719146992703,-0.32413975375352067,-0.3245255476798974,-0.3249034350905049,-0.325272225066243,-0.3256306785523648,-0.32597751344979997,-0.3263114101945206,-0.32663101784007154,-0.3269349606693268,-0.3272218452926623,-0.32749026800929215,-0.3277388221288575,-0.3279661050826377,-0.32817072530659885,-0.3283513089165311,-0.32850650619575816,-0.32863499793253936,-0.32873550166861776,-0.32880677796488555,-0.32884763679668794,-0.32885694404805577,-0.32883362786162706,-0.32877668454456455,-0.3286851838549154,-0.328558273603079,-0.3283951835159442,-0.3281952283309053,-0.32795781017601655,-0.32768242035417927,-0.3273686406231988,-0.32701614401759116,-0.326624695224929,-0.32619415051826195,-0.32572445724780863,-0.3252156528941583,-0.3246678636906992,-0.3240813028181364,-0.3234562681624453,-0.32279313965038625,-0.3220923762279,-0.32135451257649095,-0.32058015562714814,-0.319769980888033,-0.31892472864007004,-0.31804520008756754,-0.3171322535192971,-0.3161868005169808,-0.3152098022542873,-0.3142022659217929,-0.3131652413124044,-0.3120998176049312,-0.31100712036165135,-0.3098883087413924,-0.3087445729431195,-0.3075771318977516,-0.30638723120846834,-0.30517614132838133,-0.3039451559717108,-0.30269559076052843,-0.30142878210571666,-0.30014608632374973,-0.2988488789942849,-0.2975385545525171,-0.2962165261242333,-0.29488422563869676,-0.2935431042440655,-0.29219463302857207,-0.29084030404404615,-0.28948163160987406,-0.288120153862252,-0.2867574345226984,-0.28539506486375643,-0.28403466582107484,-0.28267789015926326,-0.28132642456363754,-0.2799819915399411,-0.2786463511147801,-0.2773213025132435,-0.2760086860763593,-0.2747103855520905,-0.2734283307155181,-0.27216450025263583,-0.2709209249004516,-0.2696996908248366,-0.26850294315110546,-0.267332889536803,-0.26619180369996087,-0.26508202880099674,-0.26400598053409396,-0.2629661497928737,-0.26196510481982216,-0.2610054927473655,-0.2600900403890378,-0.2592215541725267,-0.2584029193105266,-0.2576370984950742,-0.25692713034072057,-0.25627612759958396,-0.2556872750761414,-0.25516382715816377,-0.254709104823597,-0.25432649194401336,-0.25401943078057343,-0.2537914167414783,-0.2536459926459358,-0.2535867427496967,-0.25361728661597027,-0.25374127277603975,-0.2539623721061446,-0.25428427086736605,-0.2547106633308118,-0.2552452438441648,-0.25589169817796176,-0.2566536941083086,-0.25753487143962417,-0.25853883183079773,-0.2596691286776007,-0.26092925710322135,-0.2623226440226034,-0.263852638233125,-0.26552250048171544,-0.2673353934633269,-0.26929437171011017,-0.2714023713252942,-0.2736621995104187,-0.2760765238432583,-0.2786478613210406,-0.28137856733533084,-0.28427082487542776,-0.2873266341971217,-0.29054780302571004,-0.2939359372782775,-0.29749243228566513,-0.3012184644771594,-0.3051149834726985,-0.3091827045447033,-0.31342210142886273,-0.3178333994525744,-0.3224165689290217,-0.3271713187789942,-0.33209709040514923,-0.33719305188908066,-0.34245809255409654,-0.3478908178884552,-0.3534895448246189,-0.3592522974084744,-0.3651768029320195,-0.3712604886067723,-0.37750047881119997,-0.38389359290442115,-0.39043634361681967,-0.39712493607790833,-0.4039552675669782,-0.4109229280835436,-0.41802320187026254,-0.4252510700604333,-0.43260121461940315,-0.4400680237121719,-0.4476455985502312,-0.4553277616014526,-0.4631080659152147,-0.4709798054339629,-0.47893602638156096,-0.48696953979827384,-0.49507293505605077,-0.5032385941045305,-0.5114587064129594,-0.5197252847435436,-0.5280301817341382,-0.5363651070523971,-0.5447216449549757,-0.5530912722855845,-0.5614653769197773,-0.5698352764609496,-0.5781922369618897,-0.5865274916523902,-0.5948322597515059,-0.6030977652729703,-0.6113152555905472,-0.6194760196266813,-0.6275714056740327,-0.6355928388410277,-0.6435318379833035,-0.6513800319611818,-0.6591291752108717,-0.6667711627306261,-0.6742980445705768,-0.6817020398156544,-0.6889755498647006,-0.6961111707161223,-0.7031017041202432,-0.7099401676544304,-0.7166198038291043,-0.7231340883123494,-0.7294767373509501,-0.735641714454843,-0.7416232364053528,-0.7474157786542222,-0.7530140801770031,-0.7584131478262535,-0.7636082602232364,-0.7685949712224698,-0.7733691129728015,-0.7779267986084974,-0.7822644246275914,-0.7863786730001934,-0.790266512996844,-0.7939252026877313,-0.7973522900633512,-0.8005456137434521,-0.8035033032614365,-0.8062237789347577,-0.8087057513244176,-0.8109482202369023,-0.8129504731902699,-0.8147120832649151,-0.8162329062524663,-0.817513077000946,-0.8185530048822542,-0.8193533684457606,-0.8199151095094379,-0.8202394269599367,-0.8203277703522645,-0.8201818332256252,-0.8198035459961375,-0.8191950683357945,-0.8183587811105468,-0.8172972781167829,-0.8160133578354731,-0.8145100152320879,-0.8127904334713563,-0.8108579754059235,-0.8087161747925435,-0.8063687273502893,-0.803819481908036,-0.8010724318202378,-0.7981317066193938,-0.7950015637426731,-0.7916863801962677,-0.7881906441510509,-0.7845189466350462,-0.7806759735702116,-0.7766664982881224,-0.7724953744980141,-0.7681675296272985,-0.7636879584638052,-0.7590617170349745,-0.7542939166304308,-0.7493897178247408,-0.7443543244224955,-0.7391929774590125,-0.7339109494935485,-0.7285135393201969,-0.7230060671066454,-0.7173938699389879,-0.711682297733617,-0.7058767094624514,-0.6999824696345698,-0.6940049449840231,-0.6879495013341597,-0.6818215006438351,-0.6756262982509682,-0.6693692402876508,-0.6630556612093628,-0.6566908813850318,-0.6502802046837957,-0.6438289159812598,-0.6373422785076954,-0.6308255309543824,-0.6242838842684577,-0.617722518125646,-0.611146577119996,-0.6045611666921502,-0.5979713487978273,-0.5913821373949943,-0.5847984939294761,-0.578225322996424,-0.5716674682822855,-0.5651297088167269,-0.5586167554813812,-0.5521332476848286,-0.5456837501803591,-0.5392727500736711,-0.532904654037381,-0.5265837856773317,-0.520314382965644,-0.5141005956985083,-0.5079464830071316,-0.5018560109552794,-0.49583305019910995,-0.48988137364786155,-0.4840046541003602,-0.4782064618927748,-0.472490262587435,-0.4668594146854588,-0.4613171673265697,-0.4558666579550419,-0.45051090997383625,-0.44525283043518726,-0.4400952077858733,-0.4350407096460671,-0.4300918805945315,-0.4252511399739589,-0.4205207797692836,-0.4159029625969737,-0.4113997198030006,-0.4070129496521133,-0.4027444156340323,-0.39859574496710337,-0.39456842733934394,-0.3906638138599092,-0.386883116185345,-0.3832274058182321,-0.3796976136440904,-0.3762945297985354,-0.37301880389978237,-0.3698709456385245,-0.3668513257503818,-0.3639601774677601,-0.3611975985638125,-0.3585635540059968,-0.35605787903701014,-0.35368028231540194,-0.3514303487950414,-0.34930754226773786,-0.34731120765847834,-0.34544057316101373,-0.3436947522475151,-0.3420727455567629,-0.3405734426910314,-0.3391956240335219,-0.3379379627172341,-0.33679902672123063,-0.3357772808496833,-0.3348710882878265,-0.3340787115626753,-0.333398312883709,-0.33282795389580144,-0.3323655949058306,-0.33200909369474374,-0.33175620403506656,-0.331604573986759,-0.33155174401475307,-0.3315951449552301,-0.33173209583551255,-0.3319598015431495,-0.3322753503520772,-0.3326757113396184,-0.333157731747292,-0.33371813433993225,-0.3343535148056489,-0.3350603392305871,-0.33583494169448613,-0.3366735220491037,-0.33757214394334056,-0.3385267331434747,-0.33953307618510564,-0.34058681940567226,-0.3416834683947485,-0.34281838785596364,-0.34398680186964725,-0.34518379456480375,-0.34640431121417237,-0.3476431597860241,-0.348895013015742,-0.35015441107296397,-0.3514157648984053,-0.35267336026899443,-0.35392136261020113,-0.355153822531193,-0.3563646820600397,-0.35754778158560185,-0.35869686750418595,-0.35980560054590427,-0.3608675647641064,-0.361876277169074,-0.362825197963744,-0.3637077413372154,-0.3645172867822879,-0.36524719090814983,-0.3658907997124672,-0.36644146127414956,-0.366892538838421,-0.3672374242558405,-0.36746955171863505,-0.36758241174842254,-0.36756956538481944,-0.36742465850637274,-0.36714143622125306,-0.3667137572742831,-0.3661356084188867,-0.36540111871463665,-0.3645045737131909,-0.36344042947869326,-0.36220332638023933,-0.36078810257352245,-0.35918980705871917,-0.35740371220211387,-0.3554253256440134,-0.35325040155419174,-0.35087495119587686,-0.34829525273169537,-0.34550786022174407,-0.34250961180196526,-0.3392976370132956,-0.3358693632334635,-0.33222252119436746,-0.3283551495878001,-0.3242655987470684,-0.31995253336402385,-0.3154149341955872,-0.31065209875873734,-0.3056636410459106,-0.30044949027472256,-0.29500988866011824,-0.2893453882031878,-0.28345684650344793,-0.2773454215727895,-0.27101256557940445,-0.26446001748071524,-0.25768979467699893,-0.25070418402867034,-0.24350573261106945,-0.23609723841307328,-0.2284817410364255,-0.22066251239674273,-0.21264304739928264,-0.2044270545522764,-0.19601844647061029,-0.1874213302086858,-0.1786399973934465,-0.16967891419165682,-0.16054271116336594,-0.1512361730099343,-0.14176422818694334,-0.13213193837874826,-0.1223444878739528,-0.11240717286878521,-0.10232539069607327,-0.0921046289998273,-0.08175045489165456,-0.0712685040958192,-0.060664470099304424,-0.04994409334639727,-0.039113150509571426,-0.028177443919815914,-0.01714279130512608,-0.006015015957778758,0.005200062601673494,0.01649663742664842,0.027868922404131524,0.03931115995872858,0.05081762818832658,0.06238264744906985,0.07400058642091523,0.08566586767405227,0.09737297272071288,0.1091164465052401,0.12089090129810387,0.1326910199620528,0.14451155854397513,0.15634734815862572,0.16819329613290535,0.1800443863715273,0.19189567892421167,0.20374230878955046,0.21557948413154548,0.2274024842266371,0.2392066573880527,0.2509874189121959,0.2627402489965789,0.2744606906162872,0.28614434737959016,0.2977868813305946,0.3093840106203345,0.3209315070089147,0.332425193209005,0.34386094009390433,0.35523466377589585,0.36654232249992447,0.37777991326663596,0.3889434681426849,0.40002905026459246,0.41103274954897273,0.42195067812819076,0.432778965547584,0.44351375376720625,0.4541511920034935,0.4646874314360687,0.47511861980775905,0.48544089595338846,0.49565038429602026,0.5057431893633861,0.5157153903847558,0.5255630360178358,0.535282139252665,0.5448686725534273,0.5543185633207628,0.5636276897645374,0.5727918772534082,0.5818068951803781,0.5906684543949012,0.5993722052526138,0.607913736289774,0.6162885735267238,0.6244921804471062,0.6325199587044565,0.6403672496046013,0.6480293364589045,0.6555014479594021,0.6627787627489994,0.6698564153393818,0.6767295034192955,0.6833930963632895,0.6898422445920076,0.696071989563805,0.7020773744420978,0.7078534556148028,0.7133953152005361,0.718698074485097,0.7237569079947193,0.7285670578847672,0.7331238485401741,0.7374227015055581,0.7414591509103019,0.7452288593927747,0.7487276342757312,0.7519514436636641,0.7548964322794944,0.7575589370232692,0.7599355023015306,0.7620228951670285,0.7638181202007885,0.7653184339090231,0.7665213583762309,0.7674246940510017,0.7680265316658677,0.7683252633229642,0.7683195927771393,0.7680085449462695,0.7673914746680524,0.7664680747137922,0.7652383830719103,0.7637027895056789,0.7618620413742221,0.7597172486970578,0.7572698884443128,0.7545218080365146,0.751475228018343,0.7481327438517624,0.7444973267821027,0.7405723237394426,0.7363614562179137,0.7318688180600077,0.7270988720810792,0.7220564454953902,0.7167467241967387,0.7111752460944771,0.7053478937627631,0.6992708865588995,0.6929507722187012,0.6863944178697352,0.6796090003878064,0.6726019959967715,0.6653811690036164,0.6579545595704559,0.6503304704762272,0.6425174530083666,0.6345242922837713,0.6263599921873464,0.6180337598975001,0.6095549898952797,0.6009332474550817,0.5921782518102745,0.5832998592643932,0.5743080463670793,0.5652128930910862,0.5560245659032788,0.5467533007323482,0.5374093860291111,0.5280031461838774,0.5185449254185102,0.509045072082877,0.49951392320841137,0.4899617892550623,0.48039893920330456,0.4708355862754203,0.4612818744629976,0.45174786585467075,0.4422435286610593,0.4327787258012208,0.42336320390867144,0.41400658262027434,0.40471834404782925,0.395507822462406,0.3863841943661228,0.3773564691210467,0.3684334801857432,0.3596238769430613,0.35093611711176464,0.34237845972404557,0.33395895860116553,0.3256854562450826,0.31756557811220176,0.3096067272870684,0.301816079569889,0.29420057894654406,0.2867669333678293,0.2795216107540526,0.27247083518295057,0.2656205832743339,0.2589765807850739,0.2525442993794229,0.24632895350863748,0.24033549737927729,0.2345686220523291,0.22903275269822387,0.223732045974252,0.21867038746678702,0.21385138918279267,0.2092783871456092,0.20495443915648792,0.2008823227293277,0.19706453317473205,0.19350328183111287,0.19020049448299403,0.1871578100384923,0.18437657952136988,0.18185786538498405,0.1796024411388899,0.17761079131437896,0.17588311185136973,0.17441931100045593,0.173219010792792,0.17228154909998494,0.1716059823000009,0.17119108858280896,0.1710353719723372,0.1711370670822916,0.17149414440180522,0.17210431576148721,0.17296503974163357,0.17407352697622258,0.1754267453861047,0.1770214253715352,0.17885406500833056,0.1809209353611223,0.18321808607605305,0.18574135138351977,0.1884863565650221,0.19144852478858354,0.1946230840218206,0.19800507370030118,0.20158935100530329,0.2053705967778825,0.20934332114778442,0.21350186894768086,0.2178404249822492,0.22235301922057005,0.22703353196186526,0.23187569901978833,0.23687311698315483,0.24201924860265223,0.24730742834824326,0.2527308682046012,0.25828266374960407,0.2639558004583975,0.26974316011472155,0.27563752728226376,0.2816315958736837,0.2877179758495103,0.29388920007337305,0.3001377313825202,0.30645596991312374,0.3128362606820687,0.31927090144951364,0.3257521508934147,0.3322722371007245,0.3388233663767366,0.3453977323677222,0.35198752547473333,0.3585849425472958,0.36518219685606823,0.3717715283260219,0.378345214008057,0.3848955787770052,0.39141500622257297,0.3978959496816259,0.40433094337338815,0.41071261360849576,0.4170336900415137,0.4232870169354612,0.4294655644016885,0.4355624395629718,0.4415708975718715,0.4474843524284964,0.4532963875637819,0.45900076614864105,0.4645914410800387,0.4700625646027419,0.475408497529763,0.4806238180145286,0.4857033298214759,0.49064207006276916,0.49543531639000804,0.5000785936262773,0.5045676798170433,0.5088986116607543,0.5130676892625843,0.5170714801716159,0.5209068226861078,0.5245708284001225,0.5280608839335343,0.5313746517935627,0.53451007044427,0.5374653538715748,0.5402389909935863,0.5428297451055286,0.545236653367482,0.5474590262590624,0.5494964469246923,0.5513487703815088,0.5530161225922257,0.5544988993949289,0.555797765277319,0.5569136520002402,0.5578477570745832,0.558601542078101,0.5591767307737996,0.5595753069738407,0.5597995120961698,0.5598518423466103,0.5597350454556604,0.5594521169752866,0.5590062962104128,0.5584010618247675,0.5576401270983737,0.5567274348067173,0.5556671517093008,0.5544636626319246,0.5531215641270038,0.5516456577245776,0.5500409428184554,0.548312609249237,0.5464660296472417,0.5445067515916335,0.5424404896430346,0.540273117311358,0.5380106590214595,0.5356592821266801,0.533225288948465,0.5307151086585407,0.528135288720712,0.5254924857081775,0.5227934554533817,0.5200450425410139,0.517254169181264,0.5144278235236328,0.5115730474806099,0.5086969241367711,0.5058065648213272,0.5029090959253253,0.5000116455474384,0.4971213300417787,0.49424524052735563,0.4913904294257918,0.4885638970976842,0.4857725786106073,0.48302333063744385,0.48032291850920217,0.4776780034789425,0.4750951302406321,0.47258071472407437,0.47014103219240155,0.4677822057048999,0.4655101950344829,0.4633307860828708,0.46124958074815936,0.45927198716066187,0.457403210202024,0.45564824221828104,0.45401185385126297,0.45249858492595507,0.451112735324358,0.44985835577985966,0.44873923860241405,0.4477589085430367,0.4469206141386266,0.44622731976031815,0.4456816984221206,0.44528612535558665,0.4450426723357239,0.4449531027306932,0.4450188672484856,0.44524110034799946,0.44562061726909974,0.44615791159910145,0.44685315325615704,0.4477061867954433,0.44871653000099343,0.4498833727479834,0.45120557612531087,0.4526816718300424,0.45430986186448763,0.45608801855011194,0.45801368482558047,0.4600840747521815,0.46229607416167795,0.4646462414767427,0.46713080886048886,0.46974568388441185,0.47248645181800697,0.47534837856520795,0.4783264142353545,0.4814151972925629,0.4846090592252139,0.48790202974391406,0.4912878425698253,0.49475994188296823,0.49831148948689474,0.501935372712353,0.5056242130760893,0.5093703757289987,0.5131659797001973,0.5170029089370516,0.5208728242004455,0.5247671759089343,0.5286772180326906,0.532594023154445,0.5365084987381721,0.5404114044261377,0.5442933700623698,0.5481449142957615,0.5519564638295336,0.5557183734136828,0.5594209465804312,0.563054456992468,0.5666091701244298,0.5700753649954109,0.57344335588229,0.5767035141275585,0.5798462901339931,0.5828622354605173,0.5857420247689973,0.5884764774088893,0.5910565786116706,0.5934735003944951,0.5957186222447959,0.5977835514818253,0.5996601429792321,0.6013405179086178,0.6028170813692881,0.6040825389699194,0.6051299124833918,0.6059525546808118,0.6065441634359487,0.6068987951620528,0.6070108775375047,0.6068752213180275,0.6064870309974069,0.6058419142042126,0.6049358898456134,0.6037653950480859,0.6023272909426751,0.6006188673224528,0.5986378461932773,0.5963823842577227,0.5938510743684233,0.5910429459850377,0.5879574647104491,0.5845945310042779,0.5809544781401783,0.5770380694536215,0.5728464949276457,0.5683813671573432,0.5636447167280068,0.5586389870425634,0.5533670286277541,0.547832092963425,0.5420378259115068,0.5359882607982627,0.5296878111556111,0.5231412631254528,0.5163537675287415,0.5093308315573282,0.5020783099893933,0.49460239579941856,0.4869096100499135,0.4790067909744593,0.4709010821642394,0.462599919821038,0.4541110192157092,0.4454423606575446,0.4366021752165139,0.4275989302281076,0.4184413144747836,0.4091382229139384,0.39969874085700496,0.39013212762309735,0.38044779987543365,0.3706553149087455,0.360764353993801,0.35078470569895615,0.3407262490581786,0.33059893652289674,0.3204127768074869,0.31017781788317933,0.2999041303009804,0.289601790833089,0.27928086631037274,0.26895139754381603,0.25862338337116597,0.24830676506115879,0.23801141131543346,0.22774710393878195,0.21752352408266518,0.20735023890222237,0.19723668854475562,0.1871921735840374,0.17722584315913537,0.16734668401571895,0.15756351046263717,0.14788495513017352,0.13831946039471887,0.12887527034753532,0.11956042318806226,0.11038274395312442,0.10134983761415128,0.09246908274475629,0.08374762601260954,0.07519237761755448,0.06681000765854606,0.05860694338101524,0.05058936724221752,0.04276321570414865,0.035134178650373826,0.027707699308770373,0.02048897456950982,0.013482955615586434,0.0066943487899280285,0.00012761662370763815,-0.006213021039435773,-0.012323585881304666,-0.018200339904673513,-0.023839784032453792,-0.029238656283567366,-0.03439392939937136,-0.039302807936856254,-0.043962724938786835,-0.04837133833964913,-0.05252652725965845,-0.05642638829026225,-0.06006923182646773,-0.06345357847735755,-0.0665781555897027,-0.06944189394450717,-0.07204392469733278,-0.0743835766020311,-0.07646037352049007,-0.07827403222437823,-0.07982446051700975,-0.08111175570003581,-0.0821362034039197,-0.08289827679448081,-0.08339863615158549,-0.08363812880936194,-0.08361778944502873,-0.08333884069694619,-0.08280269409339525,-0.08201095126727154,-0.08096540541171038,-0.07966804292229313,-0.07812104518191632,-0.07632679046670887,-0.07428785596869147,-0.072007019928499,-0.0694872638647368,-0.06673177488051607,-0.06374394798961447,-0.06052738835687421,-0.05708591333725366,-0.05342355422617828,-0.04954455764490007,-0.045453386442780186,-0.04115471994365549,-0.03665345335986103,-0.03195469628152381,-0.02706377030185081,-0.02198620597482659,-0.016727739299007283,-0.01129430778912166,-0.005692046062392819,7.271921977292095e-05,0.005993475227704437,0.012063529700220954,0.018276018359458135,0.02462391273953557,0.031100028348696185,0.03769703331219887,0.04440745768415155,0.05122370343418936,0.058138054867022504,0.06514268921348076,0.07222968737709579,0.07939104500916727,0.08661868405872752,0.09390446478221293,0.10124019798976747,0.1086176572402735,0.11602859086112716,0.1234647338535595,0.1309178198278076,0.13837959309568504,0.14584182086007758,0.153296305242975,0.16073489495212812,0.16814949659124068,0.17553208572187629,0.18287471778450737,0.19016953892956678,0.19740879664847455,0.20458484991920756,0.21169017860431438,0.2187173920213965,0.2256592367470347,0.23250860375821247,0.2392585350102081,0.24590222954023488,0.2524330491811213,0.2588445239527317,0.26513035711307253,0.27128442968902533,0.27730080426903925,0.28317372799416063,0.2888976348025878,0.29446714699417953,0.29987707619612536,0.30512242383227317,0.31019838119973286,0.3151003292567225,0.3198238382161023,0.32436466702236544,0.3287187627557273,0.33288225994535736,0.3368514797672333,0.3406229291517988,0.3441932998620345,0.3475594676240519,0.3507184913583572,0.35366761248459966,0.35640425425900446,0.35892602114663674,0.36123069826258103,0.3633162509203345,0.36518082428846554,0.36682274310534524,0.36824051140941805,0.36943281228855085,0.3703985076599352,0.3711366380475738,0.37164642228356826,0.37192725708471386,0.371978716501836,0.37180055123327804,0.3713926877533211,0.3707552271824426,0.36988844385907527,0.36879278363210943,0.36746886188757344,0.36591746123347946,0.36413952871228616,0.36213617244975893,0.3599086576985471,0.35745840222905656,0.3547869709660034,0.3518960697907687,0.34878753865377377,0.3454633443609083,0.3419255733202675,0.3381764242656118,0.3342182008219652,0.3300533038084268,0.32568422326200164,0.3211135302865884,0.3163438689618374,0.3113779485420096,0.3062185360315155,0.30086844912193556,0.29533054943637893,0.2896077359950979,0.28370293890564824,0.2776191134997248,0.27135923521429106,0.2649262953617537,0.25832329777010443,0.2515532561833922,0.24461919226426687,0.23752413405718897,0.2302711148233456,0.22286317225503893,0.2153033482444755,0.20759468944039838,0.19974024868400875,0.1917430872795265,0.18360627803762952,0.17533290902981236,0.16692608798786068,0.15838894731739828,0.14972464972193933,0.1409363943915949,0.1320274236443808,0.12300102989704698,0.11386056286242052,0.10460943688367053,0.09525113833218768,0.08578923300196806,0.0762273734426131,0.06656930619300994,0.05681887886551351,0.046980047019566484,0.037056880771523026,0.02705357108347073,0.016974435685277456,0.006823924610657173,-0.0033933746985681523,-0.013672732802127996,-0.024009274234288114,-0.03439797404342215,-0.044833654909815834,-0.055310984877024794,-0.06582447573385508,-0.07636848209000391,-0.086937201204492,-0.09752467363524886,-0.10812478478059262,-0.11873126738536399,-0.12933770509059883,-0.13993753707970313,-0.15052406374774563,-0.16109045314919967,-0.17162974793230035,-0.18213487258516636,-0.19259864096999024,-0.20301376419261885,-0.21337285883240753,-0.22366845549600356,-0.23389300763930265,-0.24403890066211886,-0.2540984613507007,-0.2640639677339962,-0.2739276593573621,-0.283681747961559,-0.29331842860663215,-0.3028298913162146,-0.3122083332236514,-0.32144597098640304,-0.3305350531061322,-0.339467871899771,-0.34823677502568273,-0.35683417651764415,-0.3652525673161833,-0.37348452535580634,-0.38152272527575803,-0.3893599477615908,-0.3969890884922549,-0.4044031667144381,-0.41159533351281397,-0.41855887980858597,-0.4252872440641724,-0.43177401969820295,-0.4380129622576021,-0.44399799637065485,-0.4497232224642005,-0.455182923236336,-0.4603715699181876,-0.4652838283665872,-0.4699145649776497,-0.4742588523774103,-0.4783119748844342,-0.48206943377090994,-0.48552695227274967,-0.4886804801990081,-0.49152619802191566,-0.49406052044427895,-0.4962800994927363,-0.49818182716141024,-0.499762837588662,-0.5010205087392805,-0.5019524636164334,-0.5025565710938409,-0.5028309464442628,-0.5027739515435314,-0.5023841946522651,-0.5016605297019296,-0.5006020550778558,-0.49920811190525427,-0.49747828180645115,-0.49541238404852095,-0.49301047202833814,-0.4902728292367442,-0.4871999650623806,-0.48379261078209623,-0.48005171586247286,-0.475978444495901,-0.47157417224613596,-0.4668404827343693,-0.4617791643317375,-0.4563922068076849,-0.45068179790084173,-0.4446503199401377,-0.4383003468280151,-0.43163464165695586,-0.42465615502602816,-0.4173680239546016,-0.4097735712217556,-0.40187630500227556,-0.39367991873336194,-0.38518829113671416,-0.3764054862656252,-0.36733575347546576,-0.35798352740772543,-0.34835342823833315,-0.3384502623828425,-0.3282790236883315,-0.317844895021139,-0.3071532501291543,-0.2962096556889193,-0.28501987345949686,-0.27358986245490513,-0.261925781044134,-0.2500339888885108,-0.2379210486265677,-0.2255937271964541,-0.21305899664447736,-0.2003240342483963,-0.18739622188495986,-0.17428314481170304,-0.16099259016874612,-0.14753254538220517,-0.13391119646659178,-0.12013692615524008,-0.10621831177409291,-0.09216412275755914,-0.07798331770933231,-0.06368504093239125,-0.049278618339457125,-0.03477355262102577,-0.020179517597703978,-0.005506351861541248,0.009235948034934438,0.024037234617040326,0.038887216662935487,0.05377546653464549,0.0686914277489663,0.0836244228567864,0.09856366165949026,0.11349824981034118,0.12841719786411687,0.1433094308157905,0.15816379815598225,0.17296908446574122,0.1877140205497696,0.20238729503160613,0.21697756623108688,0.23147347413770802,0.24586365239162689,0.2601367402639667,0.2742813946491012,0.2882863020850266,0.3021401908245167,0.3158318429794065,0.32935010674942333,0.34268390872504284,0.3558222662392936,0.36875429977343543,0.38146924545132066,0.39395646762114467,0.40620547148675,0.4182059157627407,0.4299476253394019,0.4414206039517907,0.45261504685519327,0.4635213534892344,0.47413014009280374,0.484432252232331,0.4944187772099369,0.5040810563317919,0.5134106970240708,0.5223995847662408,0.5310398948041382,0.5393241036148737,0.5472450001023148,0.5547956965003564,0.5619696389502593,0.568760617709728,0.5751627769642056,0.5811706242265089,0.5867790393023284,0.5919832827869911,0.5967790040811849,0.6011622489111375,0.6051294662881759,0.6086775148609718,0.61180366869133,0.6145056224748018,0.6167814961488318,0.6186298388000537,0.6200496318218498,0.6210402913329034,0.6216016698887756,0.6217340574952033,0.6214381819146624,0.6207152082620766,0.6195667378998522,0.6179948066397287,0.6160018822313305,0.6135908611427396,0.6107650646909377,0.6075282345736568,0.6038845278307363,0.5998385112396534,0.5953951550949199,0.5905598262877305,0.585338280620121,0.5797366543000919,0.5737614545545213,0.5674195493331666,0.56071815613398,0.5536648299610292,0.5462674504176306,0.5385342080885138,0.5304735905276345,0.5220943681243639,0.513405579971689,0.504416519761314,0.49513672169220513,0.48557594639634516,0.4757441669198812,0.46565155479139264,0.4553084661917737,0.4447254282305906,0.43391312532384774,0.4228823856660071,0.41164416776200596,0.4002095469660105,0.3885897019958193,0.37679590140741226,0.36483949001635807,0.3527318752375095,0.34048451330271234,0.3281088954023659,0.31561653395933575,0.3030189493124169,0.2903276569788815,0.2775541555192831,0.2647099149862342,0.25180636593218964,0.23885488890282147,0.22586680433652617,0.2128533628396525,0.1998257358116149,0.18679500636708468,0.17377216052122435,0.16076807862233267,0.1477935269726558,0.13485914953092504,0.12197545960601275,0.10915283149746102,0.09640149204127368,0.0837315119618296,0.07115279688774478,0.05867507793047366,0.04630790190340406,0.034060621505503264,0.021942385827252053,0.009962131303197452,-0.001871426976926216,-0.013549803735699584,-0.025064751877437175,-0.03640827088342036,-0.04757261535270629,-0.05855030377763626,-0.06933412753788559,-0.07991715989577841,-0.09029276468420733,-0.1004546045378163,-0.11039664870175869,-0.12011318051705189,-0.12959880468789464,-0.13884845441064897,-0.14785739842580625,-0.1566212480629403,-0.1651359643202639,-0.17339786487188036,-0.18140363072844679,-0.18915031229879276,-0.19663533476897754,-0.20385650281029655,-0.21081200463311944,-0.21750041541125142,-0.22392070010352683,-0.2300722156826538,-0.23595471277627666,-0.24156833671532496,-0.24691362797282324,-0.25199152197691177,-0.25680334828668805,-0.2613508291035842,-0.26563607706737,-0.2696615923014676,-0.27343025870801796,-0.27694533953532385,-0.2802104722417553,-0.28322966265368166,-0.2860072783958785,-0.2885480415880295,-0.29085702081328435,-0.2929396223527405,-0.2948015806744735,-0.2964489481748416,-0.29788808417900725,-0.2991256432236469,-0.30016856265779523,-0.30102404959364293,-0.3016995672416414,-0.3022028206708711,-0.3025417420009262,-0.3027244749684428,-0.3027593587634101,-0.30265491100265507,-0.3024198097157367,-0.30206287426091905,-0.30159304519071384,-0.30101936325852563,-0.3003509478250592,-0.2995969747834124,-0.29876665398446534,-0.2978692062134414,-0.2969138399377158,-0.2959097280637053,-0.29486598478055015,-0.293791642450941,-0.29269562858338105,-0.2915867431084962,-0.2904736362258973,-0.28936478690177125,-0.28826848193300236,-0.28719279554834287,-0.2861455697211994,-0.28513439548321884,-0.28416659541959177,-0.2832492073470476,-0.2823889690886432,-0.28159230424980564,-0.28086530890109174,-0.2802137390742345,-0.2796429990275797,-0.2791581304164623,-0.2787638026924526,-0.2784643049988844,-0.27826353959872563,-0.27816501673775207,-0.2781718508408062,-0.27828675795549174,-0.27851205435958803,-0.2788496562508982,-0.27930108043725,-0.2798674459430188,-0.2805494764649552,-0.28134750361572713,-0.2822614708787654,-0.2832909382172062,-0.28443508733791845,-0.28569272764124776,-0.287062302875178,-0.28854189850106593,-0.2901292497794046,-0.29182175060007154,-0.29361646310752576,-0.295510128179437,-0.29749917678437754,-0.29957974212676675,-0.3017476723081032,-0.30399854317138164,-0.3063276711391012,-0.3087301260431019,-0.3112007440283975,-0.31373414060265503,-0.3163247238753826,-0.3189667079537344,-0.3216541262743462,-0.3243808445556269,-0.3271405732281636,-0.3299268794220822,-0.33273319866545137,-0.33555284643615835,-0.33837902967304956,-0.34120485832649905,-0.3440233569916771,-0.3468274764987669,-0.3496101051382965,-0.3523640792553735,-0.3550821931848276,-0.3577572086277385,-0.3603818635606615,-0.3629488807585304,-0.36545097603005416,-0.36788086626119565,-0.37023127735548655,-0.3724949521598191,-0.37466465839835905,-0.3767331964769838,-0.37869340691616316,-0.38053817725658234,-0.3822604484410306,-0.38385322074829276,-0.3853095593611684,-0.3866225996461168,-0.38778555221087885,-0.38879170780879946,-0.389634442171392,-0.3903072208530318,-0.39080360417368354,-0.3911172523411821,-0.39124193082937353,-0.3911715160696829,-0.3909000014463899,-0.3904215035489216,-0.38973026869960137,-0.38882067983522006,-0.38768726378826557,-0.38632469895213006,-0.384727823288614,-0.3828916426611997,-0.38081133954856483,-0.3784822821970195,-0.3759000341675005,-0.3730603641846031,-0.36995925626889914,-0.36659292017587575,-0.3629578021201141,-0.35905059573197207,-0.35486825321536486,-0.3504079967093361,-0.34566732987698856,-0.34064404973096885,-0.3353362586482902,-0.3297423764885252,-0.3238611527454296,-0.3176916786405357,-0.31123339897512636,-0.30448612353843174,-0.2974500379688365,-0.2901257140464466,-0.2825141193830092,-0.274616626441734,-0.2664350208345283,-0.2579715088766861,-0.24922872439026378,-0.24020973475180085,-0.23091804618409384,-0.22135760829249307,-0.21153281784329891,-0.20144852177519823,-0.19111001944225592,-0.1805230640976987,-0.1696938636073213,-0.15862908034330303,-0.14733583018894336,-0.13582168058145783,-0.12409464750655275,-0.11216319134840802,-0.1000362115513127,-0.08772304013974974,-0.07523343416217187,-0.06257756704032147,-0.0497660187309279,-0.036809764610310935,-0.023720163025515717,-0.010508941452364695,0.002811818821101042,0.016229699563162114,0.029731964048764326,0.04330557700497195,0.056937225788885826,0.0706133424908657,0.08432012683032042,0.09804356989583596,0.11176947883306099,0.12548350254550655,0.1391711583404316,0.15281785924913294,0.16640894171153775,0.17992969351407595,0.19336538204520792,0.20670128293658507,0.21992270901627364,0.23301503930508005,0.24596374777331675,0.2587544317544115,0.2713728400567632,0.2838049008548609,0.2960367493414324,0.30805475489012224,0.3198455474062172,0.3313960427403515,0.3426934672108146,0.35372538129617226,0.3644797025069977,0.37494472728099026,0.3851091515767848,0.3949620899131787,0.40449309283071244,0.41369216290277677,0.42254976943451084,0.4310568619223005,0.43920488230114785,0.44698577600436806,0.4543920017932024,0.4614165401715624,0.4680529001550653,0.4742951242917215,0.48013779198026185,0.4855760211865956,0.490605468640986,0.49522232856630666,0.49942332999697214,0.5032057327825612,0.5065673223860614,0.509506403607304,0.5120217933749203,0.5141128127185084,0.515779277993893,0.5170214914305049,0.5178402310800507,0.518236740228204,0.5182127162892414,0.5177702991865729,0.516912059225568,0.5156409844799441,0.5139604677618763,0.5118742932819202,0.5093866230673569,0.5065019831570865,0.5032252496131804,0.49956163442902124,0.4955166713780841,0.49109620181744873,0.4863063605012883,0.4811535614616602
0.013762503613648391,0.017035165568501043,0.02005549704689713,0.022819147119072625,0.02532223681516399,0.027561370660563966,0.029533647199720292,0.03123666839440631,0.03266854765730898,0.033827916312596074,0.03471392841360199,0.03532626396527405,0.035665130664618516,0.03573126426783091,0.03552592766119744,0.03505090873603223,0.03430851718835726,0.033301580321605684,0.032033437912332374,0.030507936212565312,0.028729421147907885,0.026702730776854366,0.024433187076731144,0.0219265870726133,0.01918919333251523,0.016227723886871104,0.013049341599277398,0.009661642970563378,0.006072646310066432,0.0022907791740536254,-0.0016751349691901396,-0.0058158908034826595,-0.010121915905855872,-0.014583286142418217,-0.019189741726194143,-0.023930703973981338,-0.02879529281395321,-0.03377234510126925,-0.03885043380232389,-0.04401788811663465,-0.04926281457426285,-0.05457311900046591,-0.059936529072800226,-0.06534061720879691,-0.07077282367802695,-0.07622047995973702,-0.08167083244193662,-0.08711106653533562,-0.09252833106454972,-0.09790976260553919,-0.10324250953943448,-0.10851375584662293,-0.11371074478324772,-0.11882080251184846,-0.12383136157668417,-0.12872998395997115,-0.13350438349209526,-0.13814244757791982,-0.1426322583277937,-0.146962113175789,-0.15112054500588812,-0.15509634168535769,-0.1588785647659563,-0.16245656714428947,-0.1658200096704121,-0.16895887683542554,-0.17186349168858328,-0.17452453012282376,-0.17693303461398813,-0.17908042730655183,-0.18095852213460262,-0.18255953570729133,-0.1838760968936981,-0.1849012551855651,-0.1856284879559027,-0.18605170671810356,-0.18616526248052168,-0.18596395030267132,-0.1854430131560889,-0.1845981451796206,-0.18342549438813194,-0.18192166477199834,-0.1800837175797625,-0.17790917158997388,-0.17539600232485952,-0.1725426402522956,-0.16934796802306096,-0.16581131676621652,-0.16193246146934115,-0.1577116155298839,-0.15314942461640868,-0.14824695994443005,-0.14300571100607584,-0.13742757776930148,-0.13151486238410826,-0.12527026048272916,-0.11869685217586579,-0.11179809279260411,-0.10457780335740097,-0.09704016081292366,-0.08918968805467387,-0.0810312438522871,-0.07257001267137042,-0.06381149438087164,-0.054761493888562995,-0.04542611077751246,-0.03581172894577378,-0.025925006216269253,-0.015772863945237248,-0.0053624766750459685,0.005298738179327245,0.016203130624155904,0.027342828333701164,0.038709746839643344,0.05029559970833475,0.06209190874731263,0.07409001422944783,0.08628108512302646,0.09865612937723256,0.11120600432219874,0.12392142717573762,0.13679298562640696,0.14981114852054844,0.16296627672785746,0.17624863424080672,0.18964839951636492,0.20315567708365734,0.2167605095154812,0.2304528898729643,0.24422277466425868,0.25806009726139933,0.2719547815741663,0.2858967556933365,0.299875965319778,0.31388238693867265,0.32790604074263996,0.3419370033561293,0.35596542048189406,0.369981519572562,0.3839756224621951,0.39793815764514306,0.41185967183576366,0.42573084067043254,0.43954247863056395,0.45328554832241963,0.4669511692195769,0.48053062590613393,0.49401537582814825,0.5073970565831445,0.5206674927191983,0.5338187018665508,0.5468428999978343,0.5597325057593849,0.5724801439384137,0.5850786481313648,0.5975210626132252,0.6098006433730774,0.6219108583341608,0.633845386832057,0.6455981184221358,0.6571631510874241,0.6685347889289801,0.6797075394145153,0.6906761102542376,0.701435405970166,0.7119805242256447,0.7223067519371753,0.732409561118466,0.7422846044351346,0.7519277105220183,0.7613348791092918,0.7705022759833824,0.7794262278166499,0.7881032168975608,0.7965298758078347,0.8047029821083669,0.8126194530691748,0.8202763404659095,0.8276708254845886,0.8348002137809303,0.8416619307388515,0.8482535169710346,0.8545726240919862,0.8606170107927014,0.8663845392579574,0.8718731719625481,0.8770809688497252,0.8820060848556466,0.8866467677211816,0.8910013560450238,0.8950682775689671,0.8988460477125528,0.9023332683835363,0.9055286270927638,0.9084308963903425,0.911038933624809,0.9133516810294537,0.9153681661452993,0.9170875025893963,0.9185088911858941,0.919631621483326,0.9204550736662753,0.9209787208682414,0.9212021319051047,0.9211249744300858,0.9207470184466899,0.9200681400353474,0.9190883251265234,0.9178076732146465,0.9162264009711194,0.9143448457446866,0.9121634689492737,0.9096828593345379,0.9069037361252512,0.9038269520141782,0.9004534959907531,0.8967844959932734,0.8928212213771474,0.8885650851790885,0.8840176461346729,0.8791806104005957,0.8740558329556052,0.8686453186690315,0.8629512230100076,0.8569758523505868,0.8507216638211261,0.8441912647084706,0.8373874114376818,0.8303130082000791,0.8229711052568618,0.8153648968934206,0.8074977189729466,0.7993730460775552,0.7909944882960005,0.7823657877186037,0.7734908146320052,0.7643735633833799,0.7550181479379674,0.7454287971756344,0.7356098499328141,0.7255657497906469,0.7153010396539301,0.7048203561706643,0.6941284240026704,0.6832300499525985,0.6721301169792468,0.6608335781355095,0.6493454504620289,0.6376708088686485,0.6258147800209386,0.6137825362586184,0.6015792895825101,0.5892102857282708,0.576680798355504,0.5639961233972102,0.5511615735902282,0.5381824731962865,0.5250641529405158,0.5118119451907432,0.4984311794005407,0.48492717785655515,0.4713052517601639,0.45757069765977576,0.4437287942571331,0.42978479959032256,0.41574394857929065,0.40161145094386086,0.3873924895051104,0.3730922188703971,0.3587157645309631,0.3442682224010909,0.32975465879709276,0.31518011086541975,0.3005495874900461,0.28586807068928266,0.2711405174949917,0.25637186233188203,0.24156701992539809,0.22673088870801905,0.21186835459315034,0.1969842949307008,0.18208358247908052,0.1671710892775451,0.15225169037204012,0.1373302674243675,0.12241171226202852,0.10750093040202557,0.09260284453605294,0.0777223979372863,0.06286455777205902,0.04803431835257044,0.033236704376022885,0.018476774150471442,0.0037596227688680983,-0.010909614807680157,-0.02552576080054081,-0.04008359185531418,-0.05457783651580428,-0.06900317291916735,-0.08335422666063153,-0.09762556880124862,-0.11181171405853974,-0.12590711923852638,-0.13990618192995896,-0.1538032394685942,-0.16759256822178514,-0.18126838329004613,-0.19482483872955925,-0.2082560283871615,-0.22155598744669192,-0.23471869481108598,-0.24773807644527324,-0.26060800977467125,-0.27332232913025223,-0.28587483203433806,-0.2982592860170925,-0.3104694357832045,-0.32249901073602416,-0.33434173293992586,-0.34599132560875034,-0.35744152218386915,-0.36868607594399094,-0.3797187699460025,-0.3905334271063836,-0.4011239203713757,-0.4114841830726519,-0.4216082196411648,-0.4314901167119416,-0.44112405438048086,-0.45050431733891116,-0.4596253058655577,-0.46848154682056276,-0.47706770478472293,-0.4853785933585897,-0.4934091864633672,-0.5011546294028335,-0.5086102495648888,-0.5157715668021439,-0.5226343036220982,-0.5291943953355798,-0.5354480001769417,-0.5413915091772807,-0.5470215555131119,-0.5523350232404383,-0.557329055491067,-0.5620010622217251,-0.5663487276096575,-0.57037001723657,-0.5740631851989093,-0.5774267811706224,-0.5804596572665375,-0.5831609744425492,-0.5855302082408045,-0.5875671538400695,-0.5892719304325809,-0.5906449849305062,-0.5916870949828166,-0.5923993712994999,-0.5927832593342686,-0.5928405404139667,-0.5925733323836795,-0.5919840897974424,-0.5910756036547227,-0.5898510006505617,-0.588313741877748,-0.5864676209077118,-0.5843167611858107,-0.5818656127065864,-0.5791189479784364,-0.5760818573448816,-0.5727597437561869,-0.5691583170458756,-0.5652835877166567,-0.5611418602256961,-0.5567397257650342,-0.5520840545529495,-0.5471819876829827,-0.5420409285795955,-0.536668534067978,-0.5310727050229076,-0.5252615765548256,-0.5192435076838606,-0.5130270704287412,-0.5066210382233365,-0.5000343735570851,-0.4932762147147969,-0.4863558615272652,-0.4792827601973002,-0.47206648745879676,-0.4647167343131642,-0.4572432893776224,-0.4496560217353931,-0.44196486317996175,-0.43417978988023265,-0.4263108036899368,-0.4183679133419105,-0.4103611155866389,-0.40230037622295356,-0.3941956110042497,-0.3860566664970193,-0.3778933011092249,-0.36971516656856096,-0.36153178997989244,-0.35335255639407137,-0.3451866917600199,-0.33704324614414105,-0.3289310771801084,-0.3208588339090923,-0.3128349413470488,-0.3048675860770018,-0.29696470295562705,-0.2891339628566527,-0.2813827613319475,-0.27371820810996894,-0.2661471174176526,-0.2586759991368268,-0.25131105077233684,-0.24405815017199473,-0.2369228489181765,-0.22991036630926232,-0.2230255838880595,-0.21627304052822183,-0.20965692810466408,-0.20318108776189803,-0.19684900676089967,-0.1906638158519769,-0.1846282871264151,-0.17874483231506133,-0.17301550154218148,-0.16744198263842236,-0.16202560118455978,-0.15676732141075433,-0.15166774795981297,-0.14672712845540303,-0.1419453568104032,-0.13732197722010397,-0.1328561888414299,-0.12854685126217902,-0.12439249089709392,-0.12039130838628864,-0.11654118702438865,-0.11283970225014883,-0.10928413221676436,-0.10587146938091507,-0.10259843288952197,-0.099461481491808,-0.09645682687139612,-0.09358044745010119,-0.09082810272878561,-0.08819534821704167,-0.08567755094015439,-0.0832699053242365,-0.0809674491166561,-0.07876507910261665,-0.07665756661717182,-0.07463957301010993,-0.07270566524073985,-0.07085033163853183,-0.0690679976202162,-0.0673530410440506,-0.0656998070218009,-0.06410262220415319,-0.06255580862549692,-0.06105369717656117,-0.05959064077030973,-0.05816102728716288,-0.056759292360645475,-0.05537993193599533,-0.05401751436642854,-0.052666691772849106,-0.051322210509724187,-0.0499789207039143,-0.04863178489761566,-0.04727588586364817,-0.045906433648958966,-0.04451877186232167,-0.04310838323093691,-0.041670894476304454,-0.04020208053344021,-0.038697868107782085,-0.0371543385825035,-0.03556773031484539,-0.03393444037165949,-0.03225102575878225,-0.030514204183042182,-0.028720854365644755,-0.026868015909698784,-0.024952888708284604,-0.02297283192569921,-0.02092536265538314,-0.018808154317241588,-0.016619034785364306,-0.014355984280207679,-0.012017133112323108,-0.009600759310686158,-0.007105286117663923,-0.004529279365343086,-0.0018714447422354397,0.0008693751154140728,0.0036942038071998695,0.006603934731465699,0.009599335144855559,0.012681050809646877,0.015849611234884264,0.01910543533526976,0.022448837201146432,0.025880031817081317,0.02939914078697825,0.03300619818765682,0.036701156639338706,0.04048389354748849,0.04435421728018696,0.048311873018825224,0.05235654818763891,0.05648787753857931,0.06070544802817324,0.06500880355770278,0.069397449457405,0.0738708564262609,0.07842846369461398,0.08306968138607118,0.08779389218418032,0.09260045242014314,0.09748869269123617,0.10245791811685478,0.1075074083249774,0.11263641720723427,0.11784417231403665,0.12312987363295491,0.1284926916055582,0.13393176441836374,0.13944619464632524,0.14503504530641464,0.15069733539700536,0.15643203503057634,0.162238060254019,0.16811426760271075,0.17405944842527532,0.18007232305798482,0.18615153496407544,0.19229564493972617,0.19850312543811555,0.2047723550252698,0.2111016129799239,0.21748907407465623,0.22393280365057677,0.23043075314046746,0.2369807561278776,0.24358052495458082,0.25022764788027274,0.2569195868173324,0.26365367567590425,0.2704271193562988,0.27723699342752184,0.284080244515323,0.29095369141459315,0.29785402696010976,0.30477782068476955,0.3117215222785319,0.31868146584255186,0.3256538748234874,0.3326348673616124,0.33962046177074967,0.3466065819945854,0.3535890630105456,0.3605636562196821,0.3675260348866871,0.3744717996851037,0.38139648436191464,0.38829556149189415,0.39516444828598196,0.40199851244663876,0.40879307807430365,0.4155434316092794,0.42224482779685957,0.4288924956891407,0.4354816446932688,0.4420074706662547,0.44846516205311104,0.45484990606191644,0.4611568948624125,0.46738133178782704,0.473518437533734,0.4795634563401734,0.4855116621086424,0.4913583644154613,0.4970989144104081,0.5027287105787224,0.5082432043332048,0.5136379054202465,0.518908387136463,0.5240502913448779,0.5290593332682363,0.5339313060188502,0.538662084795142,0.5432476306603817,0.5476839938211668,0.5519673163220844,0.5560938340715751,0.5600598781163413,0.5638618751390467,0.5674963473580306,0.5709599121694566,0.5742492817527065,0.5773612626363871,0.5802927551268482,0.5830407525101435,0.5856023399512651,0.5879746930264744,0.5901550759418868,0.5921408396808374,0.5939294203840433,0.5955183381228295,0.5969051960366585,0.5980876797460937,0.5990635569789617,0.5998306773389572,0.600386972120873,0.6007304540960021,0.6008592172631353,0.6007714366913461,0.6004653687048247,0.5999393516377722,0.5991918072161013,0.5982212424719222,0.5970262521027863,0.5956055212763829,0.5939578288977643,0.5920820512784175,0.5899771660892128,0.5876422565235018,0.5850765156745936,0.5822792511584396,0.579249889986265,0.5759879836485311,0.5724932133421348,0.5687653952744398,0.5648044859929584,0.5606105876949101,0.5561839534893167,0.5515249926136221,0.5466342756184517,0.5415125395493376,0.5361606931517002,0.5305798220918092,0.5247711941735815,0.5187362645421771,0.5124766808628891,0.5059942884437021,0.4992911352460965,0.49236947671557374,0.4852317803707038,0.47788073008303655,0.4703192299528496,0.46255040771381317,0.4545776176866383,0.4464044433232033,0.4380346992989601,0.4294724330702664,0.42072192586876156,0.4117876931225197,0.4026744842588741,0.39338728188216265,0.38393130039634116,0.37431198415244893,0.36453500518769033,0.3546062606364515,0.3445318698974944,0.3343181716242185,0.3239717206086894,0.3134992846442799,0.30290784138956184,0.29220457507229725,0.2813968727164351,0.27049231963461295,0.25949869411667237,0.24842396136353528,0.23727626675135838,0.2260639285180588,0.21479542995193412,0.2034794111452598,0.1921246603663036,0.1807401050979749,0.1693348027989714,0.15791793145212552,0.14649877995203298,0.13508673837563379,0.12369128818105679,0.1123219923680665,0.1009884856187,0.08970046443827329,0.07846767733729365,0.06729991509713784,0.05620700113041721,0.04519878192542848,0.03428511755303276,0.023475872204201664,0.012780904742548671,0.0022100592467637625,-0.008226844534853228,-0.018520020891649835,-0.02865972804442407,-0.038636278222647036,-0.04844004791377898,-0.058061488308055687,-0.06749113602980117,-0.07671962426357481,-0.08573769432566536,-0.09453620769613025,-0.1031061585555193,-0.11143868684159486,-0.11952509165462999,-0.12735684472002617,-0.13492560376391793,-0.1422232258529874,-0.1492417808094757,-0.15597356482357583,-0.16241111432645283,-0.1685472199823721,-0.1743749404953121,-0.17988761601171177,-0.18507888108846515,-0.18994267728837144,-0.19447326549575195,-0.19866523797426794,-0.20251352996580607,-0.20601343048509335,-0.2091605920988755,-0.21195103971662377,-0.2143811785359091,-0.21644780128725927,-0.21814809488626707,-0.21947964649120877,-0.22044044877420532,-0.22102890412481457,-0.2212438276138755,-0.22108444869918742,-0.22055041174914436,-0.21964177550699304,-0.21835901160847726,-0.21670300224224803,-0.214675037050732,-0.21227680936951288,-0.20951041188038033,-0.20637833175423026,-0.2028834453818007,-0.1990290127637664,-0.19481867154274113,-0.19025643056702535,-0.18534666287416712,-0.18009409807769572,-0.17450381421127048,-0.16858122910421258,-0.16233209137041626,-0.15576247106408658,-0.14887875002271755,-0.14168761194786583,-0.13419603230801158,-0.1264112681330971,-0.11834084774480402,-0.10999256043535155,-0.10137444609257784,-0.09249478480403184,-0.08336208647224197,-0.07398508043188201,-0.0643727050733176,-0.0545340974948374,-0.04447858317166009,-0.03421566564388456,-0.02375501627191312,-0.013106464063334045,-0.002279985496294046,0.008714305734088157,0.019866169080671625,0.031165247670358553,0.042601079098965045,0.05416310662827328,0.06584069087511324,0.0776231219377479,0.0894996316977199,0.10145940598380321,0.11349159647382834,0.12558533240117953,0.13772973220346785,0.1499139152645057,0.16212701383522443,0.17435818502798384,0.18659662262552246,0.1988315685185782,0.21105232374891614,0.22324825921705838,0.23540882612037706,0.24752356606773418,0.2595821206492701,0.27157424025909194,0.2834897921516202,0.2953187678392126,0.30705128996464026,0.3186776187770448,0.3301881582752557,0.3415734618997419,0.3528242375100348,0.3639313514725089,0.37488583187578683,0.38567887099284803,0.39630182712426176,0.4067462259437775,0.4170037614617712,0.4270662967266645,0.43692586437832404,0.4465746670921291,0.45600507777971444,0.46520963931934034,0.4741810637118249,0.4829122307150442,0.49139618604576185,0.49962613922490107,0.5075954611502311,0.5152976814848671,0.5227264859410994,0.5298757135397167,0.5367393539335836,0.5433115448850998,0.5495865699818481,0.5555588566583509,0.5612229745726367,0.5665736343701155,0.5716056868340615,0.5763141223919632,0.58069407097652,0.5847408022898293,0.5884497265313229,0.5918163956446207,0.5948365051221813,0.5975058963597562,0.5998205595086077,0.6017766367784319,0.6033704261867783,0.6045983858112507,0.6054571386226755,0.6059434779056048,0.6060543731869288,0.6057869765939898,0.6051386296135206,0.6041068702545687,0.6026894406437435,0.6008842951022899,0.5986896087486144,0.5961037866521792,0.5931254735447595,0.5897535639694524,0.5859872125156897,0.5818258437217168,0.5772691614136107,0.5723171574232637,0.5669701196860117,0.5612286397387649,0.5550936196423137,0.5485662783503642,0.5416481575328689,0.5343411268394433,0.5266473885872998,0.5185694818566873,0.510110285972381,0.5012730233756528,0.4920612619387299,0.4824789167789234,0.4725302515898733,0.46221987948847953,0.45155276340232575,0.4405342160170278,0.42916989920092163,0.41746582276014976,0.4054283424519767,0.39306415725582156,0.38038030592034744,0.36738416282816644,0.3540834332144982,0.34048614776448005,0.3266006566226878,0.31243562283348325,0.2980000152121036,0.2833031006557434,0.2683544359101262,0.25316385882312176,0.23774147912686772,0.2220976687548628,0.20624305169216228,0.1901884933678204,0.1739450895563337,0.15752415473396297,0.1409372098431163,0.1241959694006809,0.10731232789711953,0.09029834546527127,0.07316623288513568,0.05592833619396487,0.03859712124485526,0.021185158367558188,0.003705107106526384,-0.013830299032505877,-0.03140826792123619,-0.049015964338487095,-0.06664052572417489,-0.08426907802846983,-0.10188875138122455,-0.11948669532791456,-0.13705009354172404,-0.1545661780841172,-0.17202224336243432,-0.1894056599009133,-0.206703887967862,-0.2239044910170236,-0.24099514875387484,-0.25796366954970296,-0.2747980020385512,-0.29148624591856276,-0.30801666208790834,-0.32437768227832464,-0.34055791832948046,-0.35654617118231613,-0.37233143956265025,-0.3879029281708455,-0.40325005509291856,-0.4183624582673602,-0.43323000106448717,-0.44784277713272047,-0.4621911146526756,-0.47626558010845343,-0.490056981644301,-0.5035563720500846,-0.5167550514505876,-0.5296445698011567,-0.5422167292261051,-0.5544635860763023,-0.566377452485014,-0.577950897290826,-0.5891767463461903,-0.6000480823056336,-0.6105582440088781,-0.6207008255560638,-0.6304696751306054,-0.6398588935967808,-0.6488628329168193,-0.6574760944698426,-0.6656935273619453,-0.6735102268026409,-0.6809215326297391,-0.6879230280784157,-0.6945105388797472,-0.700680132756645,-0.706428119377982,-0.7117510508385863,-0.7166457227119949,-0.72110917558377,-0.7251386967992559,-0.7287318221598298,-0.7318863374575457,-0.7346002798703495,-0.7368719392743586,-0.7386998595122449,-0.7400828396426959,-0.7410199351850082,-0.7415104593696782,-0.7415539844154395,-0.7411503428323414,-0.740299628719093,-0.7390021990359514,-0.7372586748519865,-0.7350699425579919,-0.7324371550532618,-0.7293617329664457,-0.7258453659977349,-0.7218900144347273,-0.7174979108311916,-0.7126715618132735,-0.7074137499908915,-0.7017275359379056,-0.6956162601970064,-0.6890835453444524,-0.6821332982051871,-0.6747697122314023,-0.6669972699666928,-0.6588207455105461,-0.650245206941932,-0.6412760187298474,-0.6319188441888528,-0.6221796479779371,-0.6120646985844473,-0.6015805707478137,-0.5907341477942438,-0.5795326238665481,-0.5679835060737091,-0.5560946165874938,-0.5438740946565375,-0.5313303984656486,-0.518472306770235,-0.505308920293885,-0.49184966292093435,-0.4781042826625068,-0.4640828523178868,-0.4497957697655295,-0.43525375785150544,-0.4204678638663637,-0.4054494585932318,-0.3902102348563261,-0.3747622054563706,-0.35911770041641233,-0.343289363515737,-0.3272901480747876,-0.3111333119214805,-0.2948324114856362,-0.2784012950160957,-0.26185409491748857,-0.24520521911956195,-0.2284693413114951,-0.2116613898832398,-0.19479653546804343,-0.17789017698665077,-0.16095792606960657,-0.14401558981394658,-0.12707915204654086,-0.11016475337107323,-0.09328867013076092,-0.07646729224623527,-0.059717099865423506,-0.043054638885337226,-0.02649649558196643,-0.010059270583326452,0.006240447781472369,0.022386110832037787,0.038361237531510994,0.054149442891528565,0.06973446654766491,0.08510020142429653,0.10023072254508492,0.11511031601837374,0.12972350801614851,0.14405509343318101,0.15809016406598886,0.1718141363384902,0.18521277862105734,0.19827223806700545,0.21097906669416489,0.22332024641647763,0.23528321294325139,0.2468558786212327,0.2580266543014247,0.26878447030947683,0.27911879657717265,0.28901966184263017,0.298477671610236,0.3074840245327266,0.3160305270880315,0.3241096066165241,0.3317143228171773,0.3388383777606947,0.34547612443044784,0.3516225737682035,0.3572734002235123,0.362424945862152,0.367074223110329,0.37121891619162284,0.3748573812965077,0.3779886455219028,0.38061240461146895,0.38272901953526883,0.38433951195492,0.38544555858986485,0.3860494844803384,0.3861542551573933,0.3857634677312447,0.38488134090361825,0.3835127039001591,0.3816629842825492,0.379338194587298,0.3765449178060294,0.3732902918248229,0.3695819929838322,0.3654282188825917,0.36083767052777205,0.3558195339160406,0.3503834610919796,0.3445395506691682,0.33829832780919133,0.331670723643704,0.3246680540697042,0.3173019978144467,0.3095845736850791,0.3015281169721362,0.29314525507145817,0.2844488825446234,0.2754521359169999,0.2661683683766114,0.25661112433191846,0.24679411371413806,0.23673118601431753,0.22643630424492756,0.21592351909331597,0.20520694341100665,0.19430072704308543,0.1832190319690099,0.1719760077958199,0.16058576777259503,0.14906236553706975,0.13741977269143035,0.12567185716207518,0.11383236226189553,0.10191488649601865,0.08993286430729341,0.07789954791748954,0.06582799024617714,0.05373102880780323,0.041621270546350786,0.029511077702132127,0.017412554936932167,0.005337537923225,-0.006702416580836257,-0.01869603930140329,-0.030632355828721813,-0.042500692960544484,-0.05429068415853067,-0.06599227424546683,-0.07759572335876896,-0.08909161000095622,-0.10047083298521642,-0.11172461221855912,-0.12284448838236983,-0.1338223215652974,-0.1446502888849679,-0.15532088113016584,-0.1658268984750748,-0.17616144537512213,-0.18631792476650588,-0.1962900316459013,-0.20607174607768286,-0.21565732568947737,-0.22504129774367954,-0.23421845087225535,-0.24318382653730453,-0.25193271027239206,-0.2604606227737136,-0.26876331090613803,-0.27683673866542335,-0.28467707813753407,-0.2922807005107373,-0.2996441671891077,-0.3067642210502086,-0.31363777789692904,-0.32026191815817384,-0.3266338789005019,-0.33275104624920715,-0.3386109483214028,-0.34421124870614506,-0.3495497404924919,-0.3546243408834897,-0.35943308645225613,-0.36397412909508375,-0.36824573272754435,-0.37224627071920224,-0.37597422401590563,-0.37942817991769573,-0.38260683152762454,-0.3855089779128349,-0.3881335250040081,-0.39047948719836967,-0.3925459895851162,-0.3943322707379764,-0.39583768607373315,-0.39706171178793426,-0.3980039493560952,-0.3986641305455976,-0.39904212285716056,-0.3991379353441289,-0.39895172479761953,-0.39848380230770175,-0.3977346401948836,-0.39670487923432063,-0.395395336054591,-0.3938070106461282,-0.39194109397072197,-0.3897989756541591,-0.38738225173044327,-0.3846927324036997,-0.3817324497415342,-0.3785036651660789,-0.37500887664676696,-0.37125082557236766,-0.3672325033075623,-0.36295715742165413,-0.35842829754610506,-0.3536497007680097,-0.3486254164112452,-0.34335977005297735,-0.3378573666641387,-0.33212309279362273,-0.3261621177429461,-0.3199798937782532,-0.31358215561697733,-0.3069749195198881,-0.30016448217578784,-0.2931574193468478,-0.2859605841133259,-0.27858110452463336,-0.27102638050119765,-0.2633040798867867,-0.25542213362341215,-0.24738873018033303,-0.23921230951413008,-0.2309015567673569,-0.22246539571117552,-0.21391298182994234,-0.20525369493153534,-0.19649713115354217,-0.18765309426000698,-0.17873158626956354,-0.16974279763702071,-0.1606970972213304,-0.15160502210368065,-0.1424772671599186,-0.13332467424466898,-0.1241582208552714,-0.11498900815270474,-0.10582824825579706,-0.0966872508938863,-0.08757740968893302,-0.07851018828788625,-0.06949710634631856,-0.060549725234572804,-0.051679633336704,-0.042898430822660316,-0.034217713752717316,-0.025649057428360322,-0.017203999099180578,-0.008894020266758673,-0.0007305287304646413,0.007275159642652795,0.015111839489193812,0.022768434915683144,0.030234018949819585,0.03749783358942693,0.04454931041710353,0.05137809149583461,0.05797405018538626,0.06432731170692563,0.07042827347140701,0.07626762522171049,0.08183636904125535,0.08712583929188611,0.09212772250767642,0.09683407725608362,0.1012373539868534,0.10533041474781157,0.10910655242932421,0.11255950922782176,0.115683494231412,0.11847320012830664,0.12092381903889304,0.12303105749677457,0.12479115061361057,0.12620087543158576,0.1272575634519626,0.12795911234842094,0.12830399687982919,0.12829127899107817,0.12792061707224178,0.12719227436166847,0.1261071264806901,0.12466666804041893,0.12287301824523666,0.12072892547468683,0.11823777087541032,0.11540357098203202,0.11223097932472825,0.1087252869266706,0.10489242159923151,0.10073894595434041,0.09627205403374006,0.0914995664595395,0.08642992401514249,0.08107217954261614,0.0754359880822193,0.06953159532024245,0.06336982453814954,0.05696206221950462,0.05032024230303023,0.04345682896114056,0.03638479785514903,0.029117616026354654,0.02166922067857513,0.01405399694797893,0.0062867545615716836,-0.0016172967279857176,-0.009642572896595425,-0.017773142427856214,-0.025992754017295283,-0.03428486526361496,-0.04263267239571178,-0.05101914086310444,-0.059427036509582365,-0.06783895725159539,-0.07623736538025128,-0.08460462048663686,-0.09292301277597659,-0.10117479655129102,-0.10934222387436421,-0.11740757848168215,-0.12535320981770326,-0.1331615669080719,-0.14081523197923929,-0.14829695393017772,-0.155589681691211,-0.16267659729710715,-0.16954114844311619,-0.1761670804423261,-0.18253846764463333,-0.18863974435240038,-0.19445573510680703,-0.19997168408859523,-0.20517328344412533,-0.21004670053962826,-0.21457860428245823,-0.21875619060655538,-0.2225672069686837,-0.22599997551040474,-0.22904341467135225,-0.23168705928500088,-0.23392107926261474,-0.235736296913565,-0.23712420292351055,-0.23807697106846604,-0.2385874717782528,-0.23864928464597313,-0.23825670999061543,-0.23740477958039463,-0.23608926658229734,-0.2343066947406811,-0.2320543466728111,-0.22933027109900905,-0.22613328889429596,-0.22246299795143898,-0.21831977690747806,-0.21370478779855517,-0.20861997767583773,-0.20306807918969128,-0.19705261015222675,-0.19057787208326715,-0.18364894772697227,-0.17627169752842775,-0.16845275506908308,-0.16019952144180394,-0.15152015854177137,-0.142423581252352,-0.13291944845214232,-0.12301815271693073,-0.1127308085861003,-0.10206923924931743,-0.09104596147408728,-0.0796741686228728,-0.06796771179981675,-0.05594107941802662,-0.043609375482397184,-0.03098829663422009,-0.01809410780017373,-0.004943616290006503,0.008445855622817078,0.02205649940633947,0.03587005006514232,0.04986781703777865,0.06403071627861578,0.07833930344844475,0.09277380802990365,0.10731416827898244,0.12194006700849513,0.13663096811016118,0.15136615366961337,0.16612476163308543,0.18088582395888864,0.1956283050399108,0.21033114026456445,0.2249732747687645,0.23953370235915372,0.253991504410223,0.2683258885790565,0.2825162272949129,0.2965420959301497,0.31038331050125834,0.3240199648463431,0.3374324672950877,0.3506015767352082,0.3635084379021549,0.376134615828164,0.3884621294749877,0.4004734844782831,0.4121517048033425,0.42348036316722215,0.43444361026607226,0.4450262029495917,0.4552135313960477,0.46499164510335333,0.4743472773878139,0.48326786824954837,0.4917415856728127,0.499757345446703,0.5073048295501152,0.5143745031752758,0.520957630495154,0.5270462892370062,0.5326333840712039,0.5377126588367886,0.5422787076550293,0.5463269849560604,0.5498538143861111,0.5528563965536932,0.5553328156302655,0.5572820448250297,0.5587039506194813,0.5595992955263966,0.5599697392083414,0.5598178379481666,0.5591470425168055,0.5579616944426959,0.5562670206569535,0.5540691264755253,0.5513749868211164,0.5481924355057899,0.544530152389278,0.5403976482814983,0.5358052475080584,0.5307640681880699,0.5252860004593174,0.5193836829026921,0.5130704772427492,0.5063604412447447,0.4992682997316038,0.49180941381869303,0.4839997485930354,0.4758558393297392,0.46739475614161563,0.45863406700551934,0.44959179932344284,0.4402864002489437,0.43073669587454333,0.42096184931360625,0.4109813178406938,0.4008148093080379,0.39048223791297687,0.3800036793282544,0.36939932535328523,0.35868943831916056,0.34789430534927135,0.3370341925142952,0.326129299055232,0.31519971192155083,0.3042653607368848,0.293345973202193,0.28246103106322806,0.2716297269110086,0.2608709220077259,0.25020310513320254,0.23964435239276582,0.22921228809956773,0.21892404703100965,0.20879623831363858,0.19884491098566315,0.18908552115532018,0.17953290067415395,0.17020122727406317,0.16110399617439697,0.15225399333508705,0.14366327067337892,0.1353431234959217,0.12730407021737022,0.11955583434011174,0.11210732866349105,0.10496664168510961,0.09814102618625498,0.09163689003281661,0.0854597891695903,0.07961442273892061,0.07410463031230563,0.06893339124971476,0.0641028261378338,0.05961420020807395,0.05546792864787875,0.05166358375556257,0.048199903901313235,0.045074804258824486,0.04228538928420278,0.039827966913343005,0.037698064429498856,0.03589044594016855,0.034399131392731874,0.03321741707308945,0.03233789758735384,0.031752489382448346,0.031452455885570885,0.03142843435588816,0.031670464561564415,0.032168019362842415,0.0329100370959452,0.033884955431467745,0.035080746406137564,0.03648495256679496,0.038084724332165365,0.03986685862177808,0.04181783857745813,0.04392387405886211,0.046170942696342365,0.04854483146186084,0.051031178778146113,0.05361551707378709,0.05628331550362731,0.05902002255483296,0.06181110846884508,0.06464210751015997,0.0674986599738574,0.07036655364531441,0.07323176443828316,0.07608049612629486,0.07889921923931809,0.08167470913202379,0.0843940829895331,0.08704483544556041,0.08961487265990087,0.09209254487034713,0.09446667747705817,0.09672660070383188,0.09886217774169381,0.10086383105766572,0.1027225665332665,0.1044299953183696,0.10597835346914763,0.10736051949169223,0.10857002991520659,0.10960109295649545,0.11044860025877767,0.1111081366848552,0.11157598819031023,0.11184914783773792,0.11192532002318245,0.11180292297625272,0.11148108958443004,0.11095966658569978,0.11023921216290233,0.10932099197664513,0.1082069736846023,0.1068998199736626,0.10540288009382692,0.10372017987244675,0.10185641019128155,0.09981691388880165,0.09760767101231949,0.09523528233184209,0.09270695105306714,0.09003046270974124,0.08721416324173248,0.08426693523248474,0.08119817226432247,0.07801775149845724,0.07473600480873444,0.0713636888117648,0.06791195392803218,0.06439231245292376,0.06081660558658797,0.05719696939062402,0.053545799791173465,0.04987571695208004,0.04619952930679716,0.04253019732257002,0.03888079695634161,0.0352644827632389,0.031694450714013556,0.028183900981716192,0.024746001016211494,0.021393849023894518,0.018140437789362807,0.014998618763002014,0.011981066441180133,0.009100243251111806,0.00636836525324469,0.003797368851223837,0.001398878509128565,-0.0008158246249934109,-0.0028358332575777467,-0.0046506435327344775,-0.00625018334991978,-0.00762483913806733,-0.008765481017384502,-0.009663486405230515,-0.010310762094881909,-0.010699764807526435,-0.010823520272666087,-0.0106756409364408,-0.01025034232628741,-0.00954245792522812,-0.008547452292532398,-0.007261432255738498,-0.005681156153180211,-0.003804041166439731,-0.0016281687896793073,0.0008477115158456172,0.0036241804127215005,0.006701148432405546,0.010077857310314187,0.01375288288121368,0.017724139531622995,0.021988886233899052,0.02654373418502587,0.031384656062407146,0.036506996890359744,0.041905486482022525,0.04757425340990551,0.05350684043217768,0.05969622126242058,0.06613481859224635,0.0728145233095816,0.0797267148351608,0.08686228250059713,0.09421164790594361,0.10176478819489887,0.10951126020611923,0.11744022546618282,0.1255404759570382,0.13380046057268657,0.1422083121952653,0.15075187531565604,0.15941873408628027,0.16819624069819383,0.17707154403387193,0.18603161859912376,0.19506329375097664,0.20415328323036874,0.2132882150074451,0.22245466146578252,0.23163916996754352,0.24082829378302506,0.2500086231877532,0.259166816360036,0.26828962975986315,0.2773639478778023,0.2863768123760977,0.295315450653419,0.3041673038340349,0.3129200540720447,0.32156165086374955,0.3300803360398916,0.33846466732520497,0.3467035404970744,0.3547862101781263,0.36270230932364456,0.370441867487159,0.3779953277893924,0.38535356225636974,0.3925078851756396,0.39945006436072106,0.4061723303977942,0.4126673839913053,0.41892840151800925,0.4249490388889825,0.4307234338189332,0.43624620660222035,0.44151245948105355,0.44651777468403253,0.4512582112173149,0.4557303004619513,0.4599310405724637,0.463857889626631,0.4675087574761676,0.47088199628362304,0.4739763897653262,0.47679114119942057,0.47932586029650537,0.48158054903860403,0.48355558657905107,0.4852517133005563,0.48667001414779776,0.48781190133497176,0.48867909650646624,0.4892736124518038,0.48959773448187605,0.4896540015485584,0.48944518718222696,0.488974280314423,0.4882444660602374,0.4872591065558254,0.48602172194386384,0.4845359715900486,0.4828056356045707,0.48083459673699025,0.47862682270429957,0.4761863489962366,0.47351726221513957,0.4706236840129563,0.4675097556808723,0.46417962345304176,0.4606374245685245,0.45688727412829877,0.45293325280191254,0.44877939541413525,0.44442968042875464,0.4398880203818578,0.435158253307641,0.43024413514820026,0.4251493331576057,0.4198774203602227,0.41443187107927315,0.40881605749756744,0.40303324726933454,0.3970866022415649,0.3909791782722323,0.3847139260782555,0.37829369308268923,0.3717212262980496,0.36499917631877565,0.358130102466383,0.3511164790726866,0.3439607028640239,0.33666510141016914,0.3292319426238919,0.3216634453257683,0.31396179080643805,0.30612913511059503,0.29816762165987143,0.29007939394703897,0.28186660819697806,0.2735314459562801,0.26507612657996305,0.25650291957989424,0.24781415679902352,0.23901224440265878,0.23009967471509185,0.22107903793266814,0.21195303368708807,0.20272448229962237,0.19339633546450585,0.18397168616724002,0.1744537777776145,0.1648460122998472,0.15515195774661805,0.14537535460458173,0.13552012137419212,0.1255903591778349,0.11559035545213447,0.10552458676537668,0.09539772078097286,0.0852146173156143,0.07498032839620095,0.06470009723443582,0.054379356048819716,0.04402372265074206,0.033638995715648434,0.02323114874750587,0.01280632293384798,0.0023708192072433576,-0.00806891028425838,-0.01850627133408267,-0.02893453763502407,-0.039346861599725,-0.0497362858356567,-0.060095754974916815,-0.07041812776542855,-0.08069618955417468,-0.09092266523860104,-0.10109023250987548,-0.11119153511502589,-0.12121919605019826,-0.13116583080942235,-0.14102406077193308,-0.15078652655770952,-0.16044590108332812,-0.1699949022654934,-0.1794263055310239,-0.18873295621503416,-0.19790778168153622,-0.2069438029264674,-0.21583414560315362,-0.22457205058192642,-0.23315088417202645,-0.24156414800327752,-0.24980548838296102,-0.25786870492682823,-0.2657477584285459,-0.2734367780438234,-0.2809300678702087,-0.2882221130255971,-0.2953075853776497,-0.30218134899777027,-0.3088384651634044,-0.315274196601365,-0.3214840108183381,-0.3274635825491856,-0.3332087953892895,-0.33871574265639737,-0.34398072753514697,-0.34900026257502503,-0.3537710686060791,-0.35829007311976113,-0.3625544081626302,-0.3665614078121635,-0.37030860532841814,-0.37379373006575634,-0.37701470419796834,-0.3799696393001071,-0.3826568328246509,-0.38507476448528877,-0.3872220925490808,-0.389097650055632,-0.39070044096892786,-0.39202963618855335,-0.3930845693063034,-0.3938647320472981,-0.3943697694053583,-0.3945994745044459,-0.3945537832086785,-0.39423276851530176,-0.3936366347871427,-0.3927657118757182,-0.3916204491528106,-0.3902014094388804,-0.3885092628251954,-0.3865447803990065,-0.38430882786200016,-0.3818023590237729,-0.37902640915802266,-0.3759820882142435,-0.37267057395354897,-0.3690931052250832,-0.365250975650973,-0.361145527875415,-0.3567781484182646,-0.3521502631273705,-0.34726333319921565,-0.3421188517399898,-0.3367183408564287,-0.3310633492406083,-0.3251554501641465,-0.3189962398452195,-0.3125873363358025,-0.30593037917695654,-0.29902702996174213,-0.2918789738236427,-0.28448792184018856,-0.27685561433755623,-0.2689838250747485,-0.2608743662679842,-0.2525290943877607,-0.24394991663611165,-0.23513879800743354,-0.22609776885300903,-0.2168289328822226,-0.20733447554651718,-0.19761667277197148,-0.18767790001883355,-0.17752064164551484,-0.16714750054889294,-0.15656120804846552,-0.1457646339727816,-0.1347607969151028,-0.12355287463734754,-0.11214421458524271,-0.10053834446471654,-0.08873898284115711,-0.07675004972738719,-0.06457567709922074,-0.052220219232616216,-0.03968826274667947,-0.026984636268046813,-0.014114419639355447,-0.001082952601343834,0.012104157080322864,0.025441026079697338,0.03892148864145639,0.052539090450068215,0.06628708330610777,0.08015842070051349,0.09414575439195971,0.10824143209023163,0.12243749634552614,0.13672568474504487,0.1510974314839615,0.16554387025762196,0.1800558382452664,0.19462388091147176,0.20923825753637004,0.22388894758471167,0.23856565805214558,0.25325783190326945,0.2679546576891454,0.2826450802616023,0.2973178123213742,0.31196134660330443,0.32656396870667237,0.341113770706869,0.35559866568784315,0.37000640319857325,0.38432458545155157,0.39854068406310716,0.41264205730753645,0.4266159679981456,0.44044960206797157,0.45413008772310093,0.46764451486510694,0.48097995456028286,0.4941234785731581,0.5070621791180443,0.519783188978586,0.5322737020024846,0.5445209937350626,0.5565124418811607,0.5682355464784052,0.5796779498718223,0.590827456644071,0.6016720536151539,0.6121999298807594,0.6223994966506652,0.6322594065936258,0.6417685725691058,0.6509161858172092,0.6596917337614059,0.6680850175812694,0.6760861696565357,0.6836856708810544,0.6908743676850548,0.6976434884627238,0.7039846591494623,0.7098899178956017,0.7153517289344862,0.7203629957640842,0.7249170737484434,0.7290077822424763,0.7326294163330473,0.7357767582518733,0.7384450883833296,0.7406301956408825,0.7423283870132664,0.7435364962201589,0.7442518914963188,0.7444724825607096,0.7441967268471501,0.7434236350616104,0.7421527761095135,0.7403842814246957,0.7381188487376278,0.7353577453017763,0.7321028105540393,0.7283564581768189,0.7241216775348889,0.7194020344485565,0.7142016712871211,0.7085253064246686,0.7023782331019746,0.6957663176882676,0.6886959973110081,0.6811742768445654,0.673208725289129,0.6648074715593495,0.6559791996732898,0.6467331433690973,0.6370790802105191,0.627027325203187,0.6165887238902314,0.60577464489878,0.5945969719563777,0.5830680954028509,0.5712009031843408,0.5590087713262335,0.5465055539125316,0.533705572564628,0.52062360534606,0.5072748749958009,0.4936750364000204,0.4798401631951066,0.465786733346917,0.45153161352070725,0.43709204215469555,0.4224856114014557,0.4077302482212417,0.39284419471491816,0.3778459875465927,0.36275443631528503,0.3475886009393463,0.3323677682103181,0.31711142752375565,0.30183924571789333,0.28657104112555487,0.2713267570497635,0.2561264347321952,0.24099018577085474,0.2259381640355329,0.21099053720165273,0.1961674579355801,0.18148903474702394,0.1669753026075611,0.15264619339689034,0.13852150618394887,0.12462087742770223,0.11096375119172563,0.09756934936786621,0.08445664193860836,0.0716443173908985,0.05915075332828934,0.046993987297653916,0.03519168792418981,0.023761126425647205,0.012719148543830272,0.00208214703447851,-0.008133965119732522,-0.017913780699117865,-0.02724242333449922,-0.03610557155180061,-0.04448948178193746,-0.05238101040203702,-0.05976763470233948,-0.0666374726158594,-0.07297930120896723,-0.07878257399461575,-0.08403743698863764,-0.08873474333939413,-0.09286606649369844,-0.09642371203901945,-0.0994007283275522,-0.10179091576117116,-0.10358883449467982,-0.10478981045646663,-0.10538993979366751,-0.10538609192105497,-0.10477591131739672,-0.10355781816353726,-0.10173100790167666,-0.09929544979455329,-0.09625188447870414,-0.09260182038050857,-0.08834752888321873,-0.08349203827879847,-0.07803912663123214,-0.07199331365328732,-0.06535985163881008,-0.05814471549619071,-0.05035459195224945,-0.04199686799599789,-0.03307961863517761,-0.023611594003895675,-0.01360220576282245,-0.0030615126785775715,0.007999794692494788,0.019570410244121206,0.031638429507474086,0.04419136775600663,0.05721617885011199,0.07069927460060654,0.08462654459750496,0.0989833765910717,0.11375467745666157,0.12892489460539025,0.14447803760168654,0.16039769986688412,0.176667080541705,0.19326900658353452,0.21018595500935078,0.22740007514894245,0.2448932109098294,0.2626469230881412,0.28064251160414244,0.2988610374688676,0.3172833444310612,0.33589008041357715,0.35466171879230757,0.37357857940347117,0.3926208491918999,0.4117686025784124,0.4310018215988052,0.4503004157082984,0.46964424118549886,0.48901312025096644,0.5083868600307824,0.527745271332229,0.5470681871297813,0.566335480791345,0.5855270841682483,0.6046230055537976,0.6236033474067142,0.6424483238455849,0.6611382780479076,0.6796536995849252,0.6979752415440998,0.7160837373308695,0.7339602172544275,0.7515859250792261,0.7689423345616078,0.7860111658485849,0.8027744017028837,0.8192143036816262,0.835313428395402,0.8510546438041544,0.8664211454075499,0.8813964723224572,0.8959645233949516,0.9101095734094145,0.9238162892541197,0.9370697458969275,0.9498554422277365,0.9621593169295366,0.9739677643911477,0.9852676504877849,0.9960463280835299,1.006291652283906,1.0159919955599506,1.0251362627679654,1.0337139058868061,1.0417149382485746,1.049129948211366,1.0559501123708799,1.0621672083783835,1.0677736272643443,1.072762385046829,1.0771271335061883,1.0808621701896044,1.0839624477655505,1.086423582814902,1.0882418640659282,1.0894142599322123,1.0899384251051174,1.0898127060190745,1.0890361451614297,1.087608484295842,1.0855301667003303,1.0828023385103194,1.079426849226337,1.075406251425278,1.070743799717711,1.0654434490148859,1.059509852155145,1.0529483568879385,1.0457650022134573,1.0379665141147996,1.0295603006884448,1.0205544466096725,1.010957706873974,1.0007794998074786,0.9900298993372871,0.9787196264503635,0.9668600397290703,0.9544631248696618,0.9415414831260236,0.9281083186673555,0.914177424954687,0.8997631703503188,0.8848804831415364,0.8695448360265061,0.8537722299733161,0.8375791772616026,0.8209826834911311,0.8040002284557275,0.7866497460205863,0.7689496032729863,0.7509185790535469,0.7325758417464883,0.7139409262323682,0.6950337100928152,0.6758743891714118,0.6564834524692174,0.6368816563896829,0.6170899984899307,0.5971296908703039,0.5770221332265209,0.5567888856272845,0.5364516411398768,0.5160321983443126,0.49555243375009184,0.4750342741941864,0.4544996692525629,0.43397056365871123,0.413468869805385,0.39301644039937145,0.3726350412661006,0.3523463243646532,0.33217180109575395,0.31213281586881436,0.29225051990660234,0.2725458453796321,0.2530394799272315,0.23375184155208473,0.21470305393798128,0.1959129222617264,0.17740090948393572,0.15918611312930153,0.14128724265477643,0.12372259743356295,0.10651004531500519,0.08966700183451337,0.07321041020568941,0.05715672210532574,0.041521879212815804,0.026321295587457882,0.011569840995569791,-0.0027181748808686734,-0.016529017508027266,-0.029849541801659996,-0.04266720548764624,-0.05497008148705618,-0.06674686949472886,-0.07798690690060539,-0.08868017896491409,-0.09881732802370635,-0.10838966170042852,-0.1173891603292958,-0.12580848372751063,-0.13364097720737078,-0.14088067660848225,-0.1475223122629714,-0.15356131197006562,-0.15899380309863176,-0.16381661395362102,-0.16802727457765343,-0.1716240171312151,-0.17460577584910197,-0.17697218636978107,-0.1787235841959074,-0.17986100220799983,-0.18038616725424816,-0.18030149581517207,-0.17961008876685014,-0.17831572534978335,-0.1764228564687116,-0.1739365973793241,-0.17086271975976075,-0.16720764317919645,-0.16297842603590595,-0.15818275606567767,-0.15282894048834805,-0.14692589581225945,-0.1404831372869637,-0.13351076796806893,-0.12601946733564517,-0.11802047941269933,-0.10952560035689629,-0.10054716549014842,-0.09109803566384045,-0.08119158279403393,-0.07084167444504175,-0.06006265751707929,-0.048869341235473485,-0.037276979559024426,-0.02530125291700358,-0.012958249142876355,-0.0002644436579686271,0.012763320943875556,0.02610785589997988,0.039751647967214865,0.053676881787929176,0.06786546284132555,0.08229904096846496,0.09695903447405385,0.11182665468650299,0.1268829308680921,0.14210873546056035,0.15748480960539268,0.17299178884896094,0.18861022900735236,0.20432063215316987,0.22010347266355978,0.23593922329712314,0.2518083812646239,0.26769149425798844,0.2835691864021328,0.29942218408623233,0.31523134166829436,0.33097766704866416,0.34664234705451946,0.3622067725502873,0.37765256319726603,0.3929615918276852,0.4081160084123212,0.42309826356974867,0.43789113158860715,0.45247773293705507,0.46684155618380174,0.48096647928801417,0.49483679024146454,0.5084372070060468,0.5217528967180911,0.5347694941425019,0.5474731192799993,0.559850394069052,0.571888458252829,0.5835749844111859,0.5948981920012244,0.6058468603426306,0.6164103406846948,0.6265785674315723,0.6363420683577061,0.6456919735883488,0.6546200233232042,0.6631185744812527,0.6711806064840147,0.6787997263411398,0.6859701731332777,0.6926868218779703,0.6989451865771912,0.7047414221603461,0.7100723251652354,0.7149353331577828,0.7193285229612982,0.7232506077745171,0.7267009332340493,0.7296794724993347,0.7321868204945332,0.734224187453826,0.7357933918866237,0.7368968530179245,0.7375375826566781,0.7377191763630577,0.7374458037805098,0.7367221980141991,0.735553643963911,0.7339459656676652,0.7319055128777876,0.7294391470176009,0.7265542264644225,0.7232585910763945,0.7195605460401993,0.7154688452137918,0.7109926740206234,0.7061416318441971,0.7009257139804035,0.6953552932892677,0.6894411015708357,0.6831942106219273,0.676626013046743,0.669748202941598,0.6625727564407597,0.6551119120643136,0.647378150947219,0.6393841770564848,0.6311428973395223,0.6226674017265239,0.6139709430873381,0.60506691725449,0.5959688430513097,0.5866903422865306,0.5772451198658715,0.5676469441455296,0.5579096274389386,0.5480470065598624,0.5380729234820407,0.5280012062856869,0.5178456504046238,0.5076200000456907,0.49733792976366686,0.4870130263771273,0.47665877139799306,0.46628852395056697,0.4559155040357368,0.44555277609190114,0.4352132329934264,0.42490958065443607,0.41465432324110907,0.40445974884563896,0.394337915453832,0.3843006371556186,0.37435947075326226,0.3645257030118074,0.354810338661693,0.3452240890758418,0.33577736146089876,0.32648024839286904,0.3173425175419027,0.3083736014880216,0.29958258765562107,0.2909782085525805,0.2825688325568976,0.2743624553876032,0.26636669226675025,0.2585887707462291,0.2510355241823632,0.24371338581213564,0.23662838333475378,0.22978613390170466,0.22319183947576704,0.21685028256433725,0.21076582230664087,0.2049423908488066,0.19938348996405608,0.19409218794066874,0.18907111677013688,0.1843224696185075,0.1798479985253465,0.17564901231563113,0.17172637479291097,0.16808050327463775,0.16471136746739035,0.16161848867954376,0.15880093936824835,0.15625734299644023,0.15398587423431565,0.15198425961555273,0.15024977874453072,0.14877926611177372,0.14756911356792557,0.14661527348125247,0.14591326257588122,0.14545816645753007,0.1452446448432383,0.1452669375114013,0.14551887100785166,0.1459938661782445,0.14668494661652431,0.14758474811151245,0.14868552915820032,0.1499791825997292,0.15145724846718167,0.15311092800007486,0.15493109861260024,0.1569083294717899,0.15903289752166216,0.16129480397920304,0.16368379141287903,0.16618936155241926,0.16880079397940762,0.17150716578549918,0.17429737210404994,0.1771601472088662,0.1800840858828181,0.18305766498076537,0.1860692652799827,0.189107193726457,0.19215970612155076,0.19521503019652187,0.19826138888830513,0.20128702352565142,0.204280216701072,0.20722931480172235,0.2101227503002292,0.21294906389198331,0.21569692650801642,0.21835516114476405,0.22091276427931916,0.2233589265535585,0.2256830525432818,0.2278747796135221,0.22992399594809854,0.23182085782458017,0.2335558061566516,0.23511958234306718,0.236503243489409,0.237698176956755,0.23869611397491752,0.23948914200779114,0.24006971575501979,0.24043066684965453,0.24056521234764006,0.24046696207550156,0.24012992482030882,0.23954851330191929,0.23871754793527344,0.23763225946025557,0.23628829052174893,0.23468169627633984,0.23280894410290642,0.2306669124782772,0.22825288905876562,0.2255645679994629,0.22260004654713583,0.2193578209578959,0.2158367817880844,0.21203620859094485,0.20795576404548655,0.20359548753870627,0.19895578820947435,0.1940374374571121,0.18884156091912274,0.18336962991734396,0.17762345238054422,0.17160516330529418,0.165317214861183,0.15876236621674167,0.15194367310962775,0.1448644771522325,0.13752839483511536,0.12993930619358451,0.12210134314737076,0.11401887756112927,0.1056965090942299,0.09713905288043634,0.08835152702958027,0.07933913998196118,0.07010727779174886,0.0606614913749155,0.05100748374035646,0.04115109725916,0.031098301020868746,0.020855178302895183,0.010427914191303955,-0.00017721660698555297,-0.01095386172224977,-0.02189560278850422,-0.032995966779182595,-0.04424843700807912,-0.05564646376108584,-0.06718347452193996,-0.07885288378964361,-0.09064810245847355,-0.10256254670703413,-0.11458964636713631,-0.12672285274688733,-0.13895564588542442,-0.15128154124450788,-0.16369409583794692,-0.17618691377189322,-0.1887536511749559,-0.20138802052473181,-0.21408379436220315,-0.22683480835704728,-0.23963496372795134,-0.2524782290796068,-0.2653586416830507,-0.2782703081479667,-0.29120740444900406,-0.3041641753396931,-0.3171349332146107,-0.3301140564758569,-0.3430959874277022,-0.3560752296631122,-0.3690463449052146,-0.38200394932105297,-0.39494270936281595,-0.4078573372044403,-0.4207425858305598,-0.4335932438306429,-0.4464041299815946,-0.45917008770201306,-0.47188597942908217,-0.48454668096908193,-0.49714707587907014,-0.509682049940551,-0.5221464857996168,-0.534535257844901,-0.5468432273906885,-0.5590652382437185,-0.5711961127005338,-0.5832306479847063,-0.5951636131645301,-0.6069897466307452,-0.6187037542066989,-0.6303003079541156,-0.6417740457409451,-0.6531195716490714,-0.664331457303426,-0.6754042442012675,-0.6863324471135286,-0.6971105585337654,-0.7077330539452618,-0.7181943976146528,-0.7284890488295304,-0.7386114686949412,-0.7485561276151671,-0.7583175135340738,-0.7678901409070278,-0.7772685601893983,-0.7864473675494992,-0.7954212146979458,-0.8041848189500982,-0.812732973662257,-0.8210605590209141,-0.8291625529658617,-0.8370340419982938,-0.8446702318012385,-0.8520664577437813,-0.8592181953214535,-0.8661210704549447,-0.8727708694312781,-0.879163548280431,-0.8852952415337683,-0.8911622704268396,-0.8967611506270927,-0.9020885995191747,-0.9071415429213374,-0.9119171209542216,-0.9164126928564613,-0.920625840754127,-0.9245543725197578,-0.9281963238707291,-0.9315499598120098,-0.9346137754761159,-0.9373864963717864,-0.9398670779449532,-0.942054704234593,-0.9439487854508073,-0.9455489544733524,-0.9468550623971836,-0.9478671732869159,-0.948585558260497,-0.9490106889636323,-0.9491432304937462,-0.9489840338777853,-0.9485341282297384,-0.9477947126901185,-0.9467671482125439,-0.9454529492284607,-0.9438537752294565,-0.9419714223701092,-0.939807815223709,-0.9373649987619288,-0.9346451305549479,-0.9316504731758926,-0.9283833868201938,-0.9248463221519359,-0.9210418133776628,-0.9169724715814169,-0.9126409784093283,-0.908050080187202,-0.9032025824947354,-0.8981013451667081,-0.8927492776768844,-0.8871493348699389,-0.8813045130128785,-0.8752178461403304,-0.8688924026743834,-0.8623312822956919,-0.8555376130175176,-0.8485145483899217,-0.8412652647572472,-0.8337929584880897,-0.8261008430933927,-0.8181921461652308,-0.8100701060859592,-0.801737968495523,-0.7931989826225561,-0.7844563977065846,-0.7755134597105595,-0.7663734083599749,-0.7570394743846691,-0.747514876808502,-0.7378028202989242,-0.7279064927934797,-0.7178290636034177,-0.7075736820000529,-0.6971434761471755,-0.6865415522505174,-0.6757709939445462,-0.6648348621005695,-0.6537361952164602,-0.6424780103639449,-0.631063304555596,-0.6194950564770139,-0.6077762287176398,-0.595909770693261,-0.5838986223036784,-0.5717457181921901,-0.5594539924252118,-0.5470263835143285,-0.5344658399047688,-0.5217753261481022,-0.5089578298516528,-0.4960163693195341,-0.48295400171336667,-0.46977383156338703,-0.45647901947773306,-0.4430727908863048,-0.4295584447525158,-0.41593936241397245,-0.40221901678567207,-0.38840098197352546,-0.37448894319892645,-0.36048670696478524,-0.3463982114405795,-0.33222753700738394,-0.3179789168288778,-0.3036567472882439,-0.28926559816635944,-0.27481022248696263,-0.2602955659898356,-0.2457267762007902,-0.23110921106475502,-0.21644844710825595,-0.20175028709176956,-0.18702076711194593,-0.17226616311103982,-0.15749299672969386,-0.1427080404221286,-0.12791832173157758,-0.11313112662733005,-0.09835400187738941,-0.08359475648595804,-0.06886146219708422,-0.05416245303047873,-0.039506323818692124,-0.02490192773560551,-0.010358372822715012,0.004114982483400809,0.0185085348373093,0.03281244249222226,0.04701663280200563,0.06111081068726776,0.07508446807337776,0.08892689432516931,0.10262718768900925,0.11617426773842965,0.1295568888013463,0.14276365433575222,0.15578303222655165,0.1686033709817778,0.18121291681914897,0.19359983164216032,0.2057522118963817,0.21765810830098076,0.22930554645516565,0.24068254829902003,0.2517771543527516,0.26257744651623227,0.27307157107836844,0.2832477616405811,0.2930943618213462,0.3025998476906935,0.31175284988205476,0.32054217532666485,0.32895682857495245,0.3369860326970766,0.34461924976331915,0.35184620088036667,0.35865688574929067,0.36504160172118816,0.370990962336208,0.37649591534139404,0.3815477601849224,0.38613816497606734,0.39025918288822936,0.3939032679873762,0.39706329047634625,0.39973255132955643,0.40190479629669085,0.40357422926876296,0.40473552497237364,0.40538384095862057,0.4055148289048631,0.4051246452375068,0.4042099610208396,0.40276797106361784,0.4007964022259358,0.39829352088370484,0.3952581394900818,0.391689622192942,0.38758788947714606,0.38295342180602887,0.3777872622701466,0.3720910182745527,0.36586686229453846,0.3591175317285007,0.3518463278545454,0.34405711387517357,0.3357543120472357,0.32694289989292,0.3176284054447436,0.30781690144510776,0.29751499842682705,0.28672983666614016,0.27546907718977565,0.2637408921909028,0.2515539551244288,0.23891743055025927,0.22584096371993923,0.2123346699016082,0.1984091234278864,0.18407534647230506,0.1693447975774589,0.15422935992362596,0.13874132929966265,0.12289340176624819,0.10669866104103676,0.09017056563243386,0.07332293573679038,0.05616993990415864,0.038726081455671135,0.021006184630223856,0.0030253804472550883,-0.015200907739163938,-0.033656979034759615,-0.05232687017102222,-0.07119437104565662,-0.09024304065800237,-0.10945622348114625,-0.1288170663014796,-0.14830853550095213,-0.16791343462790564,-0.18761442199377854,-0.20739402808406737,-0.2272346727165342,-0.2471186819717346,-0.2670283049261286,-0.28694573019509306,-0.3068531023046219,-0.3267325379252526,-0.3465661419956376,-0.36633602376342367,-0.3860243127643912,-0.40561317476056047,-0.425084827696395,-0.4444215577622117,-0.46360573565048213,-0.482619833085586,-0.5014464397137246,-0.5200682804135823,-0.5384682329653998,-0.5566293458363631,-0.5745348558108532,-0.5921682053717916,-0.6095130599104195,-0.626553324891205,-0.6432731630741202,-0.6596570117474059,-0.6756895997149428,-0.6913559638029128,-0.7066414648787571,-0.7215318034962337,-0.7360130352511547,-0.7500715858685112,-0.7636942659148502,-0.7768682849270547,-0.7895812648404998,-0.8018212527811812,-0.813576733377829,-0.8248366407124905,-0.8355903698619684,-0.8458277878437102,-0.8555392438601785,-0.8647155789266492,-0.873348135061228,-0.8814287641845056,-0.8889498367436772,-0.8959042498739791,-0.9022854348161502,-0.908087363439634,-0.9133045539357809,-0.917932075869949,-0.921965554772747,-0.9254011763286698,-0.9282356900206068,-0.9304664119697463,-0.9320912268270334,-0.9331085887866095,-0.9335175218771496,-0.9333176196786113,-0.9325090446142426,-0.931092526914064,-0.929069363167514,-0.9264414142079929,-0.9232111020950029,-0.9193814061319756,-0.9149558579784198,-0.9099385359519445,-0.9043340586250466,-0.8981475778102492,-0.8913847710051641,-0.8840518333651985,-0.876155469280647,-0.8677028836141929,-0.8587017726262118,-0.8491603146182882,-0.839087160329008,-0.8284914231155582,-0.8173826689447807,-0.8057709061893448,-0.7936665751869967,-0.7810805374623513,-0.7680240644972898,-0.7545088259926231,-0.7405468776200408,-0.7261506483064153,-0.7113329270831557,-0.6961068494658136,-0.680485883298978,-0.6644838139968741,-0.6481147290807598,-0.6313930019201379,-0.6143332746079437,-0.5969504399238019,-0.5792596224882303,-0.5612761593981475,-0.5430155805647487,-0.5244935887110174,-0.5057260388374374,-0.4867289170488007,-0.4675183188830374,-0.44811042742696827,-0.42852149135273265,-0.4087678028062385,-0.3888656751122994,-0.36883142042758266,-0.34868132748601255,-0.3284316394109439,-0.308098531478592,-0.2876980888601466,-0.2672462845170287,-0.24675895732084996,-0.22625179029387965,-0.20574028892369256,-0.18523975969866768,-0.16476528901737453,-0.144331722460862,-0.12395364439221623,-0.10364535800777475,-0.08342086604111643,-0.06329385217885886,-0.04327766308184522,-0.02338529095479913,-0.0036293568035645762,0.01597790542691513,0.035424663809479284,0.05469950262270373,0.07379143586599213,0.09268991999353204,0.1113848656171399,0.12986664802917858,0.14812611659892383,0.16615460320312536,0.18394392987647734,0.2014864157593408,0.21877488318757088,0.2358026626783385,0.25256359670813566,0.2690520423278997,0.28526287270505435,0.30119147768510857,0.31683376348573944,0.33218615169128896,0.34724557773586895,0.36200948899685415,0.3764758425432575,0.3906431025659458,0.4045102375193821,0.4180767169660271,0.4313425080204496,0.44430807122343907,0.45697435572885325,0.46934279377536825,0.4814152944502723,0.49319423677327734,0.5046824621695976,0.5158832664230175,0.5268003911612311,0.537438014867206,0.5478007433761718,0.5578935998145269,0.5677220139659198,0.5772918110643275,0.586609199990491,0.5956807608358687,0.6045134317920429,0.613114495283881,0.6214915632314231,0.6296525613415156,0.637605712335727,0.6453595180060105,0.6529227400793474,0.660304380083673,0.6675136585044896,0.6745599933722346,0.6814529782329686,0.6882023593861746,0.6948180122916696,0.7013099171950188,0.7076881342201347,0.7139627781660494,0.7201439930423064,0.7262419262440787,0.7322667023272942,0.7382283965487915,0.7441370084408945,0.7500024355416031,0.7558344472110647,0.7616426584077445,0.7674365033898383,0.7732252095251084,0.779017771530448,0.7848229263753197,0.7906491289055495,0.7965045281266541,0.8023969440511749,0.8083338450680628,0.814322325956482,0.820369086831505,0.826480413293659,0.8326621579280626,0.8389197232006964,0.8452580457292029,0.8516815818737413,0.8581942945867382,0.8647996414496149,0.8715005638665545,0.8782994774728508,0.8851982638365286,0.8921982634807151,0.8993002702167061,0.9065045267718119,0.9138107217002513,0.921217987577279,0.9287249005122504,0.9363294810801008,0.9440291968101775,0.9518209663446555,0.9597011652963872,0.9676656337121798,0.9757096849300382,0.9838281156096897,0.992015216789099,1.0002647858792955,1.0085701395836182,1.0169241278140575,1.025319148709059,1.0337471648533594,1.042199720800106,1.0506679619289017,1.0591426545057132,1.0676142067156746,1.076072690546063,1.0845078645653246,1.092909197669556,1.1012658936955901,1.1095669166367585,1.1178010162782002,1.1259567542559097,1.134022530539923,1.1419866101539498,1.1498371498830764,1.157562224900886,1.1651498553804842,1.172588033040796,1.1798647473994066,1.1869680115314196,1.1938858873392135,1.2006065104515642,1.2071181147527525,1.2134090563246431,1.2194678365600211,1.2252831244045908,1.2308437778497563,1.2361388648032445,1.2411576833256603,1.2458897810243101,1.250324973363547,1.2544533608322794,1.258265345071493,1.2617516440921719,1.2649033066643156,1.2677117259114326,1.270168652150474,1.2722662050540237,1.2739968852338421,1.2753535853295475,1.2763296006069922,1.2769186389444656,1.2771148300155417,1.2769127335485422,1.27630734665766,1.2752941103075912,1.2738689150123363,1.272028105869424,1.269768486978755,1.267087325226555,1.2639823533801433,1.260451772481126,1.2564942535840942,1.2521089388981608,1.2472954423716303,1.2420538497392002,1.2363847180512266,1.2302890747220587,1.2237684161274842,1.2168247057572898,1.209460371911355,1.2016783049214013,1.1934818538696774,1.1848748227418682,1.1758614659444788,1.1664464831729688,1.1566350136591126,1.146432629812459,1.1358453302435976,1.1248795321331642,1.1135420628768387,1.1018401509090054,1.0897814155991128,1.0773738561082808,1.0646258391020993,1.0515460852555023,1.0381436546082554,1.0244279310369606,1.0104086061874327,0.996095663050788,0.981499359163287,0.9666302093093648,0.9514989676232659,0.9361166091588373,0.9204943112050117,0.9046434346424377,0.8885755054634359,0.872302196387011,0.8558353084533579,0.8391867526431867,0.8223685317531633,0.805392722739569,0.788271459602214,0.7710169167820382,0.7536412930138638,0.736156795658502,0.7185756256979516,0.7009099636014469,0.6831719561037417,0.6653737037631728,0.6475272491227315,0.6296445653916507,0.6117375457569381,0.5938179935536638,0.5758976134192721,0.5579880033715199,0.5401006476634862,0.5222469102539193,0.5044380287185035,0.4866851084712138,0.46899911734064403,0.4513908807354312,0.43387107761085986,0.4164502372560932,0.39913873677419076,0.38194679908762197,0.3648844913146192,0.3479617233777148,0.3311882467499956,0.3145736533891679,0.29812737508562037,0.28185868343923914,0.2657766904454206,0.24989034946856492,0.23420845636579912,0.21873965058538403,0.2034924161358802,0.1884750824705108,0.17369582546522366,0.1591626686123604,0.14488348439070364,0.1308659956809919,0.11711777704616821,0.10364625568053043,0.0904587119762823,0.07756227990162756,0.06496394742827505,0.05267055702249479,0.040688806021556445,0.029025246705209895,0.017686285937180912,0.006678184364311335,-0.0039929446906157295,-0.014321136452089434,-0.02430057593968371,-0.033925599309831966,-0.04319069547371868,-0.052090508164127414,-0.060619838451579255,-0.06877364747515458,-0.07654705909187953,-0.08393536231674403,-0.0909340136380905,-0.09753863941260477,-0.10374503853818595,-0.10954918551350801,-0.11494723392810613,-0.11993552037916544,-0.12451056867640631,-0.1286690940721371,-0.13240800731716718,-0.13572441850337924,-0.13861564073450694,-0.1410791936777258,-0.14311280705933882,-0.14471442417561775,-0.14588220548645126,-0.1466145323565584,-0.14691001099886591,-0.14676747666785417,-0.14618599815453592,-0.14516488262765392,-0.14370368085912588,-0.1418021928679778,-0.1394604739719938,-0.13667884116649986,-0.13345787974605372,-0.12979845014354652,-0.12570169499206685,-0.1211690464072177,-0.11620223348731429,-0.11080329003806355,-0.10497456253492743,-0.09871871830371504,-0.09203875381235349,-0.08493800291660136,-0.07742014495705263,-0.06948921267250086,-0.06114959989714208,-0.05240606896507671,-0.043263757699172345,-0.03372818584523429,-0.0238052608245809,-0.013501282665281167,-0.002822947921842456,0.00822264762662428,0.01962800763575956,0.03138523519790226,0.04348603404582718,0.055921710833601423,0.06868317848682182,0.08176096071424155,0.09514519778883113,0.10882565356948959,0.12279172359439627,0.13703244417278881,0.15153650257398255,0.16629224836903234,0.1812877058155351,0.19651058716321046,0.21194830687407062,0.22758799675557384,0.24341652190149432,0.2594204973362153,0.27558630532084294,0.2919001132417449,0.3083478919946572,0.3249154348541907,0.3415883767617842,0.358352213863796,0.3751923232207375,0.3920939827075145,0.40904239102594175,0.4260226876755624,0.4430199728134667,0.46001932694845493,0.4770058303704374,0.49396458231336027,0.5108807199161731,0.5277394368930217,0.5445260017087605,0.5612257752077667,0.5778242278239745,0.5943069564218391,0.6106597006533008,0.6268683587522403,0.6429190028453959,0.6587978938880283,0.674491496156044,0.6899864910709184,0.7052697902417364,0.7203285478178074,0.7351501723004645,0.7497223378487305,0.7640329949247686,0.7780703800664739,0.7918230247191715,0.805279763218131,0.8184297400784075,0.8312624167615894,0.8437675780778022,0.8559353383589183,0.8677561474406943,0.8792207963130423,0.8903204222333301,0.9010465132217931,0.9113909120088479,0.9213458195653885,0.9309037983279964,0.9400577751839805,0.9488010442412573,0.957127269381921,0.965030486599872,0.9725051061523189,0.9795459145738263,0.986148076575283,0.9923071367925758,0.9980190213407738,1.003280039183089,1.0080868833288577,1.012436631824066,1.0163267484954588,1.0197550834425968,1.0227198732726777,1.025219741071595,1.0272536961227843,1.0288211333732065,1.0299218326157202,1.0305559573758174,1.0307240535127846,1.0304270475470503,1.0296662447402767,1.0284433269287447,1.026760350035424,1.0246197411423097,1.022024294989052,1.0189771697511745,1.0154818819425557,1.011542300333744,1.0071626389702573,1.0023474495230928,0.9971016130836432,0.9914303313369075,0.9853391170661325,0.9788337841147055,0.9719204369960934,0.9646054601956422,0.9568955071414891,0.9487974889634572,0.9403185632175592,0.9314661226041352,0.9222477836273839,0.9126713752971938,0.9027449280507085,0.8924766629081375,0.8818749808154891,0.870948452269694,0.8597058073646053,0.8481559262474505,0.8363078298727871,0.824170671052812,0.8117537259613457,0.799066386183739,0.7861181511951969,0.772918621095755,0.7594774896164935,0.7458045375629467,0.7319096267628069,0.7178026944208185,0.703493747743849,0.6889928587785406,0.674310159548206,0.65945583762052,0.6444401321109936,0.6292733300016806,0.6139657626155994,0.5985278020933436,0.5829698577353284,0.5673023721246153,0.5515358170869362,0.535680689648764,0.5197475080697984,0.5037468078771781,0.4876891377688466,0.47158505526378747,0.45544512198377163,0.43927989845091986,0.42309993832028425,0.40691578209839463,0.3907379505903492,0.37457693833860617,0.3584432071157906,0.3423471793532826,0.3262992313601174,0.3103096862464554,0.2943888065185192,0.27854678630924923,0.26279374317861937,0.24713970942199381,0.23159462285721588,0.21616831706940332,0.2008705110937541,0.1857107985356592,0.17069863616713832,0.15584333213094936,0.1411540339621169,0.1266397165969977,0.11230917043124578,0.09817098942122726,0.08423355923257958,0.070505045470874,0.056993382028494466,0.043706259574705086,0.030651114222912668,0.01783511641585278,0.005265160080341502,-0.007052147882610882,-0.019110497698953566,-0.030903886333085495,-0.042426626531273826,-0.05367335523153116,-0.06463904128029441,-0.07531899240911599,-0.08570886142962308,-0.09580465157637974,-0.10560272088716971,-0.1150997854947775,-0.12429292170600803,-0.13317956673871123,-0.1417575179891415,-0.15002493075231627,-0.1579803144691141,-0.1656225277461374,-0.17295077237826462,-0.17996458642909374,-0.18666383627996908,-0.19304870752247183,-0.19911969468591906,-0.2048775900091968,-0.2103234715451805,-0.21545869071122326,-0.2202848592042983,-0.22480383522277236,-0.22901770913135522,-0.2329287888445677,-0.23653958513447293,-0.23985279688847072,-0.24287129622825177,-0.24559811346487237,-0.2480364220981599,-0.25018952420217033,-0.2520608363763941,-0.2536538762007865,-0.25497224905799953,-0.25601963525790694,-0.2567997775472719,-0.2573164692882841,-0.2575735436647122,-0.25757486411433916,-0.25732431600476247,-0.25682579950321127,-0.2560832235456516,-0.25510050078242585,-0.25388154340863167,-0.2524302598222832,-0.2507505520603459,-0.2488463139693451,-0.24672143007483527,-0.244379775106637,-0.2418252141303796,-0.2390616032496311,-0.236092790856965,-0.23292261938839687,-0.22955492751440687,-0.22599355272218702,-0.22224233425378515,-0.21830511635835137,-0.2141857518196204,-0.20988810572018934,-0.2054160594035892,-0.200773514595312,-0.19596439763303408,-0.19099266375973656,-0.18586230144306626,-0.18057733666702092,-0.17514183712366815,-0.16955991624635658,-0.16383573705974186,-0.15797351586318342,-0.15197752578752954,-0.14585210024721817,-0.13960163626013156,-0.13323059758245392,-0.12674351764312064,-0.1201450023169528,-0.11343973257116602,-0.10663246696330475,-0.09972804395019352,-0.09273138401839986,-0.08564749168720454,-0.07848145739951917,-0.07123845924827066,-0.0639237644469901,-0.0565427304341668,-0.04910080550351381,-0.0416035288853962,-0.0340565302696092,-0.02646552881724773,-0.018836331694444652,-0.011174832127800016,-0.003487007008338594,0.004221085917045286,0.011943311270130152,0.019673459700804585,0.027405251952586696,0.03513234328575976,0.042848328262657276,0.05054674591810482,0.05822108528669645,0.06586479125592604,0.07347127076707238,0.08103389939333283,0.08854602829033809,0.09600099150461006,0.10339211364616574,0.11071271792185655,0.11795613448052222,0.12511570903888014,0.1321848118224338,0.13915684686651275,0.14602526168696528,0.15278355731920357,0.15942529875170663,0.16594412580680284,0.17233376451380167,0.17858803895593667,0.184700883435724,0.19066635467692805,0.19647864380395674,0.20213208796624826,0.20762118154998177,0.21294058694457618,0.21808514487498343,0.22304988434243,0.22783003221074694,0.23242102242368645,0.2368185047906053,0.24101835331692456,0.24501667411451677,0.24880981291427418,0.2523943621607927,0.25576716764179963,0.25892533459066414,0.2618662332315367,0.2645875038022467,0.26708706110370173,0.26936309857195795,0.27141409181984955,0.2732388015634015,0.27483627584734904,0.2762058515394372,0.2773471551208644,0.27826010280730884,0.27894489999162886,0.2794020399820809,0.2796323020709366,0.2796367490204048,0.2794167240203578,0.278973847144222,0.27831001135280786,0.27742737810265794,0.2763283725762733,0.27501567852372943,0.27349223272211987,0.27176121908312467,0.26982606243549867,0.267690422002147,0.26535818460882155,0.262833457682234,0.26012056207493117,0.2572240246987363,0.2541485709143032,0.2508991166247512,0.2474807600323956,0.24389877301123875,0.24015859202111756,0.2362658084831537,0.23222615855129192,0.22804551226802516,0.22372986226395852,0.21928531231884563,0.21471806602689725,0.21003441560956304,0.2052407308062314,0.2003434477825934,0.19534905806117564,0.19026409749143625,0.18509513523108723,0.17984876268845795,0.1745315824450131,0.1691501973608922,0.16371120017369378,0.15822116376208584,0.1526866320579856,0.14711411153254517,0.14151006318840587,0.1358808950259487,0.13023295497982446,0.12457252429500443,0.1189058112776138,0.1132389454089946,0.10757797197233288,0.1019288474361133,0.09629743574251393,0.09068950551147026,0.08511072810245679,0.07956667645719051,0.0740628246647006,0.06860454819897654,0.0631971247423877,0.05784573549223637,0.05255546687347845,0.047331312571785134,0.04217817577097094,0.03710087149075747,0.03210412894312498,0.027192593819457045,0.02237083042235355,0.017643323615985196,0.013014480636215353,0.008488632771552318,0.004070036847224401,-0.00023712357515393023,-0.004428737358097123,-0.008500765380567543,-0.012449240597455002,-0.016270268541916266,-0.019960028227409055,-0.023514773450798998,-0.0269308345519903,-0.030204620688287775,-0.033332622617869845,-0.03631141592993714,-0.03913766468239288,-0.04180812545875057,-0.0443196518544724,-0.04666919936024527,-0.04885383058366699,-0.05087072077726873,-0.05271716367044377,-0.054390577576945986,-0.05588851171660991,-0.05720865270193798,-0.05834883117666578,-0.05930702861204651,-0.060081384219635936,-0.060670201884668984,-0.061071957063902005,-0.0612853036584724,-0.061309080873726884,-0.06114232002638431,-0.06078425121515352,-0.06023430977516142,-0.05949214246813739,-0.058557613392387964,-0.05743080962793812,-0.05611204665014213,-0.05460187353128987,-0.05290107792900045,-0.05101069084997789,-0.04893199113927693,-0.0466665096141341,-0.04421603280271569,-0.04158260628992849,-0.038768537661432845,-0.035776399036983264,-0.03260902920462172,-0.029269535370275435,-0.025761294523114486,-0.022087954395729525,-0.018253433980163436,-0.014261923567850943,-0.010117884287112133,-0.005826047091517239,-0.0013914111372272941,0.0031807584984662185,0.007884933757573265,0.012715327155660816,0.017665895929873443,0.02273034680588637,0.027902141423155058,0.033174502440715514,0.03854042030404514,0.04399266065713903,0.04952377243578354,0.05512609669528956,0.06079177619093912,0.06651276569063214,0.07228084300898985,0.07808762078640541,0.08392455903545226,0.08978297846550021,0.09565407461274589,0.10152893282207032,0.1073985441185954,0.11325382199101597,0.11908562012402513,0.12488475107324604,0.13064200565442263,0.13634817264198063,0.14199405851854863,0.1475705072634952,0.15306842022054923,0.15847877604928584,0.16379265080242789,0.16900123819446122,0.17409586996893012,0.17906803602371468,0.18390940392688293,0.1886118376900967,0.19316741586163744,0.19756844901232995,0.201807496632469,0.20587738344048034,0.20977121513165997,0.2134823935742034,0.21700463130971315,0.22033196509271846,0.2234587682586664,0.22637976184027764,0.22909002443083182,0.2315850007948299,0.23386050922121626,0.23591274766118175,0.23773829872537533,0.23933413359923605,0.24069761493692,0.24182649880886942,0.24271893576257497,0.24337347103595874,0.24378904396097312,0.24396498659922372,0.2439010216600508,0.24359725974890267,0.24305419597786937,0.24227270595422112,0.2412540411501638,0.23999982364101413,0.23851204019029382,0.23679303566139254,0.2348455057305543,0.23267248888440406,0.2302773577286672,0.2276638096718031,0.22483585703152897,0.22179781655925268,0.21855429833779993,0.2151101940208946,0.21147066443774776,0.2076411266060063,0.2036272401441508,0.19943489303219053,0.19507018675300003,0.19053942106904032,0.18584907883565194,0.1810058111412971,0.1760164228577068,0.17088785856908117,0.1656271888507348,0.1602415969142683,0.15473836561701404,0.1491248647625696,0.1434085386105295,0.13759689357159743,0.13169748609433896,0.1257179107176256,0.11966578823085428,0.113548753953026,0.10737444633230098,0.10115049618229222,0.09488451674270237,0.08858409456070859,0.08225678112417256,0.07591008518801345,0.06955146577436011,0.06318832585842671,0.05682800672551025,0.05047778293288019,0.044144857779983226,0.03783635919144501,0.03155933597741978,0.025320754499496445,0.019127495743575196,0.012986352743652674,0.006904028280125374,0.0008871327611501556,-0.005057817807639253,-0.010924403819387862,-0.016706304026001817,-0.02239729744071184,-0.027991265209358573,-0.03348219251319762,-0.03886417056110503,-0.04413139873456373,-0.049278186957558034,-0.054298958369003,-0.059188252384025475,-0.06394072821151298,-0.06855116883449597,-0.07301448541989686,-0.07732572216432487,-0.08148006159778731,-0.08547283021597707,-0.0892995041153739,-0.09295571432712535,-0.09643725174924356,-0.09974007170906418,-0.10286029820712628,-0.10579422789437842,-0.10853833384604883,-0.11108926918963391,-0.11344387063144978,-0.11559916192007336,-0.11755235719888191,-0.119300864020083,-0.12084228571681166,-0.12217442296606151,-0.12329527453913158,-0.12420303726819526,-0.1248961052477,-0.12537306832121686,-0.12563270992578168,-0.12567400435948883,-0.12549611352833523,-0.12509838322187505,-0.12448033897535993,-0.12364168158671873,-0.12258228235112512,-0.12130217806261356,-0.11980156583329205,-0.11808079780269765,-0.1161403758142896,-0.11398094609226916,-0.11160329392874502,-0.10900833841714785,-0.1061971272690414,-0.10317083173230657,-0.09993074162317583,-0.09647826047251584,-0.09281490079199983,-0.08894227951600442,-0.08486211371548791,-0.08057621667499149,-0.07608649439452364,-0.07139494252822942,-0.0665036437356008,-0.06141476542989466,-0.056130557914485735,-0.05065335290325379,-0.04498556246861085,-0.03912967850499882,-0.03308827278367943,-0.026863997618193025,-0.020459587110011057,-0.013877858942514365,-0.007121716707956693,-0.00019415274347522882,0.0069017485590237015,0.014162807009356015,0.021585742483480885,0.029167170428230804,0.03690359704726376,0.04479141422461197,0.05282689423323461,0.061006184260328666,0.06932530077606458,0.07778012379144172,0.08636639106332922,0.09507969226866209,0.10391546313686462,0.1128689795492619,0.12193535164087166,0.1311095179489996,0.14038623966611397,0.14976009505338084,0.15922547407745924,0.16877657337030882,0.17840739160784125,0.18811172535018983,0.197883165382585,0.20771509364019636,0.2176006808173767,0.22753288474735456,0.23750444963452821,0.24750790623502184,0.25753557308775754,0.26757955889801366,0.2776317661819121,0.2876838962553592,0.2977274555119749,0.30775376273194155,0.3177539571390753,0.3277190071171816,0.33763971966605055,0.3475067507182743,0.3573106164472364,0.36704170571286454,0.3766902937658827,0.38624655721152124,0.39570059003027325,0.4050424203471792,0.4142620277567346,0.4233493611888406,0.4322943573956124,0.44108696017428173,0.4497171404412299,0.4581749171508278,0.4664503787950167,0.47453370510780246,0.4824151887852679,0.4900852572531278,0.4975344945602984,0.5047536634337604,0.5117337275171252,0.5184658737778562,0.5249415348846185,0.5311524111759098,0.5370904919308543,0.542748075900036,0.5481177911501405,0.5531926142269654,0.5579658886327223,0.5624313426679777,0.5665831066931517,0.5704157298037487,0.5739241958552768,0.5771039387190768,0.5799508565989271,0.5824613252663369,0.5846322101560233,0.5864608772910529,0.5879452029893031,0.5890835823236031,0.5898749363733842,0.590318718343255,0.5904149185955632,0.5901640686151453,0.5895672439377293,0.5886260660794349,0.5873427034863639,0.5857198715014604,0.5837608313240636,0.5814693879399826,0.578849887033499,0.5759072109025141,0.5726467733619742,0.5690745135820237,0.5651968887818981,0.5610208656896774,0.5565539106875974,0.5518039785730409,0.546779499846906,0.5414893664209046,0.5359429156589499,0.5301499127760749,0.5241205317961644,0.5178653353291907,0.5113952532630108,0.5047215602752644,0.49785585201288995,0.4908100198865526,0.48359622466892915,0.47622686924496804,0.4687145707296949,0.4610721319086224,0.4533125118655761,0.4454487958201412,0.43749416441701783,0.4294618627422082,0.4213651691627476,0.4132173639360346,0.4050316976144117,0.3968213594687313,0.38859944619300535,0.3803789309902328,0.3721726329736583,0.36399318681981185,0.35585301280642767,0.34776428754805266,0.33973891565176473,0.33178850227540124,0.3239243264847005,0.3161573154383248,0.30849801965008794,0.30095658965924343,0.2935427542714635,0.28626580031301074,0.2791345537634413,0.2721573621629716,0.26534207824932565,0.25869604482064545,0.2522260808005541,0.24593846843323064,0.23983894157854735,0.23393267519664107,0.2282242761398834,0.22271777528115422,0.21741662093909753,0.21232367358000914,0.20744120181541348,0.2027708796921246,0.1983137852137844,0.19407040001746623,0.19004061015143492,0.18622370792947862,0.18261839484292608,0.17922278549866633,0.17603441256748908,0.1730502327422343,0.17026663371063222,0.16767944215211372,0.1652839327279878,0.163074838010985,0.1610463593674254,0.15919217886168724,0.1575054722465623,0.15597892311413375,0.1546047383134166,0.1533746647448595,0.15228000763804062,0.151311650366857,0.150460075668029,0.14971538797184536,0.1490673366431423,0.14850534012711591,0.14801851110408393,0.14759568275849233,0.1472254361296237,0.1468961283276755,0.14659592140991862,0.146312811915827,0.14603466118500563,0.14574922645893906,0.1454441925608947,0.1451072039223149,0.14472589686725001,0.14428793214373314,0.14378102758654876,0.14319299067408053,0.14251175082450374,0.14172539147669738,0.1408221820168052,0.1397906094147885,0.13861940933163908,0.13729759659713636,0.13581449512164312,0.13415976726242462,0.13232344247715133,0.13029594502545194,0.12806812062771655,0.1256312621647666,0.12297713452367987,0.12009799852219771,0.11698663363867468,0.11363635930241855,0.11004105469316983,0.10619517711560178,0.10209377903791506,0.097732523892617,0.09310770073912522,0.08821623780629295,0.08305571474631535,0.07762437331827243,0.07192112629300595,0.06594556451828026,0.05969796218775514,0.0531792803890383,0.04639116897222806,0.039335966752467755,0.03201670007815949,0.024437079824707553,0.016601496904932844,0.008515016391775987,0.00018337030388693165,-0.00838705092583325,-0.017189208285010693,-0.02621542532238408,-0.035457400585748644,-0.044906221288286474,-0.05455237812253699,-0.06438578123388083,-0.07439577746394122,-0.08457116901446682,-0.09490023368333311,-0.1053707467800038,-0.11597000471400776,-0.1266848500765292,-0.13750169794141698,-0.14840656324005863,-0.1593850892760429,-0.1704225774892052,-0.18150401839675112,-0.19261412342850548,-0.20373735741623733,-0.21485797173023258,-0.2259600381224942,-0.23702748317233358,-0.24804412315273083,-0.25899369925610216,-0.26985991315101643,-0.28062646268263336,-0.2912770774747315,-0.3017955543577102,-0.31216579263733735,-0.3223718290889863,-0.3323978725052896,-0.34222833777594985,-0.3518478795350575,-0.36124142524830916,-0.3703942075500777,-0.37929179579970196,-0.38792012688065824,-0.3962655351053854,-0.4043147810274874,-0.41205507910993333,-0.4194741242648874,-0.42656011713519604,-0.4333017878899028,-0.43968841843839357,-0.44570986314004557,-0.45135656808918156,-0.4566195888832496,-0.46149060662071406,-0.46596194192186857,-0.4700265669476593,-0.4736781155147298,-0.47691089144687027,-0.4797198753462695,-0.4821007299819726,-0.4840498043722121,-0.48556413642570817,-0.4866414539103232,-0.4872801736113246,-0.4874793986987598,-0.4872389144414484,-0.4865591824511242,-0.4854413335918224,-0.4838871596104184,-0.4818991035344382,-0.47948024894312624,-0.47663430823956077,-0.47336561000050636,-0.4696790854231381,-0.46558025388186763,-0.4610752076764797,-0.45617059609987365,-0.45087360889280603,-0.4451919590725453,-0.43913386510348573,-0.4327080323949346,-0.4259236341244943,-0.41879029136448054,-0.4113180524231552,-0.40351737126056264,-0.39539908490922926,-0.38697439006722334,-0.3782548192302997,-0.36925221663467056,-0.3599787140161155,-0.350446706033793,-0.34066882522746056,-0.3306579165394794,-0.320427011599854,-0.3099893029697256,-0.2993581184138847,-0.2885468951668173,-0.2775691541509886,-0.26643847425062717,-0.25516846686447536,-0.24377275085263506,-0.23226492779384955,-0.22065855744539675,-0.20896713347845974,-0.19720405970506505,-0.18538262691636476,-0.17351599024461706,-0.16161714691462947,-0.1496989144361507,-0.13777390946152224,-0.12585452745204861,-0.11395292309781979,-0.10208099135925153,-0.09025034909573293,-0.07847231743829752,-0.06675790513659763,-0.05511779295873254,-0.04356231904254315,-0.03210146506713585,-0.02074484323662773,-0.009501684260740717,0.0016191734359480847,0.012609293212463513,0.023460648522046768,0.034165630189093577,0.04471705279365068,0.05510816029513421,0.06533263102424769,0.07538458207907439,0.0852585729776365,0.09494960833637123,0.10445313944898516,0.11376506477920145,0.12288172940945685,0.1317999234567253,0.1405168794808418,0.14903026893223625,0.15733819765848978,0.16543920046553495,0.1733322347471642,0.1810166732356251,0.1884922959648776,0.19575928155658318,0.2028181979153345,0.2096699923620733,0.21631598121117435,0.2227578388192768,0.22899758610761722,0.2350375785335217,0.24088049353719754,0.24652931752011398,0.2519873323993096,0.2572581018087732,0.26234545705334966,0.2672534828950006,0.27198650319942175,0.2765490664563046,0.28094593121463163,0.28518205148510845,0.28926256214449353,0.2931927643706942,0.29697811112065153,0.30062419262257123,0.3041367218204414,0.3075215196999679,0.3107845004197216,0.31393165614530005,0.3169690414728592,0.3199027573475206,0.3227389344132092,0.32548371582645785,0.32814323975440374,0.33072362185658477,0.33323093789400815,0.3356712064252818,0.33805037149774364,0.3403742852426319,0.3426486903259871,0.3448792023647016,0.34707129258550395,0.34923027099265624,0.3513612701279669,0.35346922934252234,0.3555588794705571,0.35763472783717276,0.35970104357273414,0.3617618433350529,0.3638208777423131,0.36588161885057247,0.367947248819668,0.3700206497481062,0.3721043946340359,0.37420073942055865,0.37631161605305863,0.37843862644626824,0.3805830372426655,0.3827457752658674,0.3849274236714706,0.38712821893123817,0.3893480488263634,0.3915864515401637,0.3938426158517885,0.39611538240648514,0.3984032460360183,0.40070435910776325,0.4030165358968034,0.4053372579834402,0.40766368066622505,0.40999264035787064,0.41232066290789504,0.4146439728044413,0.4169585032674732,0.41925990728839935,0.4215435696648555,0.4238046200833736,0.426037947317333,0.42823821460736156,0.4303998762812995,0.4325171955732898,0.43458426338895606,0.4365950176729996,0.4385432632148323,0.4404226919318788,0.44222690371721995,0.44394942787732106,0.44558374500970643,0.4471233089978881,0.4485615688464719,0.44989199027803295,0.45110807715589374,0.4522033928276059,0.45317158140755254,0.4540063888210355,0.45470168328201765,0.4552514749723713,0.4556499349076333,0.45589141307632275,0.4559704559343345,0.4558818233259956,0.4556205049112876,0.4551817361406947,0.45456101365593327,0.45375410982119746,0.45275708612376064,0.4515663053559109,0.45017844259413664,0.44859049502126425,0.44679979064702025,0.44480399596021414,0.44260112252371897,0.4401895325322229,0.43756794336523797,0.4347354311556373,0.43169143337861016,0.4284357504777958,0.42496854656127425,0.42129034918065855,0.4174020481942904,0.4133048937557007,0.40900049350446466,0.4044908090319055,0.39977815166740527,0.3948651775917469,0.3897548822715535,0.3844505942525629,0.37895596838635726,0.37327497855311975,0.36741190992470507,0.361371350807282,0.35515818408113375,0.34877757823331734,0.34223497798176084,0.3355360944742145,0.32868689500065074,0.32169359212512916,0.31456263215395097,0.3073006828703697,0.29991462046642425,0.29241151569636514,0.2847986194885834,0.2770833483335693,0.2692732695889859,0.2613760866495696,0.25339962387151616,0.24535181116368676,0.23724066825672452,0.22907428883684844,0.2208608248342614,0.21260847103659586,0.20432544998861601,0.1960199970519838,0.18770034551575066,0.17937471171756414,0.17105128029897543,0.16273818986782373,0.15444351927855138,0.14617527455801138,0.13794137640410753,0.12974964815121837,0.12160780408363081,0.11352343799345022,0.10550401189826886,0.09755684491603489,0.08968910246617412,0.08190778605182203,0.07421972377245112,0.06663156157263472,0.05914975518309973,0.05178056273369691,0.044530038052052134,0.03740402465731307,0.03040815041666889,0.023547822789709016,0.0168282245753133,0.010254310085741736,0.00383080168276706,-0.002437813344052131,-0.008547285507830793,-0.014493605417520428,-0.020273005654097176,-0.02588196228135331,-0.031317196035466566,-0.03657567320679078,-0.041654606160733465,-0.04655145341680367,-0.051263919260563284,-0.05578995291499922,-0.060127747301301326,-0.06427573740518255,-0.0682325982123686,-0.07199724213190706,-0.07556881591975895,-0.07894669727474479,-0.08213049131747852,-0.08512002708644673,-0.08791535408126094,-0.09051673882440525,-0.09292466145119249,-0.09513981238660563,-0.09716308916102889,-0.0989955934036928,-0.10063862802141443,-0.1020936944910531,-0.10336249012864585,-0.10444690521952538,-0.10534901996034307,-0.10607110118893104,-0.10661559886140282,-0.10698514222598732,-0.10718253568229841,-0.10721075444070038,-0.10707294024294356,-0.10677239739303701,-0.10631258916689035,-0.10569713452841256,-0.10492980507387273,-0.10401452216906648,-0.10295535424881308,-0.10175651423188015,-0.10042235700963431,-0.09895737698864338,-0.09736620567234411,-0.09565360924084843,-0.09382448607851046,-0.09188386421823225,-0.08983689866579425,-0.08768886854144142,-0.08544517396002504,-0.0831113325694588,-0.0806929756757313,-0.0781958439086452,-0.07562578245092055,-0.07298873588550947,-0.07029074263540025,-0.06753792891957033,-0.06473650222409333,-0.06189274433462799,-0.0590130039371104,-0.0561036887786841,-0.053171257397032434,-0.050222210422163016,-0.04726308146420877,-0.044300427621273286,-0.04134081962671132,-0.03839083164459822,-0.03545703074286877,-0.03254596608385185,-0.029664157872062447,-0.026818086096000116,-0.024014179073141406,-0.02125880181502282,-0.01855824428911035,-0.015918709647991136,-0.013346302428210777,-0.010847016715189284,-0.00842672433144287,-0.0060911631343714134,-0.003845925463416222,-0.0016964467362186042,0.0003520057727754988,0.002294343908090468,0.004125669325233616,0.005841283889857607,0.0074366997682915326,0.008907649166786769,0.010250093652715009,0.01146023299480703,0.012534513497790556,0.01346963585901051,0.014262562581251359,0.014910524896208699,0.015411029107106344,0.01576186233522492,0.01596109771370635,0.016007099057212315,0.015898525035574096,0.015634332892567215,0.015213781722458464,0.0146364352499333,0.013902164037389753,0.013011147097962805,0.01196387293389023,0.010761140011055659,0.009404056687294826,0.007894040634617738,0.006232817791648415,0.004422420867030041,0.002465187424412818,0.00036375759238183036,-0.0018789285723386229,-0.004259634064894158,-0.006774828253512055,-0.009420690540082433,-0.012193114384039916,-0.015087711720632058,-0.018099817795338424,-0.021224496443544183,-0.024456545827717946,-0.027790504582654307,-0.031220658294770942,-0.03474104629108865,-0.0383454687619178,-0.04202749422403684,-0.045780467275974956,-0.049597516606695535,-0.053471563288916,-0.057395329390836025,-0.06136134688105699,-0.06536196679353878,-0.06938936866769296,-0.07343557027753889,-0.07749243762158642,-0.08155169516440708,-0.08560493636515787,-0.0896436345022309,-0.09365915377068035,-0.09764276066177757,-0.1015856356603777,-0.10547888525835702,-0.10931355427052836,-0.1130806384849592,-0.1167710976844063,-0.12037586903792175,-0.1238858808658847,-0.1272920667884918,-0.13058538025465793,-0.13375680946149515,-0.13679739267456625,-0.13969823393082237,-0.14245051912249096,-0.14504553249430074,-0.14747467356770727,-0.14972947449029306,-0.15180161785244906,-0.15368295502481288,-0.15536552502314294,-0.15684157388349718,-0.1581035744345627,-0.15914424614185663,-0.15995657465763458,-0.1605338308835087,-0.16086958946026897,-0.16095774662993279,-0.16079253746625,-0.16036855247224935,-0.15968075351734257,-0.15872448910253922,-0.15749550895753117,-0.15598997795039082,-0.15420448926765573,-0.1521360768405131,-0.1497822270145832,-0.14714088943353687,-0.14421048706873307,-0.1409899253380047,-0.13747860029457115,-0.13367640586753282,-0.12958374008589857,-0.12520151018375714,-0.12053113650404157,-0.11557455515999493,-0.11033421943707111,-0.10481309997647514,-0.09901468388885348,-0.09294297295966203,-0.08660248099984358,-0.07999823032163533,-0.07313574732583561,-0.06602105721432139,-0.058660677848024534,-0.0510616127320489,-0.043231343064462635,-0.03517781877072679,-0.02690944844305676,-0.018435088096275365,-0.009764028680578463,-0.000905982433963004,0.008128931640364101,0.017330202871967515,0.026686944514416666,0.03618790993780863,0.0458215095774932,0.05557582875425737,0.06543864630889829,0.07539745377628293,0.08543947481506109,0.09555168480033416,0.10572083065443394,0.11593345102541264,0.12617589689512698,0.13643435269815996,0.14669485800807536,0.15694332970014813,0.16716558431097894,0.17734736029625253,0.18747434005958752,0.19753217177607496,0.2075064910730262,0.21738294263787594,0.2271472018305758,0.23678499636680073,0.24628212812098838,0.2556244950936346,0.2647981135375943,0.273789140073589,0.2825838934982201,0.2911688760759361,0.29953079427810536,0.3076565789953136,0.3155334052394565,0.32314871135201173,0.33049021773165066,0.33754594508003066,0.3443042321567731,0.3507537530306024,0.35688353381920024,0.3626829689229041,0.368141836776509,0.37325031515906204,0.3779989960713621,0.3823789001783453,0.38638149084923157,0.38999868781129265,0.39322288041316966,0.3960469405111411,0.39846423490143934,0.4004686370689967,0.40205453802591506,0.4032168561656917,0.40395104615222976,0.4042531068273476,0.40411958810916815,0.40354759691874165,0.402534802195575,0.40107943904077814,0.39918031203557547,0.39683679779570724,0.394048846792991,0.3908169844357019,0.387142311387656,0.3830265031219895,0.378471808724413,0.3734810489603504,0.36805761361090106,0.3622054580855334,0.3559290993035873,0.34923361079756887,0.34212461697929797,0.3346082865402309,0.326691324987344,0.31838096634302815,0.30968496403976786,0.30061158099105256,0.2911695787952908,0.28136820606340507,0.27121718588852417,0.26072670247939556,0.24990738697566428,0.2387703024394412,0.22732692799306164,0.2155891420811571,0.20356920481836482,0.1912797393434431,0.17873371210908573,0.16594441205553068,0.15292542862516711,0.13969062866441107,0.1262541324351787,0.11263028906254391,0.0988336516295405,0.08487895192239137,0.0707810747461437,0.05655503175965748,0.04221593488753683,0.027778969556088384,0.013259368054548304,-0.0013276168522367016,-0.015966738121548474,-0.030642780548397752,-0.04534058677084829,-0.060045082917454806,-0.07474130361048026,-0.08941441621743706,-0.10404974440240267,-0.11863279107130609,-0.13314926074427547,-0.14758508119086855,-0.16192642401879453,-0.17615972402825264,-0.19027169738734528,-0.20424935880905792,-0.21808003787758423,-0.2317513945502654,-0.2452514336928786,-0.25856851839015604,-0.27169138184856223,-0.2846091379007518,-0.2973112902413817,-0.30978774054901237,-0.3220287956404704,-0.33402517379047225,-0.3457680103581069,-0.3572488628724457,-0.36845971568582314,-0.3793929841474437,-0.3900415180665462,-0.400398604228414,-0.4104579678934499,-0.42021377334256726,-0.4296606235601672,-0.43879355914347684,-0.44760805651657165,-0.4561000255043055,-0.46426580631805336,-0.47210216602324806,-0.47960629454919257,-0.48677580026731704,-0.4936087051580529,-0.5001034396116353,-0.5062588369091188,-0.5120741274133209,-0.5175489325043543,-0.5226832582846299,-0.5274774890452676,-0.5319323804727532,-0.5360490525835857,-0.539828982379305,-0.5432739962160227,-0.5463862618844786,-0.5491682804156142,-0.5516228776740775,-0.5537531958282997,-0.5555626847393569,-0.5570550932334157,-0.5582344602074869,-0.5591051055764709,-0.5596716211208062,-0.5599388612970202,-0.5599119340415086,-0.5595961915524086,-0.5589972210414942,-0.5581208355167817,-0.5569730646675595,-0.5555601458471315,-0.5538885151036439,-0.5519647982410447,-0.5497958019555611,-0.5473885051213969,-0.5447500502480764,-0.5418877350635469,-0.5388090041812887,-0.5355214408843594,-0.5320327590950882,-0.5283507955240907,-0.5244835019106802,-0.5204389372752658,-0.5162252601685964,-0.5118507209464269,-0.5073236540863633,-0.5026524705412143,-0.49784565010132553,-0.4929117337025417,-0.48785931561165086,-0.48269703546240095,-0.4774335701453083,-0.47207762552287136,-0.4666379278816706,-0.4611232150159097,-0.4555422268356537,-0.4499036954005362,-0.44421633440800434,-0.43848882837709624,-0.432729821793572,-0.42694790830185525,-0.42115161991508643,-0.415349416215534,-0.40954967350087657,-0.40376067378458913,-0.39799059359435063,-0.39224749271534876,-0.3865393031800366,-0.3808738186889755,-0.3752586844482195,-0.3697013873304513,-0.36420924626598605,-0.3587894027684868,-0.35344881148523655,-0.34819423073063405,-0.3430322131795265,-0.3379690970458,-0.33301099796016587,-0.3281638015623898,-0.3234331567363995,-0.3188244694059108,-0.3143428968014632,-0.30999334211997365,-0.3057804495192471,-0.3017085993758073,-0.29778190372477553,-0.2940042018280664,-0.2903790558322825,-0.286909746515569,-0.28359926924547807,-0.2804503303329824,-0.27746534388113275,-0.2746464291239761,-0.2719954081996008,-0.2695138042812957,-0.26720284000902694,-0.2650634361955042,-0.2630962107995387,-0.261301478139373,-0.25967924827782696,-0.2582292265365922,-0.2569508131532885,-0.25584310308574487,-0.25490488593733573,-0.25413464598886293,-0.2535305623372821,-0.2530905091284481,-0.25281205587592837,-0.2526924678931195,-0.25272870687775395,-0.2529174316677043,-0.25325499916718286,-0.253737465440004,-0.25436058699854414,-0.25511982234592523,-0.25601033380890215,-0.2570269896826147,-0.25816436672605647,-0.2594167530522071,-0.2607781514601868,-0.2622422832790079,-0.2638025927788945,-0.26545225218256974,-0.2671841673200177,-0.2689909839877913,-0.2708650950885385,-0.2727986486369076,-0.2747835567184822,-0.27681150549160094,-0.2788739663326041,-0.28096220818992634,-0.28306731105937644,-0.28518018032193737,-0.2872915617197407,-0.2893920569321651,-0.2914721398176212,-0.2935221733776672,-0.29553242747462605,-0.297493097290058,-0.2993943223913007,-0.3012262061422959,-0.30297883521311775,-0.30464229908204743,-0.3062067095426855,-0.30766222030454315,-0.30899904677911394,-0.3102074859619961,-0.3112779360704181,-0.3122009155876455,-0.3129670816004264,-0.31356724749087306,-0.3139924000392611,-0.31423371594948435,-0.3142825778487932,-0.31413058987274667,-0.3137695929088409,-0.31319167939501824,-0.31238920737866493,-0.3113548135549351,-0.3100814251871924,-0.3085622709474478,-0.30679089075189125,-0.30476114466922866,-0.30246722097522394,-0.2999036434287845,-0.29706527781959124,-0.2939473377697226,-0.2905453897598562,-0.2868553574079158,-0.2828735250615608,-0.2785965407705149,-0.2740214187103973,-0.2691455411243737,-0.2639666598363064,-0.2584828973736961,-0.2526927477331853,-0.24659507683322346,-0.24018912268988402,-0.23347449533225273,-0.22645117648934132,-0.2191195190821844,-0.21148024652801212,-0.20353445187254948,-0.19528359676741758,-0.18672951027002682,-0.17787438743055617,-0.16872078764989595,-0.159271632786961,-0.14953020497816283,-0.13950014412642986,-0.1291854450049641,-0.11859045393666179,-0.10771986510225418,-0.09657871664997231,-0.08517238680596506,-0.07350659008937299,-0.061587373629997444,-0.049421113536666894,-0.03701451125940025,-0.024374589918664924,-0.011508690601118587,0.0015755313829686202,0.014870110300869044,0.02836677388511788,0.04205694734759646,0.05593175759172908,0.06998203773730438,0.08419833209075733,0.09857090168747362,0.11308973053687055,0.1277445327156954,0.1425247604450206,0.1574196131930421,0.17241804764451274,0.18750878826362793,0.20268033832933696,0.2179209915416891,0.2332188443664407,0.24856180923988092,0.2639376285918331,0.2793338894563675,0.2947380384768721,0.31013739732315315,0.325519178675421,0.3408705028974097,0.35617841533112227,0.3714299039907871,0.38661191751470625,0.4017113834253294,0.4167152267801413,0.4316103890978198,0.4463838472530952,0.4610226321139308,0.4755138469400322,0.48984468566914074,0.5040024510810213,0.5179745726327312,0.5317486237647415,0.5453123386660437,0.5586536286239792,0.5717605980432907,0.5846215600327866,0.5972250513225887,0.6095598463697058,0.6216149706866148,0.6333797134766925,0.6448436396318868,0.6559966011584066,0.6668287480572701,0.6773305385157968,0.6874927481432564,0.6973064780773157,0.7067631619771504,0.715854572029663,0.7245728240969314,0.7329103820761631,0.74086006147229,0.7484150321715788,0.7555688204754958,0.7623153105050875,0.7686487450663506,0.7745637260522571,0.7800552144684048,0.7851185301647376,0.7897493513396299,0.7939437138880905,0.797698010660568,0.8010089906657853,0.8038737582110684,0.8062897719547024,0.808254843874181,0.8097671381908924,0.8108251702867193,0.8114278056287532,0.8115742586924739,0.8112640918272191,0.8104972139951627,0.8092738793556578,0.8075946856892671,0.8054605726646997,0.8028728199747519,0.7998330453588949,0.796343202500637,0.7924055787937263,0.7880227929901409,0.783197792745554,0.7779338520758401,0.7722345687341274,0.76610386149882,0.759545967330439,0.7525654383335478,0.7451671384687657,0.737356239969408,0.7291382194059395,0.7205188533227656,0.7115042133884444,0.7021006611176617,0.6923148423927472,0.6821536820567218,0.671624378734947,0.6607343999058983,0.6494914771544913,0.6379036015096347,0.6259790187741174,0.6137262247443971,0.6011539601966831,0.5882712055119583,0.5750871748335555,0.5616113097689066,0.5478532728520094,0.5338229410358579,0.5195303993169986,0.5049859344736589,0.4902000289022794,0.47518335450709515,0.4599467665211634,0.44450129711029973,0.42885814860881055,0.41302868626441125,0.39702443055504943,0.3808570493846375,0.3645383504795987,0.3480802740840119,0.331494885836662,0.3147943696493485,0.29799102041747716,0.28109723639584416,0.2641255111369958,0.24708842508943007,0.2299986371114855,0.21286887608943772,0.19571193267328368,0.17854065102834937,0.16136792045796966,0.14420666674139682,0.1270698430964572,0.10997042088789755,0.09292138033050179,0.07593570127948368,0.05902635398842193,0.042206289638862415,0.0254884304769476,0.008885659534918489,-0.007589189899412929,-0.02392334488493475,-0.04010410350732485,-0.0561188458092019,-0.07195504516233342,-0.08760028016492782,-0.10304224693719277,-0.11826877160365257,-0.13326782293272998,-0.1480275252902814,-0.16253617204392157,-0.17678223938278137,-0.1907544003478776,-0.2044415388934837,-0.21783276397768958,-0.23091742378158386,-0.24368512007649912,-0.2561257226028246,-0.2682293833163314,-0.2799865505279513,-0.2913879830908215,-0.30242476473911495,-0.3130883184731701,-0.3233704207111572,-0.33326321500511114,-0.3427592253233982,-0.3518513690240823,-0.36053296966299087,-0.3687977696248481,-0.3766399423481843,-0.38405410392569195,-0.39103532403655095,-0.397579136264568,-0.40368154787406496,-0.409339049115367,-0.41454862212499677,-0.4193077494300539,-0.42361442190937737,-0.4274671459634831,-0.4308649497485817,-0.4338073884721325,-0.4362945487779939,-0.43832705222754953,-0.4399060578616627,-0.44103326382400354,-0.4417109080530892,-0.44194176807389596,-0.4417291599155604,-0.4410769361667093,-0.4399894831792821,-0.4384717174549806,-0.4365290812547258,-0.43416753745680836,-0.43139356369904647,-0.42821414584325623,-0.42463677078225714,-0.4206694185920483,-0.41632055398591206,-0.4115991169717361,-0.4065145125822909,-0.4010765995342709,-0.39529567767924334,-0.3891824741618848,-0.3827481283544927,-0.3760041757936321,-0.3689625312799336,-0.36163547108424865,-0.35403561412475426,-0.3461759021378583,-0.33806957904140233,-0.3297301696385375,-0.3211714576468978,-0.312407463039996,-0.3034524188478471,-0.294320747587669,-0.28502703732620915,-0.2755860173161082,-0.26601253330017016,-0.2563215226404054,-0.24652798930261355,-0.2366469786977703,-0.22669355252670442,-0.21668276379104867,-0.20662963199097817,-0.19654911854063783,-0.18645610257183165,-0.1763653572588666,-0.1662915266322571,-0.1562491028291504,-0.14625240383167437,-0.13631555174247012,-0.12645245156967633,-0.11667677056249204,-0.10700191829079131,-0.09744102762766005,-0.08800693660298009,-0.07871217102706396,-0.06956892794050162,-0.060589060118033444,-0.05178406178902861,-0.043165055534217345,-0.03474278020851784,-0.02652757974875186,-0.018529392848968484,-0.010757743679150167,-0.0032217338639952686,0.004069964215503319,0.011109112867714543,0.017887913381784415,0.024399009260527293,0.030635488487646967,0.036590884918922484,0.04225917890178721,0.04763479722772246,0.05271261248456227,0.05748794187236683,0.061956545575093,0.06611462475975571,0.06995881923017322,0.07348620471412204,0.0766942897183327,0.07958101190019562,0.0821447339541379,0.08438423904289749,0.08629872580098663,0.08788780289336273,0.08915148305425902,0.09009017649714934,0.09070468361237971,0.09099618691869438,0.09096624226410199,0.09061676935256457,0.08995004181736732,0.08896867710132739,0.08767562628131742,0.08607416384750621,0.08416787740492992,0.0819606572496383,0.07945668574988218,0.07666042642711801,0.07357661260640924,0.07021023560255202,0.06656653264059997,0.06265097482371118,0.058469255312019186,0.05402727768127846,0.049331144371635105,0.04438714514400033,0.039201745493343765,0.033781575104583794,0.0281334166217988,0.022264195012823507,0.016180967632159593,0.009890914933222916,0.003401331734423252,-0.0032803810727486393,-0.01014672448666687,-0.01719010911996577,-0.024402862714836715,-0.031777237340719466,-0.039305416021349515,-0.046979518563688316,-0.054791606521639835,-0.06273368733321405,-0.07079771771529408,-0.07897560643615265,-0.08725921658959379,-0.09564036747849514,-0.10411083618089378,-0.11266235882069253,-0.1212866315376715,-0.1299753111903783,-0.1387200158642372,-0.14751232521618363,-0.15634378065278298,-0.16520588537436254,-0.17409010432832872,-0.1829878640844811,-0.191890552652346,-0.2007895192821536,-0.2096760742741992,-0.21854148880792224,-0.2273769948167086,-0.23617378495565333,-0.24492301269958716,-0.2536157925679916,-0.26224320049423255,-0.2707962744131791,-0.27926601511384064,-0.28764338735552286,-0.29591932127798515,-0.30408471418155614,-0.31213043272266816,-0.32004731553904264,-0.3278261763580659,-0.33545780765898314,-0.34293298493255975,-0.3502424715646342,-0.3573770243668193,-0.3643273998088574,-0.3710843610666714,-0.37763868601354744,-0.3839811762267118,-0.3901026670253387,-0.39599403855935833,-0.4016462279157409,-0.40705024202773643,-0.41219717110882925,-0.41707820251328087,-0.42168463509380416,-0.42600789414307627,-0.43003954696918356,-0.43377131913285183,-0.43719511129869204,-0.4403030164805557,-0.4430873373785573,-0.4455406036516294,-0.4476555891579892,-0.4494253292616932,-0.4508431382966265,-0.45190262721281726,-0.452597721255664,-0.4529226773889903,-0.45287210125827926,-0.4524409636805231,-0.45162461673912446,-0.4504188095708699,-0.448819703916179,-0.44682388942489837,-0.4444283985302704,-0.4416307205654064,-0.4384288148805098,-0.434821122917441,-0.4308065792955489,-0.42638462194533844,-0.42155520129154667,-0.4163187884867341,-0.41067638271351825,-0.4046295175658017,-0.39818026650839045,-0.39133124745154646,-0.38408562651463996,-0.37644712102740385,-0.36842000177137635,-0.3600090944421055,-0.3512197803322721,-0.3420579962733399,-0.33253023385085356,-0.3226435378348569,-0.31240550372037035,-0.3018242742857211,-0.2909085350996179,-0.27966750891068415,-0.26811094889694687,-0.2562491308252035,-0.24409284417270527,-0.2316533822039304,-0.21894253094602334,-0.20597255699929207,-0.19275619411157408,-0.17930662842152856,-0.16563748229288677,-0.15176279669008608,-0.13769701208460816,-0.12345494805923352,-0.10905178193157639,-0.09450302658058263,-0.07982450742530744,-0.06503233845857892,-0.0501428973691489,-0.035172799955496714,-0.020138874061849776,-0.00505813311411174,0.010052250819043707,0.025174974489701185,0.040292631305845816,0.055387739265235325,0.07044276888046141,0.08544017117921499,0.10036240576061317,0.11519196866644421,0.1299114198602922,0.14450341035085756,0.15895070907427566,0.17323622945458794,0.18734305539979346,0.20125446659685764,0.21495396316404936,0.22842528973420428,0.2416524588718687,0.2546197736477964,0.26731184935333374,0.2797136345241924,0.29181043142137497,0.3035879158686612,0.3150321561395515,0.32612963069584566,0.3368672448381034,0.34723234644781087,0.35721274096655975,0.3667967056194783,0.37597300270606837,0.38473089175038666,0.3930601404693732,0.40095103466018145,0.4083943871518869,0.4153815459946557,0.42190440204774404,0.4279553960854514,0.4335275254698274,0.4386143502776747,0.4432099986573306,0.4473091712867401,0.45090714495218975,0.4539997753111322,0.45658349890090477,0.45865533445375917,0.4602128835666477,0.4612543307725474,0.46177844305554316,0.46178456883230723,0.4612726364250719,0.46024315204254407,0.45869719725595104,0.45663642596269227,0.45406306085688897,0.4509798894553967,0.44739025975836455,0.44329807559743273,0.43870779165754215,0.43362440812950354,0.4280534649839396,0.42200103590499793,0.41547372191084975,0.4084786446246085,0.40102343912736416,0.3931162463659845,0.3847657051226179,0.37598094349684885,0.36677156978156944,0.3571476626378285,0.3471197605503775,0.336698850559479,0.32589635623370583,0.31472412484871626,0.30319441372371614,0.29131987561968486,0.2791135430969973,0.2665888117630999,0.25375942233839055,0.24063944150510963,0.22724324169001875,0.21358548009038003,0.19968107716458405,0.1855451946103912,0.17119321274197574,0.1566407071875986,0.14190342500327802,0.1269972604902918,0.11193823094196631,0.09674245233878764,0.0814261149112383,0.06600545854079343,0.050496748155865134,0.03491624941793958,0.019280204849970062,0.0036048103128578646,-0.012093808312855003,-0.027799618208398158,-0.04349670222346447,-0.059169280786640854,-0.07480173311851956,-0.09037861789395407,-0.10588469343148432,-0.12130493727350711,-0.13662456489968378,-0.15182904744836634,-0.16690412852592118,-0.1818358402807405,-0.19661051890794567,-0.21121481959364274,-0.22563573066346265,-0.23986058664666388,-0.25387708017797195,-0.26767327286942333,-0.2812376053523451,-0.29455890667728823,-0.30762640316734746,-0.32042972662005553,-0.3329589216152087,-0.34520445179479253,-0.35715720517663385,-0.3688084986406892,-0.3801500817417036,-0.3911741400092481,-0.4018732978764774,-0.4122406213200094,-0.42226962012738056,-0.4319542495073705,-0.4412889107729896,-0.4502684510149919,-0.45888816181623326,-0.4671437771165543,-0.4750314703735299,-0.48254785117491394,-0.4896899614384935,-0.49645527129059985,-0.5028416746835873,-0.5088474847720121,-0.5144714289669494,-0.5197126435158737,-0.5245706675085344,-0.5290454363007058,-0.5331372743901994,-0.5368468878262789,-0.540175356283072,-0.5431241249085375,-0.5456949959957527,-0.547890120500746,-0.5497119894640079,-0.551163425432982,-0.5522475739778869,-0.5529678953396555,-0.55332815620595,-0.5533324216099871,-0.552985046984297,-0.5522906704560953,-0.5512542054667833,-0.549880833714127,-0.5481759983523986,-0.5461453973994495,-0.5437949773477442,-0.5411309270285614,-0.5381596717850954,-0.5348878679545948,-0.531322397611298,-0.5274703634903801,-0.5233390839962198,-0.5189360882227732,-0.5142691109524051,-0.5093460876485949,-0.5041751494964899,-0.4987646185079413,-0.4931230026279394,-0.48725899072831425,-0.48118144736463364,-0.47489940718369184,-0.46842206885589377,-0.46175878838697315,-0.45491907170641355,-0.44791256658027834,-0.4407490541305208,-0.43343844033795165,-0.4259907477093776,-0.41841610704464927,-0.41072474916106927,-0.4029269964309705,-0.3950332539801238,-0.3870540004138334,-0.3789997780546912,-0.3708811828903009,-0.3627088545395978,-0.35449346642717217,-0.3462457161811585,-0.33797631616499046,-0.3296959839977731,-0.32141543291059094,-0.313145361827857,-0.3048964451427736,-0.2966793222567645,-0.2885045870576377,-0.28038277753930885,-0.27232436566581697,-0.26433974749657096,-0.25643923358683196,-0.24863303965469186,-0.24093127745098286,-0.2333439457565305,-0.22588092145997507,-0.21855195067833222,-0.2113666398494658,-0.20433444671336076,-0.19746467114675426,-0.1907664458416889,-0.1842487267795505,-0.17792028344396726,-0.17178968876010003,-0.16586530873717464,-0.1601552917550677,-0.15466755751923955,-0.14940978588141007,-0.14438940578949655,-0.13961358451891925,-0.13508921723003198,-0.13082291688272107,-0.12682100451571188,-0.12308949986685747,-0.11963411234009413,-0.11646023236301062,-0.11357292316684209,-0.1109769129693774,-0.10867658751478615,-0.10667598297454362,-0.10497877928459332,-0.10358829397795688,-0.10250747650115244,-0.10173890298323585,-0.10128477144252201,-0.10114689739682348,-0.1013267098382471,-0.101825247574034,-0.1026431559438592,-0.10378068389837836,-0.10523768141938206,-0.10701359728473392,-0.10910747720830472,-0.11151796239043676,-0.11424328850706189,-0.11728128516408987,-0.12062937585311317,-0.12428457844380603,-0.12824350623281333,-0.13250236954782935,-0.13705697786200943,-0.14190274235261313,-0.14703467887792954,-0.152447411376734,-0.15813517565887025,-0.16409182353640261,-0.17031082728240676,-0.17678528440581687,-0.1835079227161529,-0.1904711057089088,-0.1976668383846487,-0.2050867736409785,-0.21272221932908053,-0.2205641459754304,-0.22860319511406146,-0.23682968818755512,-0.24523363598957104,-0.253804748619757,-0.2625324459297218,-0.271405868446557,-0.28041388875453066,-0.28954512330871296,-0.29878794465162883,-0.3081304940216043,-0.31756069436915624,-0.32706626378050174,-0.3366347292825864,-0.3462534410381579,-0.35590958697374475,-0.3655902078578137,-0.37528221281088037,-0.3849723952277202,-0.394647449111325,-0.40429398584063136,-0.41389855141298426,-0.42344764421038406,-0.43292773333605794,-0.44232527758236273,-0.451626745112641,-0.46081863391852096,-0.46988749304478006,-0.47881994441704023,-0.487602704946994,-0.4962226086513084,-0.5046666287274633,-0.5129218996391813,-0.520975739290094,-0.5288156713582026,-0.5364294477360545,-0.5438050708171005,-0.5509308153165122,-0.5577952494643412,-0.5643872555746796,-0.5706960500707225,-0.5767112030300225,-0.5824226571951456,-0.5878207462124934,-0.5928962117974379,-0.5976402196606543,-0.6020443741812898,-0.6061007318511997,-0.6098018135256353,-0.6131406155509893,-0.6161106198680102,-0.6187058031960007,-0.6209206453858727,-0.6227501369361903,-0.6241897855021321,-0.6252356211612877,-0.6258842003210816,-0.6261326083080263,-0.6259784607310053,-0.6254199036989618,-0.6244556129765968,-0.6230847921675675,-0.6213071699930737,-0.6191229967157881,-0.6165330397582593,-0.6135385785538148,-0.6101413986500575,-0.6063437850777831,-0.6021485149904535,-0.5975588495653312,-0.5925785251850613,-0.5872117439771216,-0.5814631637784871,-0.575337887533891,-0.5688414521291563,-0.5619798167071792,-0.5547593505247477,-0.5471868203608139,-0.5392693774773178,-0.531014544162538,-0.5224301998779595,-0.5135245670242483,-0.5043061963505551,-0.4947839520055979,-0.48496699621014727,-0.4748647735540601,-0.46448699494759893,-0.45384362127029476,-0.4429448467565109,-0.4318010821257303,-0.42042293743394055,-0.40882120461646565,-0.3970068396994435,-0.3849909446690134,-0.3727847489775016,-0.3603995906466153,-0.34784689698474125,-0.3351381651251373,-0.32228494276064623,-0.30929880936594856,-0.29619135798627383,-0.2829741775799164,-0.26965883586763795,-0.2562568626068611,-0.24277973323703606,-0.22923885286699885,-0.21564554061821184,-0.20201101452924775,-0.1883463773780889,-0.17466260364786734,-0.16097052765504571,-0.14728083279488402,-0.13360404185755215,-0.11995050833223075,-0.10633040857018017,-0.09275373469424153,-0.07923028823511657,-0.06576967459536576,-0.052381298535578935,-0.039074360865733127,-0.02585785639588778,-0.012740573071177153,0.0002689078364497277,0.01316221060100986,0.02593116307330945,0.03856779397138155,0.051064329545830844,0.06341318970532939,0.07560698365623608,0.08763850511491711,0.09950072716913638,0.11118679687280064,0.12269002965899745,0.13400390367139892,0.14512205412876256,0.15603826783499386,0.16674647793109898,0.1772407589552003,0.1875153222678989,0.19756451192576208,0.20738280109095086,0.21696478905240468,0.22630519894257617,0.23539887623553568,0.24424078810321248,0.2528260237049338,0.2611497954767401,0.26920744142590536,0.2769944282607071,0.28450635504122346,0.29173895712177966,0.29868811033104237,0.30534983542067096,0.3117203028355249,0.31779583786351395,0.32357292621728817,0.3290482200978744,0.3342185447948509,0.3390809058718318,0.34363249698691334,0.34787070836743084,0.35179313579563143,0.355397589785305,0.358682104654406,0.3616449473656189,0.3642846261146886,0.36659989866064535,0.36858978039514056,0.37025355215848776,0.3715907678099981,0.3726012615730028,0.37328515518589,0.3736428648540624,0.37367510797706416,0.37338290964791554,0.3727676089283136,0.3718308648880395,0.3705746623855646,0.3690013175587268,0.3671134829895095,0.36491415250225145,0.3624066655634124,0.3595947112602573,0.3564823318096657,0.35307392552584815,0.34937424919164783,0.3453884197796384,0.3411219154467702,0.33658057572802136,0.3317706008560606,0.32669855011152293,0.32137133910301685,0.3157962358883992,0.30998085588496593,0.30393315563326695,0.2976614256193528,0.29117428238053833,0.28448065999934613,0.2775898009750719,0.27051124643997326,0.2632548256897209,0.25583064496564845,0.24824907538727814,0.24052073990525003,0.23265649915499864,0.2246674362197325,0.21656484050925684,0.20836019098955916,0.20006513883829768,0.1916914894981332,0.18325118407635443,0.17475628001605514,0.16621893105638463,0.1576513667193069,0.14906587164672658,0.14047476493270494,0.13189037938666814,0.123325040614219,0.11479104585412614,0.10630064263181538,0.09786600747752772,0.08949922503821739,0.08121226776726331,0.073016976165313,0.06492503946751071,0.05694797670891916,0.049097118116037564,0.04138358677480625,0.03381828064988923,0.026411855227543413,0.01917470708553992,0.012116958537220057,0.005248443372046552,-0.001421306326264471,-0.0078830723576786,-0.01412796169089603,-0.020147416916877603,-0.02593322587519964,-0.03147753048065027,-0.03677283482787175,-0.041812012674846244,-0.04658831440025324,-0.051095373486511164,-0.05532721251562833,-0.05927824862469322,-0.06294329833771428,-0.06631758165719503,-0.06939672533115271,-0.0721767653059473,-0.0746541484289267,-0.07682573347228328,-0.07868879155435593,-0.0802410060180776,-0.08148047180965534,-0.08240569441227308,-0.08301558838680023,-0.08330947554134127,-0.0832870827454002,-0.0829485394265177,-0.08229437478782842,-0.08132551476244032,-0.0800432786964933,-0.07844937574787991,-0.07654590100536751,-0.07433533133480097,-0.071820520932107,-0.06900469655758457,-0.06589145242026717,-0.06248474466892162,-0.05878888549278827,-0.05480853691365439,-0.050548704355719565,-0.04601472999831202,-0.0412122858490136,-0.036147366504700074,-0.03082628163222978,-0.02525564819998749,-0.019442382444452733,-0.013393691538325925,-0.007117064963452435,-0.0006202656191405254,0.0060886793388732485,0.013001487948187673,0.02010963316993042,0.02740435289855725,0.03487666026762781,0.042517354247095795,0.05031703052767256,0.05826609272885008,0.0663547639598363,0.07457309872382467,0.08291099517251865,0.09135820773746417,0.0999043601639471,0.10853895899563781,0.11725140756409758,0.12603102052449344,0.13486703899479835,0.1437486462941564,0.15266498406180773,0.16160516839988048,0.17055830582654607,0.17951350906218977,0.18845991275548357,0.19738668920697933,0.20628306412329778,0.21513833243811575,0.2239418741066288,0.23268316961598146,0.24135181501864622,0.2499375365102523,0.2584302046996001,0.2668198487067741,0.27509667009081085,0.2832510564117712,0.2912735941701001,0.29915508102388344,0.30688653735469984,0.3144592173128373,0.3218646194588288,0.329094496989363,0.33614086736604065,0.3429960211853853,0.34965253030222954,0.35610325530835496,0.36234135246758825,0.36836028020440637,0.37415380515201946,0.37971600754930535,0.3850412856918126,0.3901243593528818,0.39496027230845243,0.39954439409817866,0.40387242109167687,0.40794037695840046,0.41174461271531726,0.4152818065318158,0.4185489633831594,0.42154341451075794,0.4242628165242337,0.4267051499863328,0.42886871749378486,0.43075214139838636,0.4323543612833234,0.4336746312565438,0.43471251710436576,0.4354678933337581,0.4359409401303225,0.43613214025823055,0.43604227594819633,0.43567242588096633,0.43502396238025653,0.4340985488583087,0.43289813751506756,0.43142496728402335,0.4296815620068202,0.4276707288143271,0.4253955566844496,0.4228594151391363,0.4200659530530899,0.4170190975354231,0.4137230528102407,0.41018229901813896,0.40640159089117844,0.4023859562743013,0.3981406944448551,0.39367137415678144,0.38898383136018566,0.3840841665707302,0.378978741828071,0.3736741771406358,0.3681773463205431,0.3624953721052506,0.35663562042764596,0.35060569378631357,0.34441342387631835,0.3380668637101536,0.331574279323398,0.32494414099285507,0.31818511379460546,0.31130604735093925,0.30431596480670464,0.29722405125703233,0.29003964179043606,0.28277220912119816,0.2754313507237711,0.2680267755014043,0.2605682901342661,0.25306578520181944,0.24552922104442132,0.23796861328955998,0.2303940181062316,0.2228155174131885,0.21524320418331655,0.20768716774554719,0.20015747892043834,0.1926641750157927,0.18521724491809266,0.17782661448095638,0.17050213221813948,0.16325355519803963,0.15609053509020754,0.14902260449985505,0.14205916385251527,0.1352094689857708,0.1284826194220159,0.12188754721535133,0.11543300624020247,0.10912756177744143,0.10297958028117904,0.0969972193089248,0.09118841776456321,0.08556088667908313,0.08012210065332681,0.07487928996151538,0.06983943326584097,0.0650092508818858,0.060395198517667836,0.05600346138825074,0.051839948615501896,0.04791028782634754,0.04421981985640855,0.040773593480572856,0.037576360110215035,0.03463256842145057,0.0319463589323945,0.029521558585976493,0.02736167535820755,0.02546989285319512,0.0238490648723797,0.022501710012178933,0.021430006363196696,0.02063578635435448,0.020120531758685445,0.019885368903814538,0.01993106418010626,0.02025801994125942,0.020866270866314096,0.021755480863753007,0.022924940618416656,0.024373565841337097,0.02609989618093067,0.028102094651565324,0.030377947423403384,0.0329248639101678,0.03573987720429983,0.0388196449459457,0.04216045070042185,0.04575820596201652,0.04960845294989724,0.053706368349047295,0.05804676815536425,0.06262411375399068,0.0674325191674896,0.07246575923490184,0.07771727857455346,0.0831802013900571,0.08884734226348456,0.09471121803948535,0.1007640607380722,0.10699783126114681,0.1134042337312593,0.11997473054159968,0.12670055826214366,0.1335727443387995,0.14058212433082673,0.1477193595184474,0.15497495490630087,0.16233927768226408,0.16980257606492444,0.17735499837763058,0.1849866122583137,0.19268742405469652,0.20044739846957782,0.2082564783584928,0.21610460442623491,0.22398173461780857,0.2318778631833922,0.2397830395045304,0.24768738667085444,0.25558111957694507,0.263454562241904,0.2712981642230545,0.2791025161744045,0.2868583646506053,0.2945566262517971,0.30218840121293766,0.3097449865313209,0.31721788863379174,0.3245988354284819,0.33187978753167613,0.33905294857448354,0.34611077460579054,0.35304598261130593,0.359851558154098,0.3665207621769895,0.3730471370548898,0.37942451199179317,0.38564700781140004,0.3917090411581938,0.3976053281634222,0.40333088766428205,0.4088810440254491,0.4142514295660149,0.41943798661486653,0.42443696926152796,0.42924494485124143,0.4338587952162669,0.438275717637822,0.44249322557027426,0.4465091491509199,0.4503216354692512,0.4539291485366732,0.4573304689388564,0.46052469319636913,0.46351123281664286,0.4662898129845203,0.46886047089289207,0.47122355376276914,0.47337971654859956,0.4753299192336229,0.47707542360483757,0.47861778944857747,0.47995887013431116,0.4811008075223455,0.482046026071167,0.4827972260159825,0.4833573756316838,0.48372970283650574,0.4839176864856327,0.48392504750933796,0.4837557398068313,0.4834139407547511,0.4829040412484673,0.4822306352188548,0.4813985085848742,0.4804126277177261,0.4792781276350624,0.47800030012071915,0.47658458180975316,0.4750365421826359,0.47336187139293884,0.47156636784747263,0.46965592552889746,0.46763652125450506,0.4655142021952443,0.4632950738182373,0.4609852881611758,0.4585910322733966,0.4561185167026238,0.45357396396528316,0.45096359707656575,0.4482936284111503,0.4455702491929827,0.44279961971832904,0.4399878602462337,0.43714104246669194,0.4342651814607663,0.431366228057513,0.4284500614998734,0.42552248235380574,0.42258920570019143,0.4196558548132572,0.4167279555411696,0.4138109314667844,0.41091009983394855,0.4080306681916568,0.405177731685626,0.40235627092823734,0.39957115037620383,0.3968271171328368,0.3941288001042196,0.3914807094572481,0.3888872363261697,0.3863526527122403,0.3838811115264136,0.38147664671634374,0.37914317341353154,0.3768844880455049,0.374704268366294,0.37260607337416474,0.3705933431013477,0.3686693982654745,0.36683743976396954,0.36510054796978153,0.3634616817890901,0.3619236774842918,0.36048924729602305,0.35916097786432744,0.35794132839565407,0.35683262853793707,0.3558370759836933,0.3549567338155555,0.3541935275660535,0.3535492419404278,0.3530255171434149,0.3526238447734755,0.35234556330580347,0.35219185322918634,0.35216373190427674,0.35226204817111295,0.3524874766877488,0.3528405119841054,0.35332146226296857,0.35393044301397225,0.35466737048478336,0.3555319550181508,0.35652369426663455,0.3576418663240375,0.3588855228433374,0.36025348221085807,0.36174432280095914,0.36335637631807316,0.365087721281526,0.36693617674714574,0.3688992963388458,0.3709743626357067,0.37315838198181694,0.37544807982777684,0.37783989668234597,0.3803299846665382,0.3829142046556697,0.3855881240798169,0.38834701551564876,0.3911858561968984,0.39409932854024987,0.39708182179783336,0.40012743501134906,0.4032299814640865,0.40638299473066297,0.4095797362201594,0.4128132039245216,0.4160761421195147,0.4193610520054776,0.4226602034700093,0.42596564812693316,0.42926923354965396,0.4325626184113105,0.4358372883171526,0.43908457232538467,0.4422956602386634,0.4454616206536315,0.44857341955631114,0.4516219391795744,0.454597997014929,0.4574923650622935,0.4602957894204849,0.46299901017877687,0.4655927813831511,0.4680678908261484,0.47041517958651724,0.47262556140072576,0.47469004196833,0.47659973825047075,0.4783458977187962,0.4799199173296955,0.4813133619134291,0.4825179818011094,0.4835257296873863,0.48432877681394615,0.48491952860160126,0.4852906398657737,0.48543502972932373,0.48534589631542246,0.48501673125395683,0.4844413339964291,0.48361382594703173,0.4825286644412401,0.48118065653581255,0.47956497243719554,0.4776771583556254,0.47551314868145056,0.47306927751020567,0.47034228957573276,0.46732935058200553,0.46402805688387616,0.4604364445231397,0.45655299765486035,0.4523766563370728,0.44790682360839185,0.44314337180312435,0.4380866480915131,0.4327374792157599,0.4270971753507311,0.42116753303896104,0.4149508372121886,0.4084498623148818,0.4016678724617577,0.3946086204775838,0.3872763456744934,0.3796757702738489,0.37181209440058893,0.36369098955684365,0.35531859044348835,0.34670148508194387,0.33784670342114964,0.3287617047092013,0.31945436373921154,0.3099329558920445,0.30020614088203246,0.29028294523480014,0.2801727436488548,0.2698852393668645,0.2594304435485171,0.2488186536289163,0.23806043082249317,0.227166577029017,0.21614811126249833,0.20501624560207432,0.19378236075117883,0.18245798137525782,0.17105475127139158,0.1595844083165332,0.14805875927522294,0.1364896546987424,0.12488896404285299,0.11326855096692157,0.10164024885710887,0.0900158367936541,0.07840701613724832,0.06682538772636804,0.05528242966475716,0.04378947584959292,0.032357695469443115,0.020998073543267992,0.009721392400301454,-0.001461785933969395,-0.012541136265802777,-0.023506585425806747,-0.03434832605424987,-0.04505682913617193,-0.055622855508971725,-0.06603746639109431,-0.0762920327290999,-0.08637824313570519,-0.09628811038791696,-0.10601397660298773,-0.11554851725025372,-0.12488474421108009,-0.13401600812926517,-0.14293600018144303,-0.15163875318715725,-0.16011864183450086,-0.16837038185099118,-0.1763890281495577,-0.18416997211028274,-0.19170893814949608,-0.1990019796716851,-0.2060454744382909,-0.21283611940090452,-0.2193709251452276,-0.22564721011922728,-0.2316625947515405,-0.23741499552011902,-0.24290261900242882,-0.2481239559166326,-0.25307777516964336,-0.2577631179304589,-0.2621792917400896,-0.2663258646578299,-0.2702026594264453,-0.2738097476487482,-0.27714744398843294,-0.28021630038390555,-0.28301710024958737,-0.28555085268114766,-0.28781878670877603,-0.2898223456359901,-0.2915631814808677,-0.29304314948127796,-0.2942643025776519,-0.29522888582184237,-0.2959393307378164,-0.29639824968851514,-0.29660843028621287,-0.2965728298467383,-0.2962945698364976,-0.2957769302275395,-0.2950233436387535,-0.29403738908701627,-0.29282278515561444,-0.2913833824099257,-0.28972315497487955,-0.2878461913813126,-0.28575668488769423,-0.2834589233286735,-0.28095727839128415,-0.27825619431543913,-0.27536017618793807,-0.27227377796670993,-0.26900159023240633,-0.2655482277156622,-0.26191831677636657,-0.2581164829312286,-0.25414733840385395,-0.250015469762225,-0.24572542580902734,-0.24128170579028563,-0.23668874792896588,-0.23195091841273552,-0.2270725009761847,-0.222057687079932,-0.21691056671132714,-0.21163511997131934,-0.20623520957580865,-0.2007145742306804,-0.19507682281750505,-0.18932542949176678,-0.18346372988771265,-0.17749491849387766,-0.17142204708480335,-0.16524802404407524,-0.15897561452392495,-0.15260744159014195,-0.14614598858974404,-0.13959360283895705,-0.13295250053941032,-0.12622477276002542,-0.11941239233383527,-0.11251722154218413,-0.10554102045310287,-0.09848545577550993,-0.09135211012709021,-0.0841424916255491,-0.07685804366879267,-0.06950015477777782,-0.062070168449821495,-0.05456939299835284,-0.0469991113178736,-0.03936059046818485,-0.03165509096860575,-0.02388387575258122,-0.0160482188336033,-0.008149413802982508,-0.00018878224164353696,0.007832317969587166,0.01591248448814042,0.02405026250943365,0.03224413693461514,0.04049252472411524,0.048793767424498924,0.05714612383944484,0.06554776286240127,0.07399675653420701,0.0824910733875015,0.09102857210930182,0.09960699553765551,0.10822396501657039,0.1168769751421479,0.12556338892434127,0.13428043334513262,0.1430251952439079,0.15179461747332113,0.16058549531232558,0.169394473132499,0.17821804137471275,0.1870525340483411,0.19589412701275677,0.20473883717437502,0.21358252261681798,0.22242088363181267,0.23124946460018236,0.24006365669150398,0.24885870136075994,0.2576296945976466,0.26637159187308157,0.2750792137324325,0.28374725199804374,0.2923702765450642,0.3009427425994815,0.30945899849840686,0.31791329385783484,0.32629978810513194,0.3346125593384244,0.342845613462309,0.35099289353335195,0.3590482892428426,0.36700564647890843,0.37485877693209346,0.38260146770188896,0.39022749085182085,0.39773061286467026,0.40510460392869874,0.41234324698231006,0.41944034648615514,0.42638973690573323,0.4331852908591145,0.439820926866588,0.4462906166456335,0.452588391894011,0.45870835049205283,0.4646446620620779,0.470391572835112,0.47594340977098426,0.481294583918384,0.48643959317384144,0.49137302478515466,0.4960895579158233,0.5005839663735188,0.5048511214654852,0.5088859949459419,0.5126836620118951,0.5162393042748192,0.5195482126618174,0.5226057902086296,0.5254075546951213,0.527949141155311,0.5302263044455913,0.5322349221394731,0.5339709979707337,0.535430665916202,0.536610194889569,0.5375059939842757,0.5381146182505603,0.5384327750308486,0.5384573308553158,0.5381853188376269,0.537613946501807,0.5367406040245655,0.5355628728952411,0.5340785349654738,0.5322855818055459,0.5301822242226208,0.5277669017995663,0.5250382923763866,0.5219953214377213,0.518637171376966,0.5149632906006119,0.5109734024288883,0.5066675137556373,0.5020459234505452,0.4971092304791398,0.49185834168409315,0.4862944791739281,0.48041918728138455,0.47423433905296974,0.46774214222253363,0.4609451446174333,0.4538462389650135,0.4464486670934207,0.43875602353334386,0.4307722585357965,0.4225016805162838,0.41394895790229924,0.4051191203145308,0.3960175589859105,0.38665002633128864,0.3770226346030725,0.36714185359421947,0.3570145073862747,0.34664777015959203,0.33604916105288396,0.32522653803732027,0.3141880907894148,0.3029423325558014,0.29149809099504154,0.27986449798693513,0.2680509784338909,0.2560672381294893,0.2439232507726814,0.23162924416337205,0.21919568562174874,0.20663326669086501,0.19395288717167602,0.18116563858139756,0.16828278716145917,0.1553157565236134,0.1422761099996137,0.12917553276763982,0.11602581381315247,0.10283882773109809,0.0896265163367147,0.07640087005466967,0.06317390906530562,0.0499576641863726,0.03676415747164441,0.02360538259078737,0.010493285256799822,-0.0025602559280457626,-0.015543447968397572,-0.028444601257710644,-0.04125214667514854,-0.053954652039060136,-0.06654083795372401,-0.07899959309045101,-0.09131998895987437,-0.10349129420156089,-0.11550298828267813,-0.12734477437624037,-0.13900659123173398,-0.15047862399347878,-0.1617513140229505,-0.17281536778462936,-0.1836617648233414,-0.19428176487493687,-0.2046669141787305,-0.21480905104652237,-0.22470031071724605,-0.2343331295362674,-0.24370024852544958,-0.25279471640537565,-0.2616098920886145,-0.27013944664823697,-0.27837736479896336,-0.2863179459557159,-0.2939558049395714,-0.3012858723691636,-0.3083033947082754,-0.3150039339357704,-0.3213833668619728,-0.3274378841354064,-0.33316398897898125,-0.33855849570778673,-0.34361852807603555,-0.3483415174855722,-0.3527252010875088,-0.35676761980408145,-0.3604671162896693,-0.3638223328492103,-0.3668322093347882,-0.36949598103304737,-0.37181317653474366,-0.3737836155627505,-0.3754074067446638,-0.376684945332471,-0.37761691087141,-0.37820426480863745,-0.37844824801449306,-0.37835037817463757,-0.37791244701746507,-0.3771365173758028,-0.37602492014333677,-0.37458025120721317,-0.3728053683748058,-0.37070338825344606,-0.3682776830413914,-0.3655318771917919,-0.3624698438828844,-0.3590957012453586,-0.35541380838410674,-0.35142876124906763,-0.3471453883334803,-0.34256874615680033,-0.3377041145487425,-0.3325569917896374,-0.32713308962711807,-0.32143832815184936,-0.31547883054977177,-0.3092609177731589,-0.3027911031316677,-0.29607608678421116,-0.28912275014459965,-0.28193815023873015,-0.2745295140347892,-0.2669042327477982,-0.2590698561314113,-0.25103408677795613,-0.24280477443812032,-0.23438991037681234,-0.22579762178973795,-0.2170361662824476,-0.2081139263872842,-0.19903940411243326,-0.18982121554372355,-0.1804680854965639,-0.17098884219357302,-0.16139241196903953,-0.1516878140039566,-0.14188415505510932,-0.13199062416163798,-0.12201648735621262,-0.11197108236844855,-0.10186381326566618,-0.09170414501979707,-0.08150159801304824,-0.07126574244858119,-0.06100619263168028,-0.050732601128032684,-0.0404546527805536,-0.030182058510199283,-0.01992454885002104,-0.009691867223786232,0.0005062370368591473,0.010660015995640038,0.020759730755258943,0.030795659392708785,0.04075810518182266,0.05063740519289439,0.06042393935486956,0.07010814000962995,0.0796805019840221,0.08913159324929865,0.09845206626132352,0.1076326699661081,0.11666426221757575,0.12553782224539134,0.1342444629726245,0.1427754431927326,0.1511221796660891,0.15927625914496701,0.16722945033405523,0.1749737158532696,0.18250122422555393,0.1898043617043541,0.19687574364139238,0.2037082252311322,0.21029491163513825,0.21662916751409966,0.2227046259670118,0.22851519690134836,0.23405507490934951,0.23931874672896924,0.2443009982799964,0.24899692112293792,0.2534019181109244,0.25751170807656365,0.261322329537677,0.2648301434839553,0.2680318353058482,0.2709244159187705,0.2735052221516412,0.27577191647816335,0.27772248615740125,0.27935524183161675,0.28066881562463664,0.28166215879662815,0.28233453900309513,0.2826855371662802,0.28271504394913194,0.2824232558445061,0.28181067089896317,0.2808780840681706,0.27962658222091363,0.278057538860331,0.27617260864708726,0.273973721788046,0.27146307831144867,0.26864314221102603,0.2655166354686216,0.2620865320377419,0.2583560518801562,0.25432865507519153,0.2500080359579684,0.24539811728498506,0.24050304449492899,0.23532718010812914,0.2298750982741069,0.22415157951100895,0.21816160568527465,0.21191035521041357,0.20540319841659738,0.1986456930992091,0.19164358028602635,0.18440278022212908,0.17692938854102636,0.16922967261556465,0.1613100681075892,0.15317717571539902,0.14483775809117816,0.136298736915748,0.12756719013964357,0.11865034938361418,0.10955559746486898,0.10029046602010538,0.09086263321854915,0.08127992155251462,0.07155029564927418,0.061681860031768565,0.051682856809669886,0.041561663304023,0.03132678953074475,0.0209868753860718,0.010550687399558,2.7115019101131566e-05,-0.010574833553924634,-0.02124603598362995,-0.03197726088949793,-0.042759173414864904,-0.05358234131823991,-0.0644372416885588,-0.07531426839077682,-0.08620374030378741,-0.09709591039010235,-0.10798097563384346,-0.11884908778414172,-0.12969036465425177,-0.14049490167123935,-0.1512527835181885,-0.16195409587766108,-0.17258893736501335,-0.1831474317788775,-0.19361974074674038,-0.20399607661431673,-0.21426671521115281,-0.22442200820065494,-0.23445239497211645,-0.2443484141873853,-0.25410071512840204,-0.2637000689694915,-0.27313738004115606,-0.2824036970493893,-0.29149022404619984,-0.30038833082974037,-0.30908956255145625,-0.31758564852377447,-0.3258685103446126,-0.3339302694591382,-0.341763254259142,-0.34936000680685453,-0.35671328923258017,-0.36381608982091507,-0.3706616288283584,-0.37724336412068027,-0.3835549966801324,-0.3895904758866138,-0.39534400434160943,-0.40081004204134274,-0.40598330988311915,-0.41085879259578206,-0.41543174115388837,-0.4196976747000676,-0.42365238202391,-0.4272919226625689,-0.43061262768461717,-0.4336111002144065,-0.4362842157504758,-0.43862912232406615,-0.44064324053972825,-0.44232426354658116,-0.4436701569846875,-0.4446791589368644,-0.44534977991536095,-0.4456808029057484,-0.4456712834653729,-0.4453205498732302,-0.44462820334501174,-0.4435941183267289,-0.4422184428794296,-0.44050159917789955,-0.43844428414193004,-0.4360474702113777,-0.43331240628264567,-0.43024061880986153,-0.4268339130419392,-0.4230943743596143,-0.4190243696441911,-0.41462654849495806,-0.4099038440312057,-0.40485947310847337,-0.39949693595114155,-0.3938200152798572,-0.3878327749660073,-0.3815395581928911,-0.3749449851234985,-0.3680539501227784,-0.36087161859214234,-0.3534034234317929,-0.3456550611112803,-0.33763248736969587,-0.3293419126087116,-0.32078979699925014,-0.31198284528081643,-0.3029280012671336,-0.2936324421133705,-0.2841035723616798,-0.2743490177407537,-0.2643766187294574,-0.25419442391235236,-0.243810683127883,-0.23323384041673734,-0.22247252678582186,-0.21153555276924862,-0.20043190076448525,-0.18917071715819844,-0.17776130425306036,-0.16621311198755961,-0.1545357294661187,-0.14273887632515425,-0.13083239389970913,-0.1188262361324206,-0.10673046020301058,-0.09455521683073442,-0.08231074014833695,-0.07000733707617712,-0.05765537617934058,-0.04526527597610652,-0.032847492681767676,-0.020412507556130777,-0.007970814192070463,0.004467094011296524,0.01689073617347958,0.029289656163115296,0.04165343487282769,0.05397170268055618,0.06623415215488393,0.07843055082571482,0.09055075364895515,0.10258471489741083,0.11452249946584203,0.1263542937190536,0.13807041602777304,0.1496613271282996,0.16111764038787157,0.1724301318749326,0.18358974996106525,0.19458762423453635,0.20541507366957745,0.21606361406614383,0.2265249648030121,0.2367910550036214,0.24685402923181954,0.2567062528141548,0.2663403168962404,0.2757490433305634,0.2849254893541797,0.2938629518517999,0.3025549710133859,0.3109953333344606,0.31917807399801745,0.3270974787072092,0.33474808505614817,0.3421246835184135,0.3492223181155012,0.35603628682725486,0.3625621418061158,0.36879568943581376,0.3747329902439276,0.3803703586526197,0.3857043625560195,0.39073182274258755,0.39544981220954156,0.39985565542580304,0.40394692759668516,0.4077214539622247,0.4111773091369173,0.41431281651193075,0.4171265477792545,0.41961732262299023,0.4217842085743584,0.42362652103364695,0.4251438234970806,0.42633592801589515,0.4272028958870777,0.4277450385715227,0.42796291884223336,0.4278573521613396,0.42742940828844667,0.4266804131254247,0.4256119507858074,0.42422586587275646,0.42252426594954073,0.420509524161659,0.41818428195909263,0.41555145189096976,0.41261422047935525,0.4093760511713498,0.40584068731608625,0.4020121550918603,0.39789476632881104,0.3934931211787358,0.3888121105868123,0.383856918532679,0.37863302398365306,0.3731462024774359,0.3674025273101478,0.3614083703809854,0.35517040274388734,0.3486955948534387,0.3419912164353818,0.3350648359220685,0.3279243194543966,0.3205778294964645,0.31303382308028205,0.3053010496380395,0.29738854838904416,0.28930564529977687,0.28106194962085596,0.27266734996237574,0.2641320098925064,0.25546636307535664,0.24668110793530218,0.23778720181759638,0.22879585463855534,0.21971852201527753,0.21056689783657845,0.20135290624031654,0.19208869297261089,0.1827866161117413,0.1734592361637297,0.164119305547878,0.15477975747669603,0.14545369422173593,0.13615437472994074,0.12689520151408828,0.11768970673208656,0.10855153737799839,0.09949443949181358,0.09053224128670223,0.08167883514972374,0.07294815864128879,0.0643541748017995,0.05591085204195423,0.047632143680978345,0.0395319670716745,0.031624182244875954,0.023922570009347055,0.016440809548605273,0.009192455772719654,0.002190916747032645,-0.004550568641796815,-0.011018952796788994,-0.01720140138738202,-0.023085315277647567,-0.028658352471076398,-0.03390845008541277,-0.0388238461860837,-0.04339310112580108,-0.04760511811346646,-0.051449162942510895,-0.05491488291180957,-0.05799232499467166,-0.060671953305813986,-0.06294466589676517,-0.06480181091750126,-0.06623520218329304,-0.06723713416140953,-0.06780039640661784,-0.06791828749846474,-0.06758462850208957,-0.06679377591446212,-0.06554063400555066,-0.06382066643129036,-0.061629906998199147,-0.0589649694821901,-0.05582305643790875,-0.05220196697811019,-0.04810010354319161,-0.04351647770324263,-0.03845071504002817,-0.0329030591444095,-0.026874374748288687,-0.020366150008449324,-0.013380497950500114,-0.005920157058177722,0.0020115090227363908,0.010410512698975083,0.01927224458736987,0.028591476649332037,0.038362366362335365,0.04857846196297544,0.059232708721616234,0.07031745619995178,0.08182446652857323,0.09374492380518973,0.1060694446851187,0.1187880901706393,0.1318903785831722,0.14536529972735224,0.15920133028855332,0.17338645051650303,0.18790816225156703,0.20275350835066064,0.2179090935626533,0.23336110688923384,0.2490953453862872,0.26509723917985895,0.2813518773437096,0.2978440343818747,0.3145581972552165,0.33147859298600224,0.3485892168788993,0.3658738613933039,0.383316145663926,0.40089954549890905,0.4186074234896324,0.43642305890278266,0.45432967723566975,0.47231047943853355,0.4903486708290714,0.5084274897285397,0.5265302358414488,0.5446402983728404,0.5627411837719265,0.5808165428122507,0.5988501966580344,0.6168261616924937,0.6347286730137753,0.6525422065567028,0.670251499830222,0.6878415712846788,0.7052977383192598,0.7226056339184197,0.7397512219123712,0.7567208108692824,0.7735010666117219,0.7900790233378459,0.8064420933262255,0.8225780752082059,0.8384751608102974,0.8541219405641058,0.8695074074538027,0.8846209594836694,0.8994524007042699,0.9139919408996988,0.9282301940601059,0.942158175723236,0.9557672992278654,0.9690493709476513,0.9819965846165672,0.9946015148549705,1.006857109996318,1.018756684315683,1.030293909738731,1.0414628070937795,1.0522577369714554,1.0626733902063208,1.0727047779269512,1.0823472211444383,1.091596339917345,1.1004480421436895,1.108898512027011,1.1169441982827024,1.1245818021441352,1.1318082652340422,1.1386207574780585,1.145016665348308,1.150993580686638,1.1565492902258114,1.161681765833272,1.166389155468174,1.1706697748360426,1.1745220997370183,1.177944759104264,1.1809365287133318,1.183496325544084,1.1856232027889035,1.1873163455020759,1.1885750669006683,1.1893988053706295,1.1897871222505287,1.1897397004151316,1.1892563436201016,1.1883369765600804,1.186981645632926,1.1851905204734976,1.1829638963780198,1.1803021977380297,1.1772059825458143,1.173675947992642,1.1697129371692299,1.1653179467503065,1.160492135359334,1.1552368323240074,1.1495535467398525,1.14344397692998,1.1369100204180427,1.1299537844312013,1.1225775967664262,1.1147840167183176,1.1065758458259793,1.0979561383841272,1.0889282117854222,1.0794956567638536,1.069662347532656,1.059432451639175,1.0488104392264503,1.037801091481107,1.02640950823681,1.0146411147992538,1.0025016680746148,0.989997262085673,0.9771343329479194,0.9639196633455356,0.9503603864688799,0.9364639892208331,0.922238314407366,0.9076915617406272,0.8928322876444952,0.8776694038995316,0.8622121751727292,0.8464702154900223,0.8304534836797117,0.8141722777997131,0.7976372285807187,0.7808592919053936,0.7638497403253055,0.7466201536329464,0.7291824085297733,0.7115486674440206,0.6937313665578273,0.675743203103103,0.6575971219810057,0.6393063017530025,0.6208841400408716,0.6023442383762472,0.5837003865550656,0.5649665465556382,0.5461568360942053,0.5272855119028321,0.5083669527951429,0.4894156425798286,0.47044615287298086,0.45147312580680676,0.4325112565928464,0.4135752758965552,0.3946799319760501,0.37583997252688306,0.35707012616735767,0.33838508348866725,0.3197994776359465,0.30132786456421456,0.2829847032912056,0.2647843364214637,0.24674097102649029,0.22886865984583693,0.21118128273423054,0.1936925282577775,0.17641587536565595,0.1593645751916597,0.14255163322693676,0.12598979216453898,0.10969151556662382,0.09366897231837612,0.07793402174249309,0.06249819925285749,0.047372702482043394,0.03256837782970479,0.018095707372580705,0.003964796228707712,-0.009814639356704902,-0.023233283010277717,-0.03628222829259897,-0.048952987851400565,-0.06123750171575182,-0.0731281448407799,-0.08461773405181816,-0.09569953453710411,-0.10636726601807567,-0.11661510865012303,-0.12643770852656644,-0.13583018249154577,-0.14478812199974556,-0.15330759593742016,-0.16138515245520324,-0.16901781992196163,-0.17620310714397647,-0.18293900298991872,-0.1892239755413172,-0.1950569708952088,-0.20043741173849838,-0.20536519572684142,-0.2098406935096051,-0.21386474611068707,-0.21743866148937485,-0.22056421030056583,-0.22324362095655204,-0.22547957411784125,-0.2272751967470512,-0.22863405585740537,-0.22956015208031033,-0.23005791316346347,-0.23013218745946773,-0.22978823729165754,-0.22903173191819803,-0.22786873989264933,-0.2263057208079715,-0.22434951650583912,-0.22200734187609328,-0.21928677538284091,-0.2161957494347675,-0.21274254068003984,-0.2089357601766011,-0.2047843431920171,-0.2002975383616885,-0.19548489613411846,-0.19035625659472544,-0.18492173677195467,-0.17919171752244978,-0.1731768301048504,-0.1668879425516323,-0.16033614593452228,-0.15353274057335398,-0.1464892221105103,-0.1392172672480072,-0.13172871900412275,-0.12403557151066735,-0.11614995444934095,-0.10808411723063216,-0.09985041300587483,-0.09146128258794306,-0.08292923835769983,-0.07426684823213492,-0.0654867197655804,-0.05660148446157365,-0.047623782361988276,-0.03856624696901889,-0.029441490562867045,-0.020262089963644314,-0.011040572759050349,-0.001789404015994478,0.007479026487381191,0.01675241647190262,0.02601856279920156,0.03526537256099971,0.04448087364788478,0.05365322482055035,0.06277072529486816,0.07182182387063563,0.08079512762519414,0.08967941014896752,0.09846361932222436,0.10713688472355187,0.1156885248137769,0.12410805403276015,0.13238518995080995,0.14050986060668436,0.14847221212284012,0.15626261667858188,0.16387168084938253,0.17129025414306653,0.1785094375259817,0.18552059189855186,0.1923153466290941,0.19888560824732338,0.2052235692320039,0.2113217166663759,0.21717284061131892,0.22277004227071018,0.22810674209237192,0.23317668777982448,0.23797396203636367,0.2424929899412973,0.24672854603417704,0.2506757611846808,0.2543301291540345,0.2576875126860898,0.26074414911029464,0.2634966555236957,0.2659420334818492,0.2680776730287562,0.26990135603680443,0.2714112589640081,0.27260595501925877,0.2734844155536251,0.2740460105665292,0.274290508404178,0.27421807471871773,0.2738292705696921,0.2731250494813011,0.27210675341960666,0.27077610781122985,0.2691352157125664,0.267186551073209,0.26493295088575053,0.26237760607132543,0.2595240511498673,0.25637615286422744,0.25293809793244293,0.24921438008387042,0.245209786523354,0.24092938395588703,0.23637850428996643,0.23156273007776207,0.2264878796319394,0.22115999170668488,0.21558530972058065,0.20977026561093481,0.20372146343695618,0.1974456628327701,0.19094976240884876,0.184240783197815,0.17732585222512398,0.17021218627597534,0.16290707592506948,0.1554178698908686,0.1477519597749577,0.1399167652430151,0.131919719682017,0.12376825634738964,0.11546979502736576,0.10703172925529714,0.09846141405561326,0.08976615418883682,0.08095319290332981,0.07202970122944663,0.06300276782227598,0.05387938931424685,0.044666461140529634,0.035370768846370026,0.02599897989429678,0.016557635920754876,0.007053145331354926,-0.0025082238814277957,-0.012120351208956492,-0.021777270676594185,-0.031473177858451606,-0.041202436655090935,-0.05095958555395441,-0.06073934324612651,-0.07053661366507669,-0.08034649056604337,-0.09016426175146819,-0.09998541299319896,-0.10980563152203615,-0.1196208087577233,-0.12942704197745059,-0.1392206348436602,-0.14899809690717802,-0.15875614225765844,-0.16849168740692022,-0.17820184830370778,-0.1878839362329927,-0.1975354523881947,-0.2071540810721686,-0.21673768163641682,-0.22628427931734052,-0.2357920550947057,-0.245259334698396,-0.254684576915146,-0.2640663612648808,-0.27340337495112976,-0.2826943989012989,-0.29193829279089556,-0.301133979090487,-0.3102804262355221,-0.3193766310147126,-0.32842160027205125,-0.3374143320276488,-0.3463537961395531,-0.35523891464653445,-0.3640685419458336,-0.37284144496089766,-0.3815562834407089,-0.39021159053430665,-0.39880575378494854,-0.4073369966801721,-0.41580336090658676,-0.42420268946722217,-0.4325326107528724,-0.4407905235015619,-0.448973582468831,-0.45707868470804414,-0.46510245651945326,-0.47304124119339264,-0.48089108766620825,-0.48864774020158563,-0.4963066291824916,-0.5038628630620536,-0.5113112215469044,-0.5186461501643365,-0.5258617564143933,-0.5329518076886046,-0.539909731069173,-0.5467286150888384,-0.5534012135439497,-0.5599199513708868,-0.5662769323857049,-0.5724639485840015,-0.5784724908586298,-0.5842937612168129,-0.5899186866517994,-0.5953379347309706,-0.6005419307444342,-0.6055208761084572,-0.6102647678262443,-0.614763419023582,-0.6190064806771716,-0.6229834645936805,-0.6266837674982213,-0.6300966959159098,-0.6332114915873674,-0.6360173573618582,-0.6385034836447829,-0.6406590754315289,-0.6424733797238034,-0.6439357129537342,-0.6450354881763829,-0.6457622420019007,-0.646105661303217,-0.6460556097579868,-0.6456021542945862,-0.6447355914755022,-0.6434464738197505,-0.6417256359905039,-0.6395642205960925,-0.6369537032824795,-0.6338859169580999,-0.6303530751391193,-0.6263477944023919,-0.6218631159374084,-0.616892526221676,-0.6114299768092906,-0.6054699031886628,-0.5990072427070672,-0.592037451594237,-0.5845565210892829,-0.5765609926744162,-0.5680479724772667,-0.5590151449060485,-0.5494607855075202,-0.5393837730152171,-0.5287836005959292,-0.5176603862964484,-0.5060148826564657,-0.49384848547180127,-0.4811632417594822,-0.4679618569981443,-0.45424770163464956,-0.4400248167618628,-0.4252979188768009,-0.41007240364627506,-0.39435434860078544,-0.37815051468163574,-0.3614683465559949,-0.3443159715668216,-0.3267021971706754,-0.30863650686696076,-0.2901290548269202,-0.2711906594076936,-0.25183279553870364,-0.23206758585782694,-0.21190779051326558,-0.1913667957119003,-0.17045860123459278,-0.14919780704669705,-0.12759959892136408,-0.10567973295341915,-0.08345451901698198,-0.06094080336144714,-0.03815595044840592,-0.015117823972140343,0.00815523296363807,0.031644418376757244,0.055330492492089434,0.0791937993809384,0.10321428920519793,0.12737154099120573,0.15164478581539953,0.17601293044894106,0.20045458161794727,0.22494807090160407,0.24947148011765563,0.2740026670869753,0.2985192918357953,0.3229988432767428,0.347418666221472,0.3717559885662993,0.3959879487029241,0.4200916232876821,0.44404405531690117,0.4678222823033096,0.4914033644503917,0.5147644129191917,0.5378826183409942,0.5607352795619747,0.583299832423549,0.605553878436865,0.627475213391385,0.6490418560537776,0.670232077054365,0.6910244278367799,0.7113977694242237,0.7313313008909574,0.7508045876278047,0.769797589569265,0.7882906895233646,0.8062647216285725,0.8237009997509759,0.8405813455413593,0.8568881160316693,0.8726042308340851,0.8877131990537634,0.9021991460248202,0.9160468399047659,0.9292417179452244,0.9417699121148857,0.9536182738562786,0.9647743979312722,0.9752266453975338,0.9849641657609851,0.9939769183416729,1.0022556929068571,1.0097921296096501,1.0165787382423375,1.02260891676967,1.0278769690009426,1.032378121191222,1.036108537404445,1.0390653335341469,1.0412465899297842,1.04265136263259,1.0432796932208035,1.0431326172052593,1.0422121709153132,1.040521396891556,1.0380643478212903,1.034846088962233,1.0308726989222663,1.0261512686797474,1.0206898987454238,1.0144976943486839,1.0075847585335467,0.9999621830423564,0.9916420368710561,0.9826373525293022,0.972962110221971,0.9626312201238534,0.9516605027071208,0.9400666669738769,0.9278672865614936,0.9150807739152356,0.9017263527724708,0.8878240290135935,0.8733945598289239,0.8584594212578125,0.8430407741833292,0.8271614287337954,0.8108448070709358,0.7941149047255891,0.7769962506232275,0.7595138658074987,0.741693220935538,0.7235601927124549,0.7051410193525385,0.6864622551422528,0.6675507242719405,0.64843347406714,0.6291377277016963,0.6096908365407785,0.5901202322627981,0.5704533788660129,0.5507177247196111,0.530940654805022,0.5111494431958761,0.4913712058852795,0.47163285414339384,0.4519610485075134,0.43238215349905573,0.4129221932421956,0.3936068080937716,0.3744612122944062,0.35551015274025843,0.336777869074524,0.31828805518993875,0.3000638221508112,0.28212766267585465,0.2645014173909246,0.24720624290265647,0.23026258159405444,0.21369013309082874,0.19750782754915264,0.18173380100602543,0.16638537287092703,0.15147902546141978,0.13703038544515067,0.12305420703842884,0.10956435682417975,0.09657380014461125,0.08409458915848944,0.07213785275281737,0.06071378849828335,0.049831656743293706,0.039499776806003695,0.0297255251152464,0.020515335141055857,0.011874699010817835,0.00380817074831441,-0.0036806289197386377,-0.010589006266847889,-0.016915186898067702,-0.022658306856826016,-0.027818402640662043,-0.032396400222083344,-0.036394103150414026,-0.039814179801211935,-0.042660149774846445,-0.044936369353273165,-0.046648015887512884,-0.04780107100707909,-0.04840230261801537,-0.04845924581764649,-0.047980183013315525,-0.04697412350041219,-0.04545078255609525,-0.043420559959471916,-0.04089451785570475,-0.03788435802128021,-0.03440239875143192,-0.03046155158171615,-0.026075297855356894,-0.021257664997065717,-0.01602320243259925,-0.010386957297114918,-0.004364450134112019,0.0020283493771557914,0.008775046808366938,0.015858847621672112,0.023262582015902922,0.030968729796690297,0.03895944518691152,0.04721658170407039,0.05572171730207032,0.06445617981905372,0.07340107258983863,0.08253730013339577,0.09184559403069414,0.1013065391530219,0.11090060020509185,0.1206081483723409,0.13040948794692753,0.14028488304109743,0.150214584591275,0.16017885770074258,0.17015800914618495,0.18013241486315934,0.19008254741571307,0.19998900357262528,0.20983253202470564,0.21959406110838842,0.22925472635768074,0.23879589783200572,0.24819920731730605,0.25744657552609596,0.2665202392613395,0.2754027783107347,0.2840771418749455,0.2925266745610031,0.3007351420988016,0.30868675683926483,0.31636620287770256,0.3237586605564715,0.33084983021540637,0.33762595519391425,0.34407384415752773,0.35018089282400666,0.3559351049928381,0.3613251125611754,0.3663401942528566,0.37097029301736484,0.3752060321925299,0.3790387305390226,0.38246041621020055,0.38546383967275943,0.3880424856070732,0.3901905837958495,0.3919031188767903,0.39317583877240025,0.39400526169973205,0.3943886817246067,0.39432417281729215,0.39381059141427954,0.3928475775523097,0.39143555462625557,0.3895757277933214,0.3872700810522005,0.38452137302831346,0.38133313149177894,0.37770964665141804,0.3736559632775993,0.36917787168530225,0.3642818975734272,0.3589752906638921,0.353266012045367,0.347162720126704,0.3406747550908804,0.33381212171657637,0.32658547048009723,0.3190060770071028,0.3110858201017095,0.30283715853940407,0.29427310661412776,0.2854072083418302,0.2762535103530226,0.2668265336943989,0.2571412447690946,0.24721302548582713,0.23705764259685935,0.22669121630331546,0.21613018830475994,0.20539128937448936,0.19449150641925428,0.18344804906822532,0.17227831596773058,0.1609998609030896,0.14963035879287645,0.13818757168942852,0.1266893149831816,0.11515342388247518,0.10359772014911783,0.09203997922965357,0.08049789804744023,0.06898906354075507,0.05753092185604203,0.046140748249392516,0.034835617963501875,0.023632378273205745,0.012547621649112273,0.0015976599120435253,-0.00920150056450808,-0.019834182334079742,-0.030285058831019285,-0.040539174845939385,-0.05058196570781348,-0.06039927529331379,-0.0699773728044093,-0.07930296808611104,-0.08836322525699103,-0.09714577460989204,-0.10563872290698839,-0.1138306622115195,-0.12171067734233532,-0.1292683520063207,-0.13649377368440696,-0.1433775373916646,-0.14991074844876806,-0.15608502439867777,-0.16189249620492774,-0.16732580886059623,-0.17237812151928722,-0.1770431072447849,-0.18131495244087148,-0.18518835597710392,-0.18865852801889105,-0.19172118859368936,-0.1943725659288873,-0.1966093945468046,-0.19842891305051324,-0.19982886154719637,-0.2008074787110914,-0.2013634985259216,-0.20149614675693783,-0.2012051371916712,-0.20049066766442536,-0.1993534158650192,-0.19779453493957533,-0.19581564891489478,-0.19341884800999054,-0.1906066838767302,-0.18738216474633873,-0.1837487504411186,-0.17971034722501855,-0.17527130244930333,-0.1704363989299864,-0.1652108489898083,-0.15960028808828497,-0.1536107679293437,-0.14724874896071327,-0.1405210923716922,-0.13343505185650884,-0.1259982653038847,-0.11821874638368968,-0.11010487592624685,-0.10166539297429011,-0.09290938538526206,-0.08384627990555771,-0.07448583178913282,-0.06483811420897467,-0.05491350768063796,-0.044722689517953995,-0.03427662321136182,-0.023586547580315198,-0.012663965533008081,-0.0015206323638210506,0.009831456259824733,0.021380076382051527,0.033112787846292235,0.04501694650165433,0.057079716688257065,0.0692880841614425,0.08162886958615445,0.09408874258606659,0.1066542361573184,0.11931176127951915,0.1320476217361275,0.14484802926567397,0.15769911915639057,0.17058696637400317,0.18349760230293555,0.19641703207783934,0.20933125230602911,0.22222626893276498,0.23508811514759032,0.24790286942450734,0.2606566738575964,0.273335752893928,0.285926432506038,0.29841515975424926,0.3107885225036142,0.3230332689961557,0.335136327164264,0.34708482376031213,0.3588661033954281,0.37046774754639245,0.3818775935933303,0.39308375390221784,0.4040746347854238,0.4148389550129963,0.42536576360220124,0.4356444567961475,0.44566479426901395,0.45541691461541234,0.4648913501510208,0.47407904106071896,0.4829713489449219,0.491560069785109,0.49983744633951943,0.5077961800121713,0.5154294422281254,0.5227308852858528,0.5296946526054498,0.5363153882531719,0.5425882456052236,0.5485088950445842,0.5540735306364155,0.559278875789559,0.5641221879697511,0.5686012625230248,0.5727144356002967,0.576460586128583,0.5798391367903477,0.582850054013683,0.5854938469953126,0.5877715657780485,0.5896847983925042,0.5912356670686307,0.592426823535753,0.5932614434391823,0.5937432198904702,0.5938763561466516,0.5936655573926615,0.5931160215864821,0.5922334293089406,0.5910239325285644,0.5894941421849964,0.5876511145117149,0.5855023360435965,0.5830557073698017,0.5803195258809666,0.5773024677848184,0.5740135694709068,0.5704622081329447,0.566658081513701,0.5626111866811101,0.5583317979098368,0.5538304439502113,0.5491178849934713,0.5442050894650734,0.5391032105866671,0.533823562595714,0.5283775966340869,0.5227768765196856,0.5170330546964976,0.5111578485282706,0.5051630169017329,0.49906033700335684,0.4928615812133259,0.48657849431000244,0.4802227713380347,0.47380603635149043,0.4673398220179692,0.4608355500047878,0.45430451209755063,0.44775785198189766,0.44120654756240185,0.4346613937465875,0.4281329858295706,0.4216317037598998,0.41516769748324833,0.40875087341783,0.40239088207345475,0.39609710678815446,0.38987865348696715,0.3837443413644479,0.3777026944659596,0.37176193419559667,0.3659299727343921,0.3602144072767359,0.3546225150045288,0.3491612487926119,0.3438372336680686,0.33865676400537836,0.3336258013888056,0.3287499730779899,0.32403457107341893,0.3194845518072853,0.31510453645227443,0.3108988117898903,0.3068713315257341,0.3030257179407343,0.2993652638587889,0.295892934968478,0.29261137248197855,0.2895228960464138,0.28662950681681565,0.2839328906222889,0.28143442118573603,0.27913516341060784,0.277035876784403,0.2751370189318365,0.2734387493273758,0.27194093316066414,0.2706431453175071,0.2695446744298948,0.2686445269732758,0.267941431400736,0.26743384230400835,0.267119944609604,0.2669976578219675,0.26706464030892363,0.26731829362479687,0.26775576688467595,0.2683739612170868,0.2691695343296203,0.2701389052188219,0.27127825905910896,0.27258355231586506,0.2740505181035857,0.2756746717784324,0.2774513167786523,0.27937555076793785,0.28144227214288975,0.28364618696930677,0.285981816424858,0.2884435048149996,0.29102542817571475,0.2937216034274215,0.2965258980641323,0.29943204041620675,0.30243363049964245,0.30552415130344457,0.3086969802192243,0.3119454003637614,0.31526261167909553,0.3186417417655889,0.3220758564529902,0.32555797016800625,0.32908105618542294,0.3326380568541154,0.336221893848041,0.3398254784305479,0.3434417217271246,0.3470635450230972,0.3506838900019247,0.3542957287038959,0.35789207299192327,0.3614659834079603,0.3650105773618364,0.36851903664596364,0.3719846143449175,0.3754006412495272,0.37876053186687386,0.38205779006431584,0.385286014335648,0.38843890266945635,0.3915102570260629,0.3944939874661273,0.39738411601093304,0.40017478033679765,0.40286023740129906,0.4054348670553196,0.40789317564128424,0.41022979954469463,0.4124395086714401,0.41451720988020924,0.41645795044289713,0.418256921589645,0.41990946219348757,0.4214110626888541,0.4227573693091955,0.42394418864000016,0.42496749241508525,0.42582342249554017,0.42650829601721796,0.4270186107384646,0.42735105064870993,0.427502491892497,0.4274700090536001,0.42725088184478466,0.426842602242381,0.42624288210514294,0.4254496612861729,0.42446111610092174,0.4232756678233329,0.4218919908510017,0.4203090203434101,0.418525959310756,0.4165422851862175,0.4143577558898386,0.4119724153810722,0.4093865987139935,0.40660093660125085,0.40361635946825913,0.4004341009742731,0.39705570097292764,0.39348300781777823,0.3897181797959064,0.38576368544013206,0.381622302591218,0.3772971162261314,0.37279151515093645,0.3681091876592788,0.36325411619741743,0.35823057103775824,0.3530431029723431,0.34769653507183307,0.3421959535861774,0.33654669803834736,0.3307543505066448,0.3248247241046016,0.31876385073360325,0.3125779681870071,0.30627350665323405,0.29985707468367906,0.2933354446982861,0.2867155380475239,0.28000440960146733,0.27320923185570933,0.2663372785694875,0.2593959079148931,0.2523925450905651,0.24533466440036023,0.23822977086953756,0.2310853815989944,0.22390900721040197,0.21670813370717923,0.2094902048781364,0.20226260521834405,0.19503264329352987,0.18780753549264517,0.18059439016306555,0.17340019212738866,0.16623178755158108,0.15909586918419194,0.1519989621381157,0.144947410489209,0.13794736488854653,0.13100477122115706,0.12412536025292553,0.11731463818593824,0.11057787803205343,0.1039201117139612,0.09734612281689436,0.09086043992836323,0.08446733050289623,0.07817079518266468,0.07197456251511625,0.06588208408227558,0.05989653022398045,0.054020786641387986,0.04825745206776588,0.04260883705810414,0.037076963897888504,0.03166356757671451,0.026370097731074793,0.021197721485904708,0.016147327152893354,0.011219528712928195,0.006414670958520219,0.0017328351830201427,-0.0028261546441399332,-0.0072627252694559274,-0.011577547202350047,-0.015771527518865014,-0.0198458024469943,-0.02380172959537674,-0.027640879610864033,-0.0313650271409287,-0.03497614108169245,-0.03847637414810379,-0.04186805185609188,-0.04515366101015417,-0.04833583775664607,-0.051417355277628474,-0.05440111121917113,-0.05729011491422398,-0.060087474431391286,-0.0627963834920493,-0.06542010833638301,-0.0679619746130058,-0.07042535432471908,-0.07281365287251873,-0.07513029627715895,-0.07737871864694768,-0.07956234990803068,-0.08168460378875864,-0.08374886611261445,-0.08575848351321724,-0.08771675262992318,-0.08962690975970844,-0.09149212093107195,-0.09331547239479931,-0.09509996156876355,-0.09684848852035799,-0.09856384806479213,-0.10024872250617989,-0.10190567500895042,-0.10353714357054855,-0.10514543557231804,-0.10673272289037072,-0.10830103755007059,-0.10985226792060132,-0.1113881554440539,-0.11291029188218005,-0.11442011706574817,-0.11591891713728586,-0.11740782327315458,-0.11888781086972955,-0.12035969919803335,-0.12182415153687032,-0.12328167577964422,-0.124732625515378,-0.1261772015871898,-0.12761545411587605,-0.12904728499282925,-0.1304724508622499,-0.1318905665592922,-0.13330110890712632,-0.1347034207842981,-0.13609671541482982,-0.13748008085550367,-0.13885248468159261,-0.14021277890494588,-0.1415597051638784,-0.14289190019459852,-0.1442079015468707,-0.14550615345939377,-0.14678501281910883,-0.14804275517817445,-0.1492775808179374,-0.15048762082584233,-0.15167094310728402,-0.1528255582517417,-0.15394942524333288,-0.15504045704799552,-0.15609652606879365,-0.15711546939570553,-0.15809509377288578,-0.1590331802663485,-0.1599274886397808,-0.1607757614045937,-0.16157572746573123,-0.16232510532660882,-0.1630216059940821,-0.16366293589092606,-0.16424680004209335,-0.1647709056064528,-0.16523296567952883,-0.16563070327916307,-0.16596185548828402,-0.16622417778098963,-0.16641544855789192,-0.1665334738957185,-0.16657609250521688,-0.16654118087361525,-0.16642665853300542,-0.166230493363706,-0.16595070685875868,-0.16558537932009187,-0.16513265496640628,-0.16459074693914744,-0.16395794221261895,-0.16323260641004111,-0.16241318851900388,-0.16149822550950432,-0.1604863468596136,-0.15937627899268136,-0.1581668496426616,-0.1568569921659062,-0.15544574978195413,-0.1539322796752245,-0.15231585688484017,-0.15059587795298768,-0.14877186432863,-0.14684346552123628,-0.14481046201165526,-0.14267276793559347,-0.14043043354625695,-0.13808364748184943,-0.13563273887880456,-0.13307817933841193,-0.13042058474894702,-0.12766071699131487,-0.12479948554670273,-0.12183794901638834,-0.1187773165469892,-0.11561894908351178,-0.11236436032800157,-0.10901521733917008,-0.10557334077834213,-0.10204070480897087,-0.09841943662653563,-0.09471181560056152,-0.09092027203585928,-0.08704738556507152,-0.08309588318228123,-0.07906863692166866,-0.07496866114861689,-0.07079910938306,-0.06656327056266065,-0.062264564664971545,-0.05790653762004894,-0.053492855460042676,-0.04902729765773017,-0.04451374959708687,-0.03995619412086171,-0.03535870217510961,-0.030725422774068534,-0.026060572653435088,-0.02136842586462251,-0.0166533033628653,-0.011919562562169972,-0.007171586814685327,-0.002413774761684806,0.0023494704972435443,0.007113752439117604,0.011874692240169793,0.01662793967110332,0.021369183436341643,0.02609416081214988,0.03079866658702457,0.03547856134944993,0.0401297791699875,0.04474833472778528,0.04933032992661879,0.05387196002742911,0.05836951932266743,0.0628194063974874,0.06721812903187185,0.07156230879591163,0.07584868539282752,0.0800741208090443,0.08423560332616375,0.0883302514331632,0.09235531766911009,0.0963081923964566,0.10018640744082319,0.10398763950318113,0.10770971325522538,0.11135060402686037,0.11490844003399303,0.1183815041656544,0.1217682353751286,0.12506722968628736,0.12827724077518354,0.1313971800815068,0.13442611644003222,0.13736327525865732,0.140208037304987,0.14295993716849154,0.1456186613968029,0.14818404621222214,0.15065607468785913,0.1530348733129543,0.15532070793714325,0.1575139791058291,0.15961521683828295,0.16162507503742063,0.16354432581529466,0.16537385392987147,0.16711465139483295,0.16876781225653303,0.17033452748185596,0.17181607984407066,0.17321383866740092,0.17452925434938038,0.17576385271737394,0.17691922943109972,0.1779970446936261,0.17899901842167054,0.1799269258855105,0.18078259374152594,0.1815678963167926,0.18228475200798755,0.18293511970124143,0.18352099513301567,0.1840444071632703,0.18450741411280802,0.1849121004512142,0.18526057399314766,0.18555496354482415,0.18579741687263862,0.1859900988657941,0.18613518974328258,0.18623488315574832,0.18629138406348744,0.18630690628233282,0.18628366966505183,0.18622389711560317,0.18612981173740195,0.18600363421166577,0.18584758029711423,0.1856638583283967,0.18545466660089005,0.18522219049876298,0.1849685992331871,0.1846960421211037,0.18440664444195676,0.1841025030569199,0.1837856820374526,0.18345820845332383,0.18312206833876132,0.18277920277946436,0.18243150400103048,0.18208081130569553,0.18172890674277653,0.18137751046192108,0.1810282757438344,0.18068278381223735,0.18034253868088257,0.18000896229389696,0.17968339008032785,0.17936706692628235,0.17906114351406188,0.1787666729684787,0.17848460776572495,0.17821579686183497,0.1779609829884805,0.17772080006222524,0.17749577065807642,0.17728630352079477,0.17709269113765913,0.17691510743966177,0.17675360569644027,0.17660811663708387,0.17647844677183144,0.17636427684264788,0.17626516033955397,0.1761805220490018,0.17610965665843992,0.17605172751557063,0.1760057656430547,0.17597066908331271,0.17594520268494307,0.17592799848222995,0.17591755679347187,0.17591224807554084,0.17591031540683844,0.17590987734478603,0.1759089310093671,0.1759053554550576,0.1758969154818999,0.1758812660276874,0.17585595717390845,0.17581843958758725,0.17576607015673318,0.17569611775923732,0.1756057692905415,0.17549213611490444,0.17535226100905277,0.17518312546996384,0.17498165716236258,0.174744737421193,0.1744692089024582,0.17415188351485256,0.17378955068480906,0.1733789858383119,0.17291695886109437,0.17240024240709317,0.17182562013686464,0.17118989506144544,0.17048989812546722,0.1697224970098361,0.16888460493623825,0.16797318922702686,0.16698527956480547,0.165917976058239,0.1647684572407968,0.16353398812455566,0.16221192837432596,0.16079974044406953,0.15929499734546226,0.15769538985638576,0.1559987332150925,0.15420297340301659,0.15230619306202442,0.15030661708637894,0.1482026179938032,0.1459927212090335,0.14367561028036846,0.14125013184526836,0.1387153000831134,0.13607030052219216,0.13331449324669364,0.13044741562318052,0.1274687846393121,0.12437849889962393,0.12117664030009223,0.11786347540004272,0.11443945651118526,0.11090522252077761,0.10726159947699188,0.10350960098968187,0.09965042851450079,0.09568547158200147,0.09161630801326481,0.08744470414351468,0.08317261504808471,0.07880218473460587,0.07433574627281558,0.06977582186573272,0.0651251228555978,0.06038654962478063,0.055563191358757535,0.05065832565686179,0.045675417956204,0.040618120720871786,0.035490272356611285,0.030295895807753936,0.02503919679139699,0.01972456162714309,0.014356554639739727,0.008939915132899046,0.003479553920108458,-0.002019450639174636,-0.007551857173112353,-0.013112266481734025,-0.018695127458542515,-0.02429474383512087,-0.029905281829684327,-0.035520778778796114,-0.0411351527576187,-0.04674221300423653,-0.05233567083722335,-0.057909150857632596,-0.06345620241593508,-0.06897031141579646,-0.07444491255206032,-0.07987340206053517,-0.08524915091518892,-0.0905655182146674,-0.09581586447568924,-0.10099356472168353,-0.10609202140781804,-0.11110467727517914,-0.11602502818515603,-0.12084663578622923,-0.1255631396803878,-0.13016826884617672,-0.13465585232722077,-0.13901982936464918,-0.1432542591709165,-0.14735333047845955,-0.1513113709357441,-0.1551228563276723,-0.15878241941456395,-0.16228485809831739,-0.16562514279239338,-0.16879842308891568,-0.17180003385838205,-0.17462550085983963,-0.17727054591893676,-0.1797310917667616,-0.18200326667834332,-0.18408340906397314,-0.18596807213562272,-0.18765402868115189,-0.18913827580872322,-0.19041803939230562,-0.19149077801870362,-0.19235418643151547,-0.1930061985991003,-0.19344499054119524,-0.19366898297873547,-0.19367684381276007,-0.19346749042762923,-0.19304009182038584,-0.192394070568767,-0.19152910467416717,-0.1904451293366094,-0.18914233871502972,-0.18762118770517588,-0.185882393752955,-0.18392693871417265,-0.1817560707499979,-0.1793713062300526,-0.17677443163182716,-0.17396750546294015,-0.1709528602601722,-0.16773310472897407,-0.1643111260590686,-0.16069009231537734,-0.15687345458788826,-0.15286494852754373,-0.14866859509636043,-0.1442887005431004,-0.13972985560531725,-0.13499693388164502,-0.13009508934595004,-0.1250297530397475,-0.11980662898967154,-0.11443168932981251,-0.10891116855974303,-0.10325155691034382,-0.09745959284816053,-0.09154225474198796,-0.0855067516977357,-0.07936051361625829,-0.07311118056725974,-0.06676659152746822,-0.06033477250712593,-0.05382392412121817,-0.047242408648152434,-0.040598736584996686,-0.033901552723712314,-0.02715962178398712,-0.020381813622911693,-0.013577088064039344,-0.0067544794320753,7.691913557295038e-05,0.006907971568878679,0.013729514902351525,0.020532375435500683,0.0273073850425547,0.03404539770899362,0.04073730634549122,0.04737405989385479,0.05394668077448728,0.06044628276524833,0.06686408930706733,0.07319145197632793,0.07941986872739193,0.08554100167656031,0.0915466944401544,0.09742898914107911,0.10318014318883684,0.10879264583752501,0.1142592343323301,0.11957290934379472,0.12472694951772212,0.12971492515907102,0.13453071114447823,0.1391684991601494,0.14362280935107208,0.14788850141393795,0.1519607850015845,0.15583522916976733,0.1595077706928265,0.16297472126078105,0.1662327736340501,0.16927900682723873,0.1721108904012283,0.17472628793042588,0.17712345966472043,0.17930106434427984,0.1812581600360943,0.18299420379656794,0.18450905001728302,0.18580294744127457,0.18687653492821,0.18773083607612762,0.18836725280513633,0.1887875579889453,0.1889938872181176,0.18898872980472703,0.18877491913639943,0.18835562246157878,0.18773433019001118,0.18691484480121545,0.1859012694422617,0.18469799628466177,0.18330969469861458,0.1817412992955667,0.17999799791343207,0.1780852196324645,0.17600862286455765,0.17377408352363233,0.17138768331289356,0.16885569818603585,0.16618458700828853,0.16338098042678695,0.1604516699917795,0.1574035975640058,0.154243844979014,0.15097962392280095,0.14761826602684636,0.144167213220058,0.14063400833143191,0.13702628587346766,0.1333517629345522,0.12961823017344898,0.12583354295983185,0.12200561269322918,0.11814239828336781,0.11425189772183586,0.11034213964643413,0.10642117479918767,0.10249706728183838,0.09857788554376867,0.09467169308906165,0.09078653888243338,0.0869304473784922,0.08311140810544515,0.07933736489513166,0.07561620504237965,0.07195574864651633,0.06836373817626651,0.06484782815827828,0.061415574879916335,0.058074426015572556,0.0548317100874911,0.051694625718539555,0.04867023077526511,0.0457654316785181,0.04298697319591582,0.0403414288587669,0.03783519197114771,0.03547446711898772,0.0332652620686531,0.031213379950735032,0.029324411652048354,0.027603728341581757,0.02605647410830869,0.02468755887553442,0.02350165187854003,0.022503175863100466,0.021696301992513156,0.02108494541968753,0.020672761494672898,0.02046314256108417,0.02045921527768968,0.02066383841588504,0.02107960110127749,0.02170882147505182,0.022553545758498217,0.023615547690063465,0.02489632829497168,0.02639711596139449,0.028118866811780663,0.030062265358360207,0.032227725411630104,0.034615391200340184,0.03722513865898236,0.040056576817868006,0.04310904923877246,0.0463816354738924,0.04987315252985525,0.05358215629468788,0.05750694288935421,0.06164554993357285,0.0659957577160526,0.07055509024554141,0.0753208161734662,0.08028994959629898,0.08545925074276539,0.09082522655124592,0.09638413114974043,0.10213196624761878,0.10806448145206105,0.11417717454324361,0.12046529174910603,0.12692382805429503,0.1335475275811575,0.14033088408452699,0.14726814158805723,0.15435329516971308,0.16158009190004918,0.16894203196191881,0.1764323700218,0.1840441169405551,0.1917700419044408,0.19960267507139662,0.20753431084479956,0.21555701188709975,0.22366261398198617,0.23184273180875437,0.24008876553231318,0.24839190793490928,0.2567431518430112,0.2651332978005527,0.27355296209184843,0.2819925852621594,0.2904424412691071,0.2988926473554656,0.30733317463222676,0.31575385918923615,0.32414441348333156,0.332494437908899,0.3407934326345412,0.3490308098401087,0.35719590647562427,0.36527799757474355,0.37326630997230836,0.3811500361791076,0.3889183482858769,0.3965604119600883,0.4040654006863065,0.4114225103973794,0.41862097455706504,0.4256500795315219,0.4324991799166611,0.43915771358833666,0.4456152164634304,0.4518613370805724,0.45788585113902514,0.46367867613952285,0.4692298862514761,0.47452972745289657,0.4795686328232591,0.4843372377145556,0.4888263945436151,0.4930271871059446,0.496930944426083,0.500529254173486,0.5038139756660485,0.506777252510858,0.5094115249484048,0.5117095419280133,0.5136643729098012,0.5152694194292167,0.5165184264974059,0.5174054938673578,0.5179250871423235,0.518072048715041,0.5178416085801629,0.5172293950672824,0.5162314454664667,0.514844216478096,0.5130645944751535,0.5108899056190239,0.5083179258499158,0.5053468907107046,0.5019755049255679,0.498202951678941,0.49402890158595625,0.48945352135918085,0.48447748216592146,0.47910196765639057,0.4733286816075406,0.4671598550542484,0.46059825271598953,0.45364717854074144,0.4463104802630582,0.4385925529456074,0.4304983415070609,0.4220333422349398,0.413203603256342,0.40401572391090923,0.39447685294476287,0.3845946854362694,0.37437745837017644,0.36383394477603304,0.35297344633504224,0.3418057843658602,0.33034128920659356,0.3185907882184651,0.3065655927121753,0.2942774839173836,0.28173869791723405,0.2689619094183584,0.2559602142541948,0.2427471106527861,0.22933647947429137,0.21574256358999833,0.20197994636042438,0.18806352906432977,0.17400850725024242,0.15983034621412884,0.14554475588560933,0.1311676652240692,0.11671519603515179,0.10220363613517236,0.08764941197645726,0.07306906098266097,0.05847920376501747,0.043896516211404446,0.02933770137310887,0.014819461198136707,0.00035846834416730644,-0.014028661703328282,-0.02832539817924129,-0.042515322373823494,-0.056582154831794185,-0.07050978229684546,-0.0842822841277524,-0.0978839579725772,-0.11129934468951319,-0.12451325264582636,-0.13751078146697893,-0.15027734508907997,-0.16279869383796353,-0.17506093534798595,-0.18705055428821282,-0.1987544309627367,-0.21015985891262545,-0.22125456165825597,-0.23202670864907304,-0.2424649303216242,-0.2525583319933489,-0.2622965063373002,-0.2716695443846362,-0.2806680451402883,-0.2892831238798763,-0.2975064191395731,-0.3053300984277385,-0.31274686275908437,-0.31974995014660124,-0.32633313816079834,-0.33249074564107417,-0.3382176336184912,-0.34350920541820784,-0.3483614058147282,-0.35277071915093217,-0.3567341664518153,-0.36024930162625424,-0.3633142068346942,-0.3659274870968474,-0.36808826424027075,-0.36979617028318046,-0.37105134030949216,-0.37185440487982646,-0.3722064820111157,-0.3721091687402236,-0.3715645322760537,-0.3705751007412559,-0.36914385353959034,-0.36727421144757955,-0.3649700265261302,-0.3622355718718282,-0.35907553119357516,-0.35549498825995585,-0.3514994163057352,-0.3470946674239528,-0.3422869619093589,-0.33708287755123933,-0.331489338917045,-0.3255136066423816,-0.31916326670629047,-0.31244621968698283,-0.30537067003334073,-0.29794511539358126,-0.29017833598582143,-0.2820793839249447,-0.2736575723988395,-0.2649224646141306,-0.2558838624767432,-0.2465517949789131,-0.23693650623362572,-0.2270484431559936,-0.216898242969215,-0.20649672078592118,-0.1958548573635639,-0.18498378695990425,-0.17389478519441326,-0.1625992568614194,-0.1511087236728912,-0.13943481202914398,-0.12758924104894476,-0.11558381103036197,-0.10343039231051421,-0.09114091436628513,-0.0787273549970493,-0.06620172952666792,-0.0535760801596723,-0.040862465733432884,-0.0280729519654912,-0.015219602100202678,-0.002314467785915042,0.010630419961756843,0.023603059722844932,0.03659148838997339,0.04958378944581199,0.06256810078082964,0.07553262217268042,0.0884656225898226,0.10135544750500713,0.11419052637227622,0.12695938025995446,0.1396506294435511,0.15225300075031356,0.16475533461645142,0.17714659196549576,0.18941586106356567,0.20155236451915215,0.2135454665901051,0.2253846809232627,0.23705967873947742,0.2485602972761427,0.25987654822767325,0.2709986260958459,0.28191691653629647,0.2926220048336958,0.3031046846420793,0.3133559671136368,0.3233670905292172,0.33312953053017935,0.34263501092280535,0.3518755148216641,0.3608432958562915,0.36953088934592415,0.3779311235100522,0.38603713076781787,0.39384235910910803,0.40134058353311275,0.4085259176080527,0.4153928252357417,0.42193613265462204,0.42815104052893105,0.43403313578262015,0.4395784028722858,0.44478323437608225,0.4496444408733993,0.45415926009145124,0.45832536526800993,0.46214087267296833,0.46560434827068775,0.46871481354694566,0.47147175053866164,0.4738751060808326,0.4759252952362374,0.47762320385671586,0.4789701902595027,0.4799680860438684,0.48061919608040427,0.4809262976880362,0.48089263897887236,0.48052193629941087,0.479818370671957,0.4787865831821989,0.4774316693215255,0.47575917230328457,0.4737750753553911,0.47148579298479376,0.4688981611858267,0.46601942654080375,0.4628572341548107,0.45941961435067924,0.45571496804046774,0.4517520507469186,0.44753995540965974,0.44308809425874784,0.4384061799774557,0.43350420618419605,0.4283924271407642,0.42308133655861724,0.4175816454584833,0.41190425927424457,0.40606025455588934,0.4000608555230727,0.39391741051963436,0.3876413683310176,0.38124425430689257,0.374737646275328,0.3681331504420484,0.36144237763431164,0.35467692012345253,0.3478483290587491,0.3409680924791658,0.33404761384602466,0.3270981910232251,0.32013099564662895,0.31315705285013706,0.3061872214255672,0.2992321746762485,0.29230238224399585,0.2854080929936771,0.2785593188831399,0.271765819762706,0.265037089111523,0.2583823406902823,0.25181049603789774,0.2453301727858701,0.23894967383048993,0.2326769773694508,0.22651972772731455,0.22048522687401118,0.2145804266090039,0.20881192143972527,0.2031859421472717,0.19770834996038644,0.19238463123664218,0.18721989256903981,0.18221885624476641,0.17738585599246903,0.17272483299072405,0.1682393321754745,0.16393249900777818,0.15980707695618435,0.15586540587007391,0.15210942127366422,0.14854065454994725,0.1451602339794249,0.1419688865801021,0.1389669406904872,0.13615432925040238,0.1335305937328144,0.13109488868635566,0.12884598685998583,0.12678228488770316,0.12490180951968455,0.12320222440231987,0.12168083742904656,0.12033460868882173,0.11916015901688581,0.1181537791084395,0.11731143912304987,0.11662879871539644,0.11610121746779356,0.11572376572850374,0.1154912358435638,0.11539815373216555,0.1154387907633776,0.11560717593040692,0.11589710830507016,0.11630216972049112,0.11681573765057607,0.1174309982686097,0.11814095964579963,0.11893846506398376,0.11981620643302193,0.12076673778514646,0.12178248881706111,0.12285577846311924,0.12397882847795216,0.12514377700110657,0.12634269207823934,0.1275675851142637,0.12881042424526612,0.13006314763106985,0.13131767665669258,0.13256592902115472,0.13379983170967336,0.13501133384181685,0.13619241938816629,0.13733511977878265,0.1384315264230267,0.13947380312473,0.14045419837925266,0.14136505756583517,0.14219883504041775,0.14294810611173858,0.14360557891000525,0.1441641062038812,0.14461669721324455,0.14495652942060389,0.14517696038262784,0.14527153957477879,0.14523402033474042,0.145058371991432,0.1447387921941612,0.14426971925535526,0.1436458441776196,0.14286212209544402,0.14191378301747193,0.1407963418839202,0.13950560801197298,0.1380376940083181,0.13638902422724897,0.134556342844796,0.13253672161147279,0.13032756733072404,0.12792662901231466,0.1253320044774,0.12254214612173087,0.11955586565600385,0.1163723377939121,0.11299110291545134,0.10941206871061837,0.10563551077207478,0.10166207210660616,0.09749276156163234,0.09312895117797382,0.08857237251003625,0.08382511200108667,0.07888960549944102,0.07376863194103578,0.06846530618012281,0.0629830709659771,0.05732568811745864,0.05149722897746756,0.04550206418279146,0.03934485272491628,0.033030530297082805,0.026564296981646862,0.019951604320340266,0.013198141768263838,0.00630982259127677,-0.0007072306328765876,-0.007846700762861758,-0.015102091024466802,-0.022466740072914604,-0.02993383711137909,-0.037496437009586714,-0.04514747539673181,-0.052879783680232606,-0.06068610394394369,-0.06855910372231477,-0.07649139063115484,-0.08447552679507453,-0.09250404303643478,-0.10056945281996121,-0.10866426592227185,-0.1167810017862223,-0.1249122025336078,-0.13305044559552215,-0.14118835592333312,-0.14931861778043043,-0.15743398609710368,-0.16552729732839566,-0.17359147977784772,-0.1816195633873008,-0.18960468898805516,-0.19754011701400742,-0.2054192357142952,-0.21323556889741724,-0.22098278319903386,-0.228654694873903,-0.2362452761416094,-0.24374866109982918,-0.25115915118510657,-0.25847122017979984,-0.2656795188203702,-0.2727788790597643,-0.2797643179714129,-0.2866310412555606,-0.2933744463474568,-0.299990125172954,-0.3064738666151996,-0.31282165873912504,-0.31902969076217147,-0.32509435471163073,-0.3310122467371812,-0.33678016810686984,-0.34239512593281773,-0.3478543336624824,-0.3531552113343892,-0.3582953855239168,-0.3632726888952007,-0.3680851593522334,-0.3727310388344236,-0.37720877180966284,-0.38151700351482987,-0.38565457797327696,-0.3896205358093141,-0.39341411188314623,-0.3970347327535606,-0.4004820139621046,-0.40375575714014644,-0.40685594694448923,-0.40978274783130786,-0.41253650068968994,-0.4151177193529989,-0.41752708699379326,-0.4197654524085621,-0.4218338262101966,-0.4237333769541394,-0.42546542721815683,-0.42703144963613227,-0.428433062880643,-0.42967202759352574,-0.43075024224109626,-0.4316697388612596,-0.43243267869584656,-0.43304134769243063,-0.4334981518407446,-0.4338056123380909,-0.433966360642728,-0.43398313351033124,-0.43385876805879775,-0.43359619684575534,-0.4331984429314133,-0.4326686148875041,-0.4320099017395478,-0.4312255679015209,-0.4303189481744667,-0.42929344282760695,-0.4281525127273511,-0.42689967445415533,-0.4255384953741981,-0.42407258870512976,-0.4225056086628385,-0.42084124573034387,-0.41908322199574854,-0.4172352864950355,-0.41530121054356783,-0.4132847830506634,-0.41118980584181486,-0.4090200890623308,-0.40677944669353394,-0.40447169212635004,-0.4021006337052242,-0.3996700701764624,-0.3971837860273624,-0.3946455467682526,-0.39205909422768315,-0.3894281418891481,-0.3867563702530461,-0.38404742217345245,-0.3813048981088869,-0.3785323512412404,-0.37573328242413595,-0.3729111349611145,-0.3700692892774171,-0.36721105753945693,-0.36433967821081836,-0.36145831050022537,-0.35857002866461585,-0.3556778162117169,-0.35278456019362636,-0.34989304582244785,-0.3470059515222914,-0.3441258444465447,-0.34125517649793125,-0.33839628089037177,-0.3355513692620775,-0.3327225293163707,-0.3299117229545274,-0.32712078487714535,-0.3243514216255292,-0.32160521102934325,-0.3188836020426322,-0.316187914948749,-0.3135193419060158,-0.31087894780800696,-0.30826767143067,-0.30568632684369845,-0.3031356050795395,-0.30061607605151863,-0.29812819069027086,-0.2956722832657377,-0.29324857388817094,-0.29085717118676513,-0.28849807514524883,-0.2861711800651392,-0.2838762776356276,-0.28161306011178056,-0.27938112361447054,-0.2771799715458698,-0.2750090180989062,-0.2728675918432941,-0.270754939379394,-0.26867022906616,-0.26661255482727597,-0.2645809400195276,-0.2625743413595174,-0.260591652919274,-0.25863171018851716,-0.256693294192047,-0.25477513565820686,-0.2528759192527019,-0.25099428789281575,-0.24912884713334194,-0.24727816960572824,-0.24544079947860808,-0.24361525687024965,-0.24180004214009898,-0.23999364003597634,-0.2381945237152152,-0.23640115864434108,-0.23461200635094315,-0.2328255280223246,-0.23104018798014891,-0.2292544570536279,-0.22746681584914796,-0.22567575791089922,-0.22387979278413894,-0.22207744899611015,-0.22026727695549653,-0.2184478517812849,-0.21661777610315625,-0.21477568286791637,-0.21292023816542383,-0.21105014409744882,-0.2091641417052159,-0.20726101396426344,-0.20533958888236015,-0.20339874274575465,-0.20143740355891282,-0.1994545547215978,-0.19744923896263344,-0.19542056254839935,-0.19336769980088064,-0.19128989788279682,-0.18918648161491802,-0.18705685796837912,-0.1849005200018965,-0.18271705023878582,-0.18050612354657858,-0.17826750954266402,-0.17600107456220826,-0.17370678328508404,-0.1713847001387947,-0.16903499055414528,-0.16665792210044827,-0.16425386547032161,-0.16182329520557204,-0.15936679000615328,-0.15688503249356245,-0.15437880837512097,-0.1518490050199759,-0.14929660952576995,-0.14672270640899399,-0.14412847503663784,-0.14151518685643083,-0.13888420243964816,-0.13623696835276178,-0.13357501389024407,-0.1308999476962427,-0.12821345428731945,-0.12551729047402205,-0.12281328168425887,-0.12010331821525,-0.1173893514464126,-0.11467339004129684,-0.11195749615533401,-0.10924378164098414,-0.10653440424115246,-0.103831563792113,-0.10113749844990139,-0.09845448092182352,-0.09578481469846167,-0.09313083029463343,-0.0904948814902582,-0.08787934154045729,-0.08528659931731397,-0.08271905535907109,-0.08017911778508591,-0.07766919797202121,-0.07519170585207036,-0.07274904477016264,-0.07034360604252043,-0.06797776351836404,-0.06565386840184573,-0.06337424444931372,-0.06114118353160336,-0.05895694144451369,-0.056823733812173316,-0.054743731981204746,-0.05271905886986161,-0.05075178475080122,-0.04884392292304085,-0.046997425228667566,-0.045214177395706656,-0.043495994202899624,-0.041844614515426315,-0.04026169633895904,-0.03874881207162417,-0.03730744406531983,-0.035938980508241514,-0.034644711593145416,-0.03342582596155097,-0.03228340742253977,-0.03121843191826912,-0.03023176471722877,-0.029324157834658138,-0.028496247674631547,-0.027748552882847832,-0.027081472404312024,-0.026495283748815268,-0.02599014146534273,-0.025566075814495548,-0.025222991629533453,-0.024960667376348056,-0.024778754430812455,-0.02467677658046341,-0.024654129748448383,-0.02471008193990798,-0.0248437734160305,-0.02505421710989708,-0.025340299296686908,-0.02570078052573166,-0.026134296820032432,-0.026639361151126195,-0.027214365205438185,-0.02785758145708428,-0.028567165559785224,-0.029341159073041467,-0.030177492535216288,-0.03107398890170998,-0.03202836736801373,-0.03303824759182561,-0.03410115432673422,-0.03521452248465806,-0.03637570262483791,-0.0375819668130859,-0.03883051476800148,-0.04011848022978626,-0.04144293751944872,-0.04280090829880123,-0.04418936856684752,-0.04560525591528375,-0.04704547704159978,-0.04850691547791541,-0.04998643944117731,-0.051480909721817625,-0.05298718759730292,-0.05450214280227783,-0.0560226615733157,-0.05754565472692974,-0.05906806567711698,-0.06058687831244214,-0.062099124711004094,-0.06360189270599648,-0.06509233330329778,-0.06656766793101809,-0.0680251954755704,-0.06946229902994361,-0.07087645229643158,-0.07226522563304627,-0.07362629175271707,-0.07495743108622577,-0.0762565368290069,-0.07752161969352045,-0.07875081237714454,-0.0799423737362801,-0.08109469262087998,-0.08220629130787671,-0.08327582852228943,-0.08430210207784938,-0.08528405115322357,-0.08622075820753139,-0.08711145055389835,-0.08795550161161003,-0.08875243184427006,-0.08950190940052494,-0.09020375049161089,-0.09085791953533118,-0.09146452907578606,-0.09202383947607018,-0.09253625837870771,-0.09300233993361218,-0.09342278378757385,-0.09379843382369302,-0.09413027663381257,-0.09441943969400057,-0.09466718924633,-0.09487492796078811,-0.09504419247700469,-0.09517665088527849,-0.09527410014200655,-0.09533846336375973,-0.09537178695320137,-0.0953762375912035,-0.09535409919410398,-0.09530776990854406,-0.0952397591491092,-0.09515268464365789,-0.09504926947418113,-0.09493233917584121,-0.09480481897953297,-0.09466973115693378,-0.09453019223078485,-0.09438940974919063,-0.09425067846405,-0.09411737592580494,-0.09399295753357961,-0.09388095102599436,-0.09378495040429868,-0.09370860933015734,-0.09365563405690125,-0.09362977592450505,-0.09363482341996132,-0.09367459381428489,-0.09375292442551597,-0.0938736635630022,-0.09404066115995136,-0.09425775908666623,-0.09452878119980568,-0.09485752319658047,-0.09524774228103894,-0.09570314664612312,-0.09622738483148652,-0.09682403500740833,-0.09749659418370982,-0.098248467357827,-0.09908295666902944,-0.1000032506206523,-0.10101241337775946,-0.10211337414255439,-0.10330891665670805,-0.10460166889932054,-0.10599409300578344,-0.10748847540089201,-0.10908691720401009,-0.11079132501198785,-0.11260340209901187,-0.1145246400123483,-0.11655631054630788,-0.11869945810742877,-0.12095489254289049,-0.12332318253137231,-0.1258046495908829,-0.12839936271610952,-0.13110713365438187,-0.13392751281941173,-0.1368597858282783,-0.1399029706645365,-0.1430558154989683,-0.14631679717869162,-0.1496841203472954,-0.1531557171556912,-0.15672924755167372,-0.16040210014343614,-0.1641713936192133,-0.16803397870533843,-0.17198644067696733,-0.17602510246732095,-0.18014602843225447,-0.18434502883727788,-0.1886176651109963,-0.19295925582811435,-0.19736488336547353,-0.20182940123654447,-0.20634744212041056,-0.21091342654907663,-0.21552157221655222,-0.22016590390756363,-0.224840264022383,-0.229538323656179,-0.23425359422187597,-0.23897943960093926,-0.24370908877394015,-0.24843564888529812,-0.25315211870859144,-0.2578514024808669,-0.26252632407570076,-0.2671696414863973,-0.2717740615952877,-0.27633225520235527,-0.28083687227702114,-0.285280557390422,-0.2896559652752799,-0.29395577646401705,-0.2981727129837566,-0.30229955409630094,-0.3063291520432756,-0.31025444773836597,-0.3140684863609593,-0.3177644328153093,-0.32133558701735865,-0.3247753989695852,-0.3280774835827245,-0.33123563520395294,-0.33424384181947175,-0.3370962989037949,-0.3397874228710407,-0.34231186406346126,-0.34466451922288144,-0.34684054340838344,-0.3488353613196722,-0.3506446779891448,-0.3522644888221933,-0.3536910889685885,-0.35492108198216954,-0.3559513877049483,-0.3567792493206525,-0.35740223952169003,-0.3578182657118347,-0.3580255741685221,-0.35802275309104914,-0.35780873445254,-0.35738279463458156,-0.35674455397457194,-0.3558939755006847,-0.35483136314107355,-0.3535573595714965,-0.35207294372110454,-0.35037942785404397,-0.34847845409809963,-0.3463719903143385,-0.3440623252525228,-0.34155206296036766,-0.33884411642701906,-0.3359417005132386,-0.3328483243727405,-0.3295677836581703,-0.3261041526970416,-0.32246177665184206,-0.31864526361535894,-0.3146594765884956,-0.3105095252733605,-0.30620075761781607,-0.30173875106496695,-0.29712930348160427,-0.2923784237889038,-0.2874923223323549,-0.2824774009625983,-0.277340242767977,-0.2720876014524194,-0.2667263903774497,-0.2612636712708678,-0.25570664261589116,-0.25006262773273136,-0.24433906252421878,-0.23854348284475435,-0.23268351147826394,-0.22676684473346853,-0.22080123866359713,-0.2147944949098246,-0.20875444618039296,-0.20268894138739313,-0.19660583045580893,-0.19051294883296066,-0.18441810174034146,-0.17832904819283613,-0.17225348480719305,-0.1661990294431348,-0.16017320473527263,-0.15418342157181542,-0.14823696256325292,-0.1423409655497636,-0.1365024072043184,-0.1307280867876841,-0.12502461012388721,-0.1193983738604274,-0.11385555004927284,-0.10840207109440314,-0.10304361514972271,-0.09778559205845028,-0.09263312990731976,-0.0875910622458278,-0.08266391600668044,-0.07785590018943367,-0.07317089537669119,-0.06861244411565082,-0.06418374219866507,-0.05988763092675242,-0.05572659045920858,-0.051702734336167566,-0.047817805259853685,-0.04407317222180751,-0.04046982905840224,-0.03700839448772797,-0.033689113536873094,-0.030511860058773266,-0.02747614002569776,-0.02458109552489418,-0.021825509578100366,-0.01920781190165144,-0.016726085649303002,-0.014378075167336135,-0.012161194800548003,-0.010072538673874476,-0.008108891199185564,-0.006266738064425681,-0.004542277630299907,-0.0029314327718523714,-0.0014298632339304618,-3.29785705233121e-05,0.0012640483037245076,0.0024662670429052014,0.003578935557271734,0.004607505774359311,0.005557609595413737,0.0064350449884926775,0.007245762129436173,0.00799584951319332,0.008691519952400029,0.009339096371093092,0.009944997292670621,0.010515721964921454,0.011057835226537804,0.011577952375141365,0.012082724253744459,0.012578822608936946,0.01307292566561813,0.013571703824503345,0.014081805374964063,0.014609842136430018,0.015162375000983275,0.015745899374827843,0.016366830482105854,0.01703148848873326,0.017746083449999617,0.018516700097819694,0.019349282450100702,0.020249618237045297,0.02122332316918829,0.022275825060020793,0.02341234782593915,0.024637895412908506,0.025957235699017644,0.027374884418250645,0.028895089150651643,0.030521813428030953,0.03225872101489813,0.034109160425138896,0.0360761497254245,0.03816236168788123,0.040370109380020835,0.042701332271420256,0.04515758291375249,0.0477400142668003,0.05044936776604203,0.05328596222285853,0.05624968364730165,0.059339976075762024,0.06255583346094085,0.06589579269815005,0.0693579278861236,0.07293984588544333,0.07663868320950229,0.08045110431780245,0.08437330144700184,0.0884009961465182,0.09252944264716234,0.09675343313900697,0.1010673049649995,0.10546494956656005,0.10993982286385773,0.11448495682643767,0.11909297219019521,0.1237560923979828,0.1284661588782825,0.13321464774728042,0.13799268787593633,0.1427910800847556,0.1476003172133531,0.15241060496571635,0.1572118835445835,0.16199385009947065,0.16674598198176938,0.17145756068590146,0.17611769623719908,0.18071535183836573,0.18523936873171465,0.18967849130215342,0.19402139247585382,0.19825669950178337,0.20237302008654723,0.20635896859990766,0.2102031920058991,0.21389439537274768,0.21742136697381653,0.22077300301906888,0.2239383320828381,0.22690653932016858,0.22966699053399964,0.23220925612229593,0.23452313490682997,0.23659867771757348,0.23842621045729828,0.23999635641938255,0.24130005778085462,0.24232859625065117,0.24307361288003904,0.24352712707506186,0.24368155482518006,0.24352972612858537,0.24306490163430539,0.24228078854653745,0.24117155578829852,0.2397318483911306,0.23795680110175965,0.23584205123512447,0.23338375079240592,0.23057857780329272,0.2274237468407847,0.2239170187014068,0.22005670929104326,0.21584169777016626,0.21127143394099335,0.20634594479916046,0.20106584019878682,0.19543231759919166,0.18944716587051147,0.18311276816849897,0.1764321038905905,0.1694087497098451,0.16204687969889164,0.15435126456119974,0.14632726995758105,0.13798085391742632,0.12931856334334668,0.12034752960235551,0.11107546319861683,0.1015106475314198,0.09166193170613468,0.08153872232603021,0.07115097417088379,0.060509179659966605,0.049624357020626064,0.03850803712063566,0.02717224897073578,0.015629503934391664,0.003892778650246953,-0.008024503351641954,-0.020108491368880266,-0.03234492866203453,-0.04471917510346657,-0.05721623141204901,-0.06982076504417734,-0.08251713778249581,-0.09528943492934872,-0.10812149583222919,-0.12099694544840389,-0.13389922682602418,-0.14681163452475232,-0.15971734899804346,-0.1725994718084749,-0.1854410613685431,-0.19822516891799324,-0.2109348746365356,-0.2235533239341052,-0.23606376395264306,-0.24844958012893414,-0.26069433247504037,-0.27278179130055946,-0.2846959723275688,-0.2964211712643845,-0.307941997841354,-0.31924340912398463,-0.3303107417748805,-0.34112974300060017,-0.35168660009454555,-0.3619679686062298,-0.37196099920594605,-0.38165336330016686,-0.3910332774457643,-0.4000895265895821,-0.40881148601664563,-0.41718914173586796,-0.42521310904109555,-0.432874649108264,-0.44016568362997077,-0.44707880756232754,-0.45360730002911964,-0.45974513340038925,-0.46548698060890104,-0.47082822081640785,-0.4757649435455562,-0.48029395136566677,-0.48441276116146526,-0.48811960395847365,-0.49141342330988635,-0.49429387232294175,-0.49676130941308116,-0.498816792860552,-0.5004620742371273,-0.5016995907502846,-0.5025324565555849,-0.5029644530993167,-0.5030000185153867,-0.5026442360459171,-0.5019028214346832,-0.5007821092646836,-0.4992890382435533,-0.4974311354660941,-0.49521649971273973,-0.4926537838344345,-0.489752176216939,-0.48652138130293565,-0.4829715991633847,-0.4791135040773611,-0.47495822206941796,-0.47051730738091635,-0.4658027178350892,-0.4608267890700688,-0.4556022078027411,-0.4501419844999077,-0.444459425789681,-0.438568106722542,-0.4324818428516579,-0.4262146620738392,-0.41978077617578435,-0.41319455204152433,-0.4064704825048935,-0.3996231569543198,-0.3926672319964908,-0.38561740252258403,-0.378488373321332,-0.37129483120933315,-0.36405141762077164,-0.3567727016059692,-0.3494731531786215,-0.34216711694880786,-0.33486878601543424,-0.3275921762078866,-0.3203511009290736,-0.31315914689237445,-0.30602965090959344,-0.298975677736685,-0.29200999893978263,-0.2851450727612814,-0.2783930249772908,-0.27176563072143267,-0.2652742972268527,-0.25893004744366266,-0.2527435044941484,-0.24672487691293554,-0.24088394463215224,-0.2352300456948413,-0.229772063675874,-0.22451841578899945,-0.21947704165837933,-0.214655392718889,-0.21006042222682453,-0.20569857589408969,-0.20157578313502,-0.19769744888748164,-0.1940684460191875,-0.19069310837262066,-0.1875752244504767,-0.1847180316889876,-0.18212421130910172,-0.17979588382008416,-0.17773460525786788,-0.17594136417973516,-0.17441657940275945,-0.17316009848229896,-0.1721711969451576,-0.17144857831788585,-0.170990375002539,-0.17079415002212528,-0.17085689962831907,-0.17117505679999567,-0.1717444957109251,-0.17256053723612297,-0.17361795553259896,-0.17491098572077846,-0.17643333271517037,-0.1781781812740988,-0.1801382073463884,-0.18230559076560127,-0.18467202919684667,-0.1872287530645167,-0.18996654119244738,-0.192875737027407,-0.19594626542691174,-0.19916765006892945,-0.20252903158129243,-0.20601918645660078,-0.20962654678223203,-0.21333922083752554,-0.2171450146259346,-0.221031454390193,-0.22498581009349294,-0.22899511968331865,-0.23304621382312263,-0.23712574084264304,-0.24122019181383791,-0.2453159257658868,-0.24939919508691588,-0.253456171150809,-0.25747297020979687,-0.2614356795941788,-0.2653303842544261,-0.26914319368867723,-0.2728602693015816,-0.2764678522336297,-0.27995229167463975,-0.2833000735595732,-0.2864978493519743,-0.2895324645661361,-0.29239098682652553,-0.2950607333949691,-0.29752929813190576,-0.29978457787795776,-0.3018147982594215,-0.30360853892005935,-0.30515475818391735,-0.3064428171520035,-0.30746250322676616,-0.30820405306656085,-0.30865817497960535,-0.30881607075011175,-0.3086694568653101,-0.30821058510434085,-0.3074322624638697,-0.3063278703733303,-0.30489138305765096,-0.3031173848278428,-0.30100108612980847,-0.2985383383016966,-0.2957256470261811,-0.2925601844371002,-0.2890397998619605,-0.2851630292136207,-0.28092910301357676,-0.27633795298162056,-0.2713902171402225,-0.2660872434554449,-0.26043109208870874,-0.25442453630889617,-0.24807106203848406,-0.24137486592720592,-0.23434085180861075,-0.22697462542627989,-0.21928248736527678,-0.21127142413842392,-0.2029490973737822,-0.19432383107125872,-0.18540459702168732,-0.1762009986736146,-0.1667232537482093,-0.1569821756985732,-0.1469891539306758,-0.13675613262867614,-0.12629558801854301,-0.1156205040595566,-0.10474434682327427,-0.09368103789206828,-0.08244492690434413,-0.07105076318625692,-0.059513666382507324,-0.04784909605572807,-0.03607282038876747,-0.02420088428584677,-0.012249577091417052,-0.00023539992920973418,0.01182496745384043,0.02391470041597188,0.03601686361300693,0.04811444536468912,0.060190391937737786,0.0722276416771308,0.08420915904958548,0.0961179686984579,0.10793718955979159,0.11965006890464736,0.13124001600093038,0.1426906351486963,0.15398575802824865,0.1651094754225113,0.17604616841344978,0.18678053913500037,0.19729764108726755,0.2075829088353487,0.21762218675775813,0.2274017565841504,0.23690836365027934,0.24612924189643337,0.2550521376560937,0.26366533228550537,0.27195766367335494,0.27991854665526716,0.2875379923707442,0.2948066266017406,0.3017157071065668,0.308257139967111,0.3144234949693825,0.32020802000979387,0.325604654520788,0.3306080418856894,0.3352135407154364,0.3394172348289146,0.34321594186561555,0.34660722049365233,0.3495893761518687,0.3521614653127898,0.3543232983156699,0.35607544081423015,0.35741921384575903,0.358356692474743,0.3588907029295143,0.35902481816327736,0.3587633518019757,0.35811135044074405,0.3570745842193759,0.3556595355857155,0.3538733861978969,0.3517240020759971,0.3492199172911583,0.3463703164424743,0.3431850159573031,0.3396744441055688,0.3358496196510856,0.33172212923490463,0.327304103715889,0.3226081936194518,0.31764754366731296,0.3124357663082762,0.3069869143194168,0.30131545268565674,0.2954362298697717,0.2893644483870119,0.2831156345968111,0.2767056078203396,0.2701504489678541,0.2634664687095949,0.25667017517151436,0.24977824131097748,0.2428074722221396,0.2357747724580932,0.2286971132747695,0.22159149976926784,0.2144749381101576,0.2073644031023889,0.20027680611676146,0.1932289632588038,0.18623756378071477,0.17931913897123763,0.1724900317563609,0.1657663670098941,0.15916402241936112,0.15269859986369738,0.14638539750556134,0.1402393828752082,0.13427516704267362,0.12850697981672,0.12294864588284327,0.11761356177054694,0.11251467352484923,0.10766445505737465,0.10307488734621728,0.09875743876181531,0.09472304673327869,0.09098210084887626,0.0875444273739987,0.08441927509407066,0.08161530241947901,0.07914056575669548,0.07700250912382245
0.011962998219622989,0.018049633195040826,0.023958229128410835,0.029684666517241,0.03522501939227851,0.040575552476212806,0.045732718033356434,0.050693152444139855,0.05545367255600553,0.06001127187015243,0.06436311660719696,0.06850654169551973,0.07243904672703394,0.07615829192633328,0.0796620941730879,0.08294842309786077,0.0860153972798301,0.08886128057940823,0.09148447862288123,0.09388353546426487,0.09605713044428654,0.09800407524335242,0.0997233111373177,0.10121390646999373,0.10247505433689952,0.10350607048014382,0.10430639140588482,0.10487557273469861,0.10521328779634587,0.10531932646851061,0.1051935942400064,0.10483611149106054,0.10424701300598116,0.10342654772827586,0.10237507875982743,0.10109308361082725,0.09958115470220719,0.09784000013090832,0.09587044473108364,0.09367343144524654,0.09125002299325757,0.08860140383937676,0.08572888246271759,0.08263389392763543,0.07931800275589751,0.07578290611448324,0.07203043734120484,0.0680625698217483,0.06388142121569729,0.05948925802351113,0.054888500477517255,0.05008172773431596,0.04507168336100875,0.039861281122867354,0.03445361106706457,0.02885194587392448,0.023059747458482605,0.017080673830022874,0.010918586200965308,0.00457755629858525,-0.001938126215023317,-0.008623946360756918,-0.015475156616567176,-0.022486769875143864,-0.02965355257126845,-0.036970018006215355,-0.044430419990852954,-0.052028746981136464,-0.059758716838508974,-0.0676137723166832,-0.07558707743246629,-0.08367151493431635,-0.0918596850342226,-0.10014390539565454,-0.10851621219328678,-0.11696836208220418,-0.12549183508475892,-0.13407783850833255,-0.14271731196948423,-0.15140093344397343,-0.16011912616918522,-0.1688620663711191,-0.17761969195921523,-0.18638171221727617,-0.1951376183070508,-0.20387669447372048,-0.21258803002304916,-0.22126053205246166,-0.22988293877193655,-0.23844383335374886,-0.24693165835710573,-0.2553347306471636,-0.2636412566641084,-0.27183934803512244,-0.2799170375135702,-0.28786229508476424,-0.29566304415914857,-0.3033071779236636,-0.3107825758154661,-0.3180771199570245,-0.32517871152085576,-0.33207528710295264,-0.33875483505187987,-0.34520541159557183,-0.3514151567323438,-0.35737230996281966,-0.36306522583387135,-0.3684823891566893,-0.37361242986357013,-0.3784441376155243,-0.3829664762464162,-0.38716859798442727,-0.3910398573407221,-0.39456982465989654,-0.39774829943159773,-0.40056532342851625,-0.4030111935447067,-0.4050764740692472,-0.4067520082656557,-0.40802892936655866,-0.40889867119005174,-0.40935297856938035,-0.409383917751974,-0.4089838868568023,-0.4081456263526775,-0.40686222936952277,-0.4051271516076227,-0.40293422073717267,-0.40027764533122223,-0.39715202342179623,-0.39355235077417916,-0.38947402898211436,-0.38491287348480796,-0.3798651216211226,-0.3743274408446027,-0.3682969371747973,-0.3617711638918024,-0.3547481304293143,-0.3472263114216716,-0.3392046559027406,-0.33068259664747046,-0.32166005960190347,-0.3121374733611262,-0.30211577871017425,-0.2915964382353451,-0.2805814459436107,-0.26907333677490897,-0.25707519585647987,-0.2445906673199687,-0.23162396251091621,-0.2181798674231743,-0.20426374916437595,-0.18988156133783463,-0.17503984843273201,-0.1597457494101917,-0.14400700052907212,-0.12783193725152842,-0.11122949503595692,-0.09420920901371943,-0.07678121269758265,-0.05895623574962627,-0.04074560066442956,-0.022161218280693618,-0.003215582213442758,0.016078237716570243,0.03570660314095164,0.0556553159373081,0.07590962807213941,0.09645425246694117,0.11727337494631485,0.13835066723676448,0.15966930094800347,0.18121196256604577,0.20296086945307223,0.22489778677270067,0.24700404534957698,0.26926056047513924,0.2916478515494134,0.31414606246504206,0.3367349826974788,0.3593940690745825,0.38210246824887406,0.40483903986243774,0.42758238029121287,0.4503108468876036,0.47300258269241624,0.49563554152855005,0.5181875133845608,0.5406361500583543,0.562958990992037,0.5851334892061146,0.6071370373339846,0.6289469937373084,0.6505407085974539,0.6718955499791122,0.6929889299597392,0.7137983307931108,0.7343013310051063,0.7544756314822507,0.7742990816778104,0.7937497058610177,0.8128057292209476,0.8314456037873725,0.8496480342356847,0.8673920035419798,0.8846567983888249,0.9014220343390491,0.9176676809336541,0.9333740868088896,0.9485220047005782,0.9630926161145297,0.97706755560273,0.9904289347458359,1.003159365977318,1.0152419863082756,1.0266604807995279,1.0373991054916658,1.0474427096448267,1.0567767573507467,1.0653873486335215,1.0732612401256247,1.080385865410456,1.0867493551130067,1.0923405567098428,1.0971490538627435,1.101165185000788,1.1043800609617875,1.106785581653412,1.1083744517484106,1.1091401954035973,1.109077169993931,1.1081805788726982,1.1064464831391945,1.1038718123585127,1.100454374204027,1.09619286303586,1.0910868674091816,1.0851368764685247,1.0783442852238707,1.0707113987706691,1.0622414354926164,1.052938529199551,1.0428077301189447,1.031855004697995,1.0200872342227427,1.0075122122783284,0.9941386410683251,0.9799761265665623,0.9650351724022386,0.9493271723420591,0.932864401219696,0.9156600041466874,0.8977279838746313,0.8790831863255164,0.8597412844686616,0.8397187606996113,0.8190328877012618,0.7977017077069917,0.7757440102546909,0.7531793086658283,0.7300278153614954,0.7063104159745492,0.6820486423004581,0.6572646442065562,0.6319811604919536,0.6062214886255575,0.5800094534307263,0.5533693748741726,0.5263260350462104,0.498904644398948,0.47113080734327184,0.4430304872651192,0.41462997103271704,0.38595583313448856,0.357034899544189,0.3278942113815475,0.29856098848839707,0.26906259300945834,0.2394264930295904,0.2096802263902049,0.1798513648233424,0.14996747847142444,0.12005610087413743,0.09014469452802132,0.06026061705243535,0.030431087988795014,0.0006831563389795292,-0.028956331088359377,-0.05846076052827698,-0.08780378121815602,-0.1169593343138331,-0.1459016807750828,-0.17460542830120573,-0.20304555722968587,-0.23119744526370312,-0.25903689105960126,-0.2865401367653533,-0.3136838894594618,-0.3404453413465234,-0.36680218866306546,-0.3927326494070087,-0.4182154800454043,-0.4432299911946487,-0.46775606208223763,-0.4917741536573459,-0.5152653204345796,-0.5382112212655557,-0.5605941292063719,-0.5823969406301828,-0.6036031836936573,-0.6241970260730767,-0.6441632817130909,-0.6634874164262285,-0.6821555523977239,-0.7001544717655577,-0.7174716194643409,-0.7340951054904892,-0.7500137066852162,-0.7652168680796834,-0.7796947038097741,-0.7934379975038723,-0.8064382019545064,-0.8186874379714908,-0.8301784924685407,-0.8409048158806058,-0.8508605189997098,-0.8600403693214318,-0.8684397869876577,-0.8760548403917383,-0.8828822415125117,-0.8889193410452307,-0.8941641233841224,-0.8986152015161224,-0.9022718118795439,-0.9051338092113639,-0.9072016613977851,-0.9084764443545623,-0.9089598369615715,-0.9086541160568089,-0.9075621514897421,-0.9056874012320861,-0.9030339065182105,-0.8996062869820847,-0.8954097357911053,-0.8904500148100425,-0.8847334498448305,-0.878266925993259,-0.8710578830834379,-0.8631143111622706,-0.8544447460159006,-0.8450582647377161,-0.8349644813585186,-0.8241735425040204,-0.8126961230193146,-0.800543421530783,-0.7877271559287706,-0.7742595587086996,-0.7601533720832521,-0.7454218428263459,-0.7300787168369851,-0.7141382333829114,-0.6976151189800319,-0.6805245808635476,-0.6628822999508088,-0.6447044231473171,-0.6260075548682593,-0.6068087476686586,-0.587125491830875,-0.5669757037753129,-0.5463777133630572,-0.5253502503294811,-0.5039124299987421,-0.4820837382463452,-0.4598840155907382,-0.4373334403041653,-0.4144525105766306,-0.39126202593956094,-0.3677830680916898,-0.34403698105708713,-0.3200453505802159,-0.2958299828708135,-0.27141288291607424,-0.24681623238276273,-0.22206236699037163,-0.19717375341787857,-0.172172965964279,-0.1470826630109059,-0.12192556315126524,-0.09672442100927725,-0.07150200295370013,-0.04628106279402999,-0.021084317414867826,0.004065577569349443,0.029146051962783304,0.05413464490491293,0.07900902865511483,0.1037470322384948,0.1283266647989194,0.15272613858937234,0.1769238916664122,0.20089861027952338,0.22462925083487306,0.24809506137945903,0.2712756026442449,0.2941507686327043,0.3167008066283543,0.3389063365320979,0.36074836962585266,0.3822083269233332,0.40326805709257485,0.4239098537518018,0.4441164719895525,0.4638711441690333,0.48315759521565127,0.5019600575763903,0.5202632858902163,0.5380525712132851,0.5553137546181262,0.5720332401378485,0.588198007164209,0.6037956224595291,0.6188142518711999,0.6332426716416606,0.6470702790899736,0.6602871025576604,0.6728838106965398,0.684851721257985,0.696182809536765,0.7068697165542233,0.716905756903131,0.7262849260071036,0.7350019065651239,0.7430520741264246,0.7504315018590901,0.7571369645902593,0.7631659421750925,0.7685166222380531,0.7731879023266046,0.7771793914620488,0.780491410922977,0.7831249940062861,0.7850818846395882,0.7863645348993984,0.7869761015139858,0.7869204413810991,0.7862021061103093,0.7848263356031921,0.7827990507337859,0.7801268452160031,0.7768169766798394,0.7728773569226917,0.7683165413134532,0.763143717373282,0.757368692606434,0.7510018816522361,0.7440542927580793,0.7365375134770247,0.7284636954404604,0.7198455380749849,0.7106962711840197,0.7010296363272772,0.6908598669443435,0.6802016672968847,0.669070190432052,0.6574810152796715,0.6454501228118659,0.6329938712017267,0.6201289701128232,0.6068724543682222,0.5932416571269883,0.579254182539465,0.564927877896082,0.5502808054027497,0.5353312136738069,0.5200975089365016,0.5045982259942434,0.48885199907292787,0.4728775325933512,0.45669357185885673,0.4403188737576471,0.42377217759249675,0.4070721760356619,0.3902374862558773,0.3732866213724506,0.3562379623095211,0.33910973007257894,0.32191995857926514,0.3046864681612149,0.2874268397419968,0.2701583897615336,0.25289814600460403,0.23566282438349617,0.21846880665949442,0.2013321192144133,0.18426841299812935,0.16729294457181965,0.15042055810223331,0.13366566835234295,0.11704224480308767,0.10056379690828265,0.08424336042150316,0.06809348489723277,0.052126222582671744,0.03635311874329972,0.02078520321555999,0.00543298295902872,-0.00969356438196911,-0.024584995671510512,-0.03923240604865441,-0.05362743131463077,-0.06776224914351303,-0.08162957935621762,-0.095222683458843,-0.10853536357223703,-0.121561960771011,-0.1342973526792619,-0.14673695008922039,-0.15887669252806802,-0.1707130428954784,-0.1822429813110702,-0.1934639982335966,-0.20437408688575687,-0.214971735034851,-0.22525591619719876,-0.23522608035749926,-0.2448821442949054,-0.25422448156543,-0.26325391218026084,-0.27197169203368077,-0.28037950211727036,-0.2884794375370703,-0.2962739963578329,-0.3037660683168255,-0.3109589234508974,-0.31785620067815756,-0.32446189638731227,-0.33078035308264475,-0.3368162480889296,-0.3425745822669839,-0.3480606686718133,-0.35328012107008533,-0.3582388421631819,-0.36294301130904216,-0.3673990715872293,-0.371613716207861,-0.37559387447263504,-0.3793466975763238,-0.3828795443910309,-0.3861999671881975,-0.38931569718766923,-0.39223462990392477,-0.39496481042342424,-0.39751441879006677,-0.3998917555172028,-0.4021052271034691,-0.404163331515079,-0.4060746437900704,-0.40784780191881964,-0.4094914929418607,-0.4110144390941386,-0.41242538398386586,-0.4137330789811742,-0.4149462699359958,-0.4160736841568351,-0.4171240175125135,-0.418105921641164,-0.41902799141416125,-0.4198987527966551,-0.4207266510767127,-0.4215200393042977,-0.4222871668656296,-0.4230361683493129,-0.42377505291408113,-0.42451169415441825,-0.4252538202710454,-0.4260090044105027,-0.42678465527008314,-0.42758800819453313,-0.4284261168792156,-0.4293058456228849,-0.43023386201344493,-0.4312166299293452,-0.4322604027039674,-0.4333712162788288,-0.43455488232061157,-0.4358169815406967,-0.4371628575216846,-0.4385976111676797,-0.4401260957387194,-0.4417529124055264,-0.4434824062433549,-0.44531866253547747,-0.4472655032290902,-0.44932648341128356,-0.4515048877284684,-0.45380372671142055,-0.4562257329719728,-0.45877335723099577,-0.4614487641448406,-0.4642538279431747,-0.4671901279786752,-0.47025894434564464,-0.4734612536937135,-0.47679772530155873,-0.4802687174311444,-0.48387427394234805,-0.4876141211314149,-0.49148766478930384,-0.49549398749765317,-0.4996318461538465,-0.5038996697037135,-0.5082955570791938,-0.512817275342961,-0.5174622580539392,-0.5222276038861793,-0.5271100755211791,-0.5321060988315338,-0.5372117623963035,-0.5424228173895926,-0.5477346778751908,-0.5531424215411818,-0.5586407909138131,-0.5642241950804561,-0.5698867119461895,-0.5756220910951413,-0.5814237573739689,-0.5872848152957175,-0.5931980543421815,-0.5991559552620274,-0.6051506974347944,-0.6111741672332087,-0.617217967146658,-0.6232734254401393,-0.629331606356331,-0.6353833210599191,-0.641419139520508,-0.6474294034018797,-0.653404239816787,-0.6593335756679011,-0.6652071524055572,-0.6710145412797459,-0.6767451592808982,-0.6823882858239259,-0.6879330800031838,-0.6933685982441773,-0.6986838123606347,-0.7038676280929153,-0.7089089040726293,-0.7137964709967974,-0.7185191508119573,-0.7230657759181298,-0.7274252085520487,-0.7315863603835524,-0.7355382121433749,-0.7392698331310825,-0.7427704006454903,-0.7460292194480047,-0.7490357412393962,-0.7517795839407029,-0.754250550553337,-0.7564386475547593,-0.7583341029437634,-0.7599273840352865,-0.7612092149319807,-0.7621705934254948,-0.7628028071185113,-0.763097448745846,-0.7630464307831772,-0.7626419994519082,-0.76187674824493,-0.7607436311035087,-0.7592359753322881,-0.7573474942195304,-0.7550722991713386,-0.7524049111282736,-0.7493402711728336,-0.7458737503728656,-0.7420011589137943,-0.7377187545521764,-0.733023250444667,-0.727911822413958,-0.7223821156714791,-0.7164322509861734,-0.7100608303159177,-0.7032669419431059,-0.6960501651241557,-0.6884105742280013,-0.6803487423488335,-0.6718657444024032,-0.662963159707985,-0.653643074040211,-0.6439080811312508,-0.6337612835965416,-0.6232062932495168,-0.6122472307637352,-0.6008887246263015,-0.589135909322458,-0.5769944226908876,-0.5644704023749938,-0.5515704812878894,-0.5383017820573954,-0.5246719105176822,-0.5106889483661021,-0.49636144505527824,-0.4816984089241032,-0.4667092975545586,-0.4514040073514707,-0.43579286237440584,-0.41988660249288756,-0.40369637092305766,-0.38723370112829514,-0.3705105030120137,-0.3535390483351293,-0.33633195531707827,-0.31890217236994545,-0.30126296085508386,-0.28342787671184766,-0.26541075091802213,-0.24722566899478693,-0.2288869498827495,-0.21040912432447811,-0.19180691265972882,-0.1730952019224432,-0.15428902227542096,-0.13540352298622338,-0.11645394817022492,-0.09745561236861278,-0.078423875899162,-0.05937411995828512,-0.040321721594729354,-0.02128202875131535,-0.002270335480908159,0.01669814268882419,0.03560829329779125,0.05444513137442186,0.07319382357295723,0.09183971185622397,0.11036833669313495,0.12876545983850463,0.1470170867145839,0.1651094882576274,0.18302922200261662,0.20076315230345188,0.21829846978751277,0.23562271021461356,0.25272377281599745,0.26958993799240005,0.28620988413756265,0.3025727034485044,0.3186679167485522,0.33448548743325546,0.35001583463630226,0.3652498455668436,0.3801788867828151,0.39479481417478723,0.4090899816299185,0.42305724848768733,0.4366899859195428,0.44998208234341064,0.4629279479802051,0.4755225186690595,0.4877612589983329,0.49964016462825356,0.5111557635342052,0.5223051159579057,0.5330858129990617,0.5434959738381764,0.5535342415804507,0.5631997777308868,0.5724922553655887,0.5814118511190927,0.5899592361074824,0.5981355658435987,0.6059424691347459,0.6133820359460813,0.6204568042791365,0.627169746160007,0.6335242527769367,0.6395241187447667,0.6451735254923108,0.6504770238319466,0.6554395158175197,0.660066235973737,0.6643627319264596,0.6683348444794746,0.6719886872375938,0.6753306258614415,0.6783672569970278,0.6811053869506978,0.6835520102429342,0.685714288171205,0.6875995274398576,0.6892151588816091,0.6905687163274123,0.691667815686877,0.6925201342408158,0.6931333900976213,0.6935153217885031,0.6936736680041093,0.6936161474361313,0.6933504386739671,0.6928841602385702,0.6922248510552578,0.691379951744473,0.6903567869439229,0.6891625486476016,0.687804280444567,0.6862888625495103,0.6846229975361737,0.6828131966980919,0.6808657670674307,0.6787867993376295,0.6765821570463899,0.6742574672602046,0.6718181128281913,0.6692692261854347,0.6666156846487894,0.6638621071194422,0.6610128521145953,0.6580720170677665,0.6550434388203143,0.651930695209785,0.648737107681626,0.6454657448689005,0.6421194270669375,0.6387007315167352,0.6352119984244808,0.631655337652056,0.6280326360023736,0.6243455650342682,0.620595589361848,0.6167839753965367,0.6129118004966188,0.6089799625020831,0.6049891896462114,0.6009400508408547,0.5968329663215783,0.5926682186161827,0.5884459637543102,0.5841662425988332,0.5798289922068278,0.5754340571808356,0.5709812010323176,0.566470117628846,0.5619004427702237,0.557271765845627,0.5525836414763958,0.5478356010807843,0.5430271643323152,0.5381578505046747,0.5332271897134788,0.528234734027059,0.5231800683523602,0.5180628210015854,0.5128826738829986,0.5076393722899866,0.5023327343103006,0.49696265990090893,0.4915291396377697,0.4860322630970515,0.4804722267841868,0.47484934153668235,0.46916403938020323,0.46341687984738655,0.4576085557634144,0.451739898507455,0.4458118827782087,0.43982563089644344,0.43378241665116235,0.4276836686452796,0.42153097305613585,0.41532607573444125,0.4090708836150796,0.4027674654524702,0.3964180518909046,0.39002503486422313,0.3835909663058814,0.37711855613842005,0.37061066952912114,0.364070323435179,0.3575006824660676,0.3509050540851604,0.34428688317744616,0.3376497459909018,0.3309973434221192,0.3243334936114195,0.31766212382158443,0.3109872615617846,0.30431302490656265,0.2976436119651922,0.29098328946224683,0.28433638042391607,0.2777072511164391,0.27110029757684373,0.26451993206841706,0.2579705695916701,0.2514566144317598,0.24498244670571268,0.2385524088838622,0.23217079223896775,0.22584182316333568,0.21956964931933243,0.21335832566947488,0.20721180057940813,0.20113390226487837,0.19512832575103545,0.18919862038928414,0.1833481779749775,0.17758022153962116,0.171897794858495,0.16630375265101804,0.16080075141240258,0.15539124081404765,0.1500774556514628,0.14486140837352224,0.1397448822231837,0.13472942497417506,0.1298163432273185,0.12500669721279678,0.12030129604790574,0.11570069346975487,0.11120518411809854,0.10681480040860691,0.10252930997527443,0.09834821364649571,0.09427074393061474,0.09029586400762923,0.08642226728360924,0.0826483776026592,0.07897235018077708,0.0753920732670963,0.0719051704865592,0.0685090037972742,0.06520067702446397,0.061977039977925585,0.058834693188352105,0.05576999333964494,0.05277905953702344,0.04985778057520207,0.047001823343016724,0.04420664245567707,0.041467491153348135,0.03877943338974177,0.03613735684638897,0.033535986534303674,0.030969898807242657,0.028433535814883726,0.025921220488562824,0.02342717213358725,0.02094552267253391,0.01847033348462901,0.01599561259658344,0.013515331908209305,0.011023444300313656,0.008513900653454698,0.005980666855272432,0.003417740877289077,0.0008191699605006875,-0.0018209322252715765,-0.0045083687405451656,-0.007248843073639932,-0.01004794341397286,-0.012911127445619286,-0.015843707587066547,-0.018850836597472664,-0.021937493479306625,-0.025108469636883513,-0.028368355364492004,-0.03172152690346053,-0.03517213432455435,-0.03872409034917723,-0.04238106011512599,-0.04614645186446609,-0.050023408507399836,-0.05401479997751579,-0.05812321627034578,-0.06235096105382354,-0.06670004575393307,-0.07117218405078063,-0.07576878676267995,-0.08049095714203958,-0.08533948662159929,-0.09031485100869219,-0.09541720706422296,-0.10064638937920733,-0.10600190751562621,-0.11148294343809084,-0.11708834924369427,-0.1228166451601993,-0.1286660178153909,-0.13463431886520283,-0.1407190641252356,-0.14691743333075635,-0.15322627060649552,-0.1596420857361025,-0.16616105636402523,-0.17277903118414173,-0.17949153392416406,-0.18629376781793638,-0.1931806204397546,-0.20014666899842837,-0.2071861862418629,-0.21429314707906144,-0.22146123597512002,-0.22868385507145206,-0.23595413284872535,-0.24326493316112874,-0.2506088646272744,-0.2579782904644077,-0.26536533885956715,-0.27276191397513116,-0.2801597076545548,-0.28755021175185647,-0.29492473088600946,-0.302274395504476,-0.30959017531301214,-0.3168628932008275,-0.32408323978575737,-0.3312417886470129,-0.33832901213091304,-0.34533529743939795,-0.35225096277893186,-0.35906627355661414,-0.36577145872649197,-0.37235672739632264,-0.37881228578169157,-0.3851283545039479,-0.3912951860341636,-0.3973030819841554,-0.40314241009123464,-0.40880362094753053,-0.4142772646106181,-0.419554007234602,-0.42462464784872367,-0.4294801353881752,-0.43411158601027466,-0.43851030059164486,-0.44266778216029223,-0.4465757530140948,-0.45022617140972443,-0.45361124778600015,-0.45672346049638435,-0.459555571070247,-0.4621006390497797,-0.4643520364002569,-0.4663034614627293,-0.467948952469051,-0.46928290066245637,-0.4703000630166656,-0.4709955745099066,-0.4713649599296872,-0.47140414521981455,-0.47110946836891543,-0.4704776897885381,-0.46950600213686755,-0.4681920396037711,-0.4665338866774533,-0.4645300863781969,-0.46217964796986166,-0.45948205419810506,-0.4564372680590907,-0.4530457390369733,-0.4493084087687791,-0.44522671615439435,-0.44080260190840903,-0.4360385124668369,-0.4309374031507218,-0.425502740572,-0.41973850433224413,-0.4136491880610933,-0.4072397997918529,-0.40051586160197417,-0.39348340837935325,-0.3861489855609648,-0.37851964571771646,-0.37060294387290327,-0.36240693145472136,-0.3539401487904428,-0.34521161603179706,-0.33623082247394365,-0.32700771444954313,-0.3175526821008319,-0.3078765451733787,-0.29799053776344664,-0.28790629190321937,-0.2776358199070401,-0.26719149550745414,-0.25658603399512714,-0.24583247162739497,-0.23494414438065547,-0.2239346659299244,-0.21281790470993656,-0.20160796003671777,-0.19031913745958207,-0.17896592353775986,-0.16756296005574,-0.15612501759493824,-0.14466696850217176,-0.1332037594742559,-0.12175038399715277,-0.11032185473853673,-0.09893317585932948,-0.08759931516827635,-0.07633517617892949,-0.06515557035854158,-0.054075189845100624,-0.043108580674108055,-0.032270116426218465,-0.021573972271554,-0.011034099580086831,-0.0006642014199940149,0.00952229083197409,0.01951223976597305,0.029292823191852335,0.03885155445620825,0.04817630191666922,0.057255307657939625,0.06607720547339113,0.07463103801586612,0.08290627289750319,0.09089281751605682,0.09858103250389405,0.10596174380766143,0.11302625346612416,0.11976634917107276,0.1261743126650643,0.13224292698443207,0.1379654825487293,0.1433357821359067,0.14834814483376846,0.1529974090790276,0.15727893485973254,0.16118860512149524,0.16472282643118774,0.16787852895828337,0.17065316582596068,0.17304471188737836,0.17505166194665378,0.1766730284194935,0.17790833847274712,0.17875763068850148,0.1792214512319248,0.1793008494771584,0.17899737309365094,0.17831306262643665,0.17725044555822222,0.17581252980962603,0.17400279669998042,0.17182519344641634,0.1692841252478985,0.1663844469661555,0.16313145442635602,0.15953087539529776,0.15558886032330577,0.15131197291592713,0.14670718054999554,0.14178184454623022,0.1365437103463094,0.13100089763322842,0.12516189039304493,0.11903552690786512,0.11263098969167373,0.10595779538288497,0.0990257845710758,0.09184511151647001,0.08442623374403979,0.07677990151361769,0.06891714714926422,0.060849274203370385,0.0525878464857783,0.044144677012276645,0.035531816825624674,0.026761543530788856,0.017846349396926087,0.008798928947754803,-0.0003678340268109537,-0.009640880153291675,-0.019006988986951967,-0.028452794391220948,-0.037964800629346485,-0.047529398959802904,-0.057132884688819274,-0.06676147477062244,-0.07640132602281113,-0.08603855386235182,-0.09565925131205688,-0.10524950810109601,-0.11479542990561953,-0.12428315786269195,-0.1336988883616641,-0.14302889295024102,-0.15225953820155524,-0.1613773055583252,-0.17036881123764402,-0.17922082612614076,-0.1879202954742638,-0.1964543583186753,-0.20481036672535424,-0.2129759049087525,-0.22093880809492816,-0.22868718093778995,-0.23620941545347307,-0.24349420854214543,-0.25053057902962195,-0.2573078839836853,-0.263815834120976,-0.27004450834118643,-0.27598436752816724,-0.281626267658055,-0.28696147208233924,-0.2919816628168448,-0.2966789508004908,-0.3010458852171638,-0.30507546198174396,-0.30876113135636274,-0.31209680451041777,-0.31507685886290204,-0.3176961421840687,-0.31994997552855864,-0.32183415513351576,-0.323344953464904,-0.32447911958090003,-0.32523387891868794,-0.32560693254867346,-0.32559645586712804,-0.32520109662851127,-0.32441997223665453,-0.3232526663003412,-0.3216992244977135,-0.3197601497797109,-0.3174363969781169,-0.31472936696012255,-0.31164090047551696,-0.30817327176299614,-0.3043291819199183,-0.3001117520408485,-0.2955245161792419,-0.29057141422936894,-0.2852567847951093,-0.27958535804734197,-0.27356224853105715,-0.2671929478916084,-0.26048331756364007,-0.25343958150610035,-0.24606831899867387,-0.23837645744725222,-0.23037126513041528,-0.22206034382416107,-0.21345162128947948,-0.20455334366129563,-0.1953740677624225,-0.18592265330227775,-0.17620825487735203,-0.16624031368268533,-0.15602854882871497,-0.1455829481260551,-0.1349137582034885,-0.12403147387284719,-0.11294682668876277,-0.10167077266851976,-0.09021447922786052,-0.07858931154805049,-0.0668068186150137,-0.05487871897672392,-0.042816886074888316,-0.03063333299449056,-0.018340196621153382,-0.005949721389598039,0.0065257571715306995,0.019073829075352933,0.03168202679588461,0.04433784247444805,0.05702874523684898,0.06974219844220642,0.08246567685830541,0.09518668384867368,0.10789276853154206,0.12057154272781645,0.13321069758739412,0.14579801996331554,0.1583214085980913,0.1707688899979516,0.18312863381329691,0.19538896771220493,0.20753839182529532,0.21956559268549825,0.23145945643393162,0.24320908113708128,0.2548037882451055,0.26623313333276144,0.27748691620186605,0.2885551902475143,0.29942827093071145,0.3100967433320392,0.32055146893454634,0.3307835918110271,0.34078454417878845,0.3505460510963374,0.36006013421148,0.36931911470230006,0.3783156156035332,0.38704256370336765,0.39549319117023174,0.40366103687701127,0.4115399471949317,0.4191240761113164,0.4264078847435968,0.4333861404147541,0.44005391545417893,0.4464065858941453,0.4524398302031045,0.45814962804689685,0.46353225887663285,0.4685843001240144,0.4733026249609722,0.477684399746515,0.48172708130366715,0.4854284141302756,0.4887864276781855,0.4917994338308418,0.4944660245212802,0.49678506921970467,0.49875571202979074,0.5003773682921562,0.5016497207143118,0.5025727151294888,0.503146556017704,0.5033717018660226,0.5032488604105936,0.502778983840372,0.5019632640601728,0.5008031280651153,0.4993002334404153,0.49745646400396737,0.49527392563025074,0.4927549422695918,0.4899020520559887,0.4867180033129941,0.4832057503375964,0.4793684489461185,0.47520945183666896,0.47073230387137954,0.46594073736176966,0.4608386673681082,0.45543018698271,0.449719562564475,0.443711228903382,0.43740978431166155,0.43081998564328927,0.4239467432406627,0.41679511579835093,0.40937030509321914,0.40167765049675097,0.3937226231765578,0.3855108198709445,0.3770479561048816,0.368339858741372,0.3593924578650558,0.3502117781945344,0.3408039303331165,0.3311751020379745,0.3213315495052953,0.3112795885989854,0.3010255859490343,0.29057594994563374,0.2799371218249149,0.2691155670481393,0.2581177669674517,0.24695021063198652,0.23561938670587068,0.224131775667594,0.21249384246759462,0.20071202962559198,0.1887927506115048,0.17674238345038873,0.1645672646842229,0.1522736838404981,0.13986787838160808,0.1273560290119704,0.11474425536328425,0.10203861220754362,0.08924508623391603,0.07636959326276127,0.06341797580292763,0.05039600102919195,0.03730935930680346,0.024163663220676312,0.010964446932668181,-0.00228283421503761,-0.015572803746785269,-0.02890016362520953,-0.042259693401724974,-0.0556462491204428,-0.06905476202710759,-0.08248023696026507,-0.09591775032782124,-0.10936244773880333,-0.12280954148342715,-0.13625430802962768,-0.14969208550149915,-0.16311827095848486,-0.17652831740419117,-0.18991773063709871,-0.20328206612067845,-0.21661692597321291,-0.22991795598211695,-0.24318084244308125,-0.25640130875517286,-0.26957511186983396,-0.2826980387427298,-0.29576590296516514,-0.3087745417683223,-0.32171981354848356,-0.33459759594584426,-0.3474037843255289,-0.36013429041161515,-0.3727850409428157,-0.38535197637134644,-0.3978310496676585,-0.4102182252868687,-0.4225094783452974,-0.43470079404528406,-0.4467881673685241,-0.45876760305139186,-0.47063511585886175,-0.48238673116318864,-0.4940184858297556,-0.5055264294367987,-0.5169066258728066,-0.528155155351854,-0.5392681168902129,-0.5502416312736358,-0.5610718444817664,-0.5717549314941976,-0.5822871004195491,-0.5926645968922628,-0.6028837086878696,-0.6129407705804155,-0.62283216952018,-0.6325543501991717,-0.6421038210394414,-0.6514771605970822,-0.6606710243562688,-0.6696821518970211,-0.6785073744021517,-0.6871436224291756,-0.6955879338264879,-0.7038374616196847,-0.7118894816747741,-0.7197413999573854,-0.7273907592504543,-0.7348352453506948,-0.7420726929464507,-0.7491010913426166,-0.7559185899842547,-0.7625235035857969,-0.7689143167154597,-0.7750896878804809,-0.7810484533017217,-0.7867896304877178,-0.7923124215312356,-0.7976162159479472,-0.8027005929474029,-0.807565323224992,-0.812210370461635,-0.8166358925867954,-0.8208422426732156,-0.8248299692699632,-0.8285998160783095,-0.8321527210771436,-0.8354898153059196,-0.8386124213888877,-0.8415220517074999,-0.8442204060490468,-0.8467093685634595,-0.8489910039896458,-0.851067553335902,-0.8529414292657407,-0.8546152112712875,-0.8560916405502326,-0.8573736144482709,-0.8584641803123674,-0.8593665286327195,-0.8600839854152014,-0.860620003765618,-0.860978154745176,-0.8611621176794628,-0.861175670119458,-0.8610226775466217,-0.8607070828542831,-0.8602328956495526,-0.8596041814158326,-0.858825050557364,-0.8578996473362892,-0.8568321386769924,-0.855626702774039,-0.8542875174430336,-0.8528187481709111,-0.8512245358466757,-0.8495089842057411,-0.8476761470421152,-0.8457300152263443,-0.8436745035740856,-0.841513437625693,-0.8392505404082513,-0.8368894192703422,-0.8344335528778899,-0.8318862784576169,-0.8292507793867685,-0.8265300732231893,-0.8237270002683559,-0.8208442127826956,-0.8178841649962436,-0.8148491040529535,-0.8117410619714036,-0.8085618485681465,-0.8053130451683685,-0.8019959989452943,-0.7986118178412482,-0.7951613661339536,-0.7916452607850459,-0.7880638687316974,-0.7844173052968557,-0.78070543389655,-0.7769278671749547,-0.7730839695724043,-0.7691728611653659,-0.765193422579145,-0.7611443009338075,-0.7570239169474817,-0.7528304732792535,-0.7485619639745948,-0.7442161847755955,-0.7397907442138489,-0.7352830755562962,-0.730690449621413,-0.7260099883084479,-0.721238678611904,-0.7163733870484421,-0.7114108746024144,-0.7063478122740818,-0.7011807971278827,-0.6959063686010367,-0.6905210248923908,-0.6850212393952262,-0.679403477221193,-0.6736642118703315,-0.6677999419594656,-0.661807207730206,-0.6556826070956134,-0.6494228111820135,-0.6430245794154388,-0.6364847741905422,-0.6298003751624393,-0.622968493224171,-0.6159863842347235,-0.6088514625360872,-0.6015613142784275,-0.5941137105700349,-0.5865066204107308,-0.5787382232639899,-0.5708069211165139,-0.56271134997872,-0.5544503908633729,-0.5460231802863262,-0.5374291203196506,-0.5286678882234312,-0.5197394456475379,-0.5106440473351483,-0.5013822492518756,-0.49195491611261843,-0.48236322830474876,-0.47260868819515167,-0.46269312581758015,-0.4526187039776559,-0.44238792282853723,-0.4320036239136513,-0.42146899357041434,-0.41078756554588836,-0.3999632227153356,-0.3890001978382571,-0.3779030732709572,-0.3666767794838037,-0.35532659222227636,-0.3438581283306945,-0.3322773404810775,-0.3205905110382332,-0.30880424507508053,-0.2969254624015676,-0.28496138851434694,-0.2729195445541919,-0.2608077364681307,-0.24863404347179596,-0.23640680575388018,-0.22413461136418533,-0.21182628237214374,-0.19949086046288755,-0.18713759200527136,-0.17477591254065317,-0.16241543078311338,-0.15006591228599575,-0.13773726279094234,-0.12543951124243335,-0.11318279256683184,-0.10097733031992817,-0.08883341919814569,-0.07676140741354232,-0.06477167904028391,-0.05287463641426626,-0.04108068256365982,-0.02940020372004426,-0.017843552068200097,-0.006421028770702719,0.00485713282064637,0.015980783746556426,0.02693987567550238,0.037724476725138345,0.048324786932546715,0.058731153424325555,0.06893408518247668,0.07892426724079371,0.0886925742972764,0.09823008389199828,0.10752808925544599,0.11657811169341414,0.12537191223550792,0.13390150241362875,0.14215915425236858,0.15013740967429356,0.157829089544002,0.1652273025151274,0.17232545375360786,0.1791172534534482,0.18559672488296997,0.19175821170601637,0.1975963844772437,0.20310624630712226,0.2082831377083849,0.21312274064434433,0.21762108181937379,0.22177453526733615,0.22557982430297585,0.2290340229167498,0.23213455669559835,0.23487920330544654,0.23726609252074837,0.23929370581256393,0.24096087556777235,0.24226678399607948,0.24321096173162715,0.24379328614440965,0.2440139793824585,0.24387360613596343,0.2433730711029085,0.24251361610622268,0.24129681676588177,0.2397245786072446,0.23779913246436735,0.235523029029153,0.23289913247199934,0.22993061324981312,0.22662094035155178,0.22297387311220263,0.21899345252414548,0.21468399193872045,0.2100500671898402,0.20509650634062382,0.19982837922987784,0.19425098678277664,0.18836984995645167,0.18219069833346424,0.17571945855399207,0.1689622427603652,0.16192533702666623,0.15461518964625753,0.14703839931082996,0.1392017033753703,0.13111196632846855,0.12277616843232408,0.11420139446738631,0.10539482263271793,0.09636371378383046,0.08711540113996108,0.07765728039633046,0.06799680010025355,0.058141452332563404,0.04809876395069779,0.03787628857286052,0.027481599221239605,0.016922281417123486,0.006205926645286297,-0.004659873630920686,-0.015667533121792587,-0.026809474915545195,-0.03807813480337785,-0.049465963895016785,-0.06096543077367045,-0.07256902341865157,-0.08426925096036086,-0.09605864512319329,-0.10792976109388519,-0.11987517762199928,-0.13188749632868024,-0.14395934031123403,-0.15608335215829072,-0.1682521914794819,-0.18045853203262396,-0.19269505852417979,-0.20495446316876098,-0.2172294421007237,-0.22951269172311584,-0.24179690506265672,-0.2540747681916642,-0.26633895678548924,-0.2785821328872018,-0.29079694196200734,-0.30297601032403776,-0.3151119429592413,-0.32719732167824844,-0.3392247034949847,-0.35118661916190064,-0.3630755718522849,-0.37488403602545617,-0.3866044565319555,-0.3982292479990903,-0.40975079449552254,-0.42116144947102185,-0.4324535360056956,-0.44361934739693965,-0.4546511480638671,-0.46554117475643153,-0.4762816380916277,-0.4868647244187585,-0.49728259798818186,-0.5075274034159492,-0.5175912684437236,-0.5274663069764003,-0.5371446223801826,-0.5466183110204383,-0.5558794660154192,-0.5649201812098852,-0.5737325553725228,-0.5823086965899975,-0.5906407268476244,-0.5987207868039306,-0.6065410407348679,-0.6140936816232809,-0.6213709363895603,-0.6283650712487159,-0.6350683971959086,-0.6414732756531549,-0.647572124281595,-0.6533574229280603,-0.6588217197052515,-0.6639576372490268,-0.6687578791641045,-0.673215236619761,-0.6773225950869772,-0.6810729412527294,-0.6844593701315915,-0.6874750923656308,-0.6901134417088883,-0.6923678827294424,-0.6942320187947075,-0.6956996003761802,-0.6967645336417689,-0.6974208893015046,-0.6976629117190072,-0.6974850283299077,-0.6968818594266679,-0.6958482283804557,-0.6943791723751005,-0.6924699537144292,-0.6901160717231534,-0.6873132752339046,-0.6840575756319396,-0.6803452603041222,-0.6761729061714163,-0.6715373930148587,-0.6664359164954803,-0.660866000896192,-0.6548255116471182,-0.6483126676983844,-0.6413260538024375,-0.6338646327214121,-0.6259277571995341,-0.617515181347045,-0.6086270710977502,-0.5992640135767928,-0.5894270253380469,-0.5791175594659208,-0.5683375115753009,-0.5570892248033061,-0.545375493886425,-0.533199568351769,-0.5205651548196712,-0.5074764184502811,-0.4939379835669513,-0.4799549333852866,-0.4655328087006225,-0.45067760545622804,-0.43539577121246964,-0.4196942005648623,-0.4035802295633033,-0.38706162918109754,-0.37014659789057447,-0.3528437534194211,-0.33516212374923526,-0.3171111374251083,-0.2987006132673784,-0.2799407495391293,-0.2608421125897422,-0.24141562498587632,-0.22167255311843803,-0.20162449425482265,-0.18128336299769643,-0.16066137711319328,-0.13977104272195362,-0.11862513898072535,-0.09723670256921224,-0.07561901230000245,-0.05378557399154715,-0.03175010559176883,-0.00952652246643737,0.012871077246451534,0.035428427290625564,0.0581311079505511,0.08096456052730616,0.1039141013270708,0.12696493501989892,0.15010216746458127,0.1733108181698242,0.19657583251511568,0.21988209375119538,0.2432144346522307,0.2665576486123058,0.2898965001016407,0.31321573460667196,0.33650008828286815,0.35973429750787744,0.3829031083453387,0.40599128575961885,0.4289836224631358,0.45186494746532446,0.47462013449629126,0.4972341103904867,0.519691863334792,0.541978450877366,0.5640790078047715,0.5859787541260246,0.6076630032862056,0.6291171705020489,0.6503267810300741,0.6712774783404356,0.6919550323201449,0.7123453475726151,0.7324344717566191,0.7522086039164648,0.7716541028677213,0.79075749573515,0.8095054866263638,0.8278849653489218,0.8458830161805508,0.8634869268000713,0.8806841974037525,0.8974625499110331,0.9138099371949409,0.9297145524013928,0.9451648384459688,0.9601494976379854,0.9746575012941676,0.9886780993086859,1.0022008297740541,1.0152155287471203,1.0277123401245944,1.03968172547426,1.0511144737254128,1.062001710781118,1.072334909183013,1.0821058978501625,1.0913068717277454,1.0999304011554187,1.1079694409126049,1.115417339042061,1.122267845623746,1.1285151215958535,1.1341537474708971,1.1391787316322421,1.1435855180224763,1.1473699932545642,1.1505284932886681,1.1530578098353033,1.1549551966040141,1.1562183754583302,1.15684554246495,1.1568353736997494,1.156187030597458,1.1549001646937853,1.1529749217027856,1.1504119449032189,1.1472123778178016,1.1433778662073735,1.1389105594465505,1.1338131113576893,1.1280886805482027,1.12174093025439,1.1147740276838505,1.1071926428760932,1.0990019471457018,1.0902076112068286,1.080815803056467,1.0708331856069648,1.0602669139985466,1.0491246325436947,1.0374144712614353,1.0251450419389059,1.0123254336920482,0.998965208063332,0.985074393718584,0.9706634807808285,0.9557434147801445,0.940325590125795,0.9244218429619124,0.9080444432443784,0.8912060858558206,0.873919880580182,0.8561993408213198,0.8380583711248804,0.8195112537269083,0.8005726342743102,0.7812575066374521,0.7615811966747472,0.7415593449704971,0.7212078887153552,0.7005430428247479,0.679581280233478,0.6583393113387004,0.6368340627162752,0.6150826552179964,0.5931023814325371,0.5709106825456374,0.5485251247438683,0.5259633752171027,0.5032431777228439,0.48038232778864653,0.45739864771464056,0.4343099614540975,0.41113406944237596,0.38788872352844805,0.3645916021282716,0.3412602856680991,0.3179122323801238,0.2945647544374097,0.27123499439292686,0.24793990201445126,0.2246962116687854,0.20152042031066486,0.17842876608979452,0.155437207638073,0.13256140405063377,0.10981669552282369,0.08721808472090231,0.06478021903824782,0.04251737373740383,0.020443435868962467,-0.0014281109870779574,-0.02308420098096775,-0.04451219920703409,-0.06569991394054142,-0.08663560786249036,-0.1073080081478679,-0.12770631539019206,-0.14782021147441782,-0.16763986651391605,-0.18715594479678543,-0.20635960952339616,-0.22524252620009833,-0.2437968647762503,-0.2620153007085051,-0.27989101509771075,-0.2974176939982627,-0.3145895269957606,-0.33140120511028215,-0.34784791795364356,-0.3639253499781745,-0.37962967572055817,-0.3949575540652006,-0.40990612159355777,-0.4244729850575837,-0.4386562129949354,-0.45245432652756534,-0.4658662894277512,-0.4788914975634242,-0.49152976784912283,-0.5037813268157905,-0.5156467988750322,-0.527127194316364,-0.5382238970666933,-0.5489386522563464,-0.5592735536203932,-0.5692310307409514,-0.5788138361663684,-0.588025032496752,-0.5968679795628304,-0.6053463218063442,-0.6134639758966074,-0.6212251185613695,-0.6286341746028228,-0.6356958050728068,-0.6424148955704325,-0.6487965446188042,-0.654846052080849,-0.660568907571367,-0.6659707788333193,-0.6710575000922177,-0.6758350604555758,-0.6803095924495963,-0.6844873607449031,-0.6883747510307998,-0.6919782589465839,-0.6953044789946006,-0.6983600933644638,-0.7011518605727929,-0.7036866038138214,-0.7059711989228319,-0.7080125618596966,-0.7098176357134491,-0.7113933774362238,-0.7127467446190607,-0.7138846824723544,-0.7148141109789705,-0.7155419121296447,-0.7160749171430254,-0.7164198935635042,-0.7165835321928284,-0.7165724339967028,-0.7163930972885595,-0.7160519054211036,-0.7155551150124069,-0.7149088446311964,-0.7141190638570407,-0.7131915826369379,-0.7121320409449652,-0.7109458989629189,-0.7096384280957082,-0.7082147029402677,-0.7066795940997039,-0.7050377616856451,-0.7032936493854933,-0.7014514790581998,-0.6995152460299394,-0.6974887154417644,-0.6953754198967914,-0.6931786583902593,-0.6909014963771227,-0.688546766849278,-0.6861170723256649,-0.6836147876303684,-0.6810420632923453,-0.6784008294661845,-0.6756928004500722,-0.6729194799918545,-0.6700821675213646,-0.6671819653323112,-0.6642197866460364,-0.6611963644368046,-0.6581122609010421,-0.6549678774554692,-0.6517634651377548,-0.6484991353170031,-0.6451748706545786,-0.6417905362441587,-0.638345890840931,-0.6348405980669156,-0.6312742374641331,-0.627646315271619,-0.6239562748073979,-0.6202035063582017,-0.6163873564912947,-0.6125071366789641,-0.6085621311826088,-0.6045516043315686,-0.600474807495381,-0.5963309860033661,-0.59211938606758,-0.5878392616333059,-0.5834898810704559,-0.5790705336302437,-0.5745805355661915,-0.5700192358118628,-0.565386021148818,-0.5606803208601434,-0.5559016110141783,-0.5510494187028172,-0.5461233265199468,-0.5411229773355402,-0.5360480792845834,-0.5308984109204431,-0.5256738265159555,-0.5203742614634308,-0.5149997376887399,-0.5095503689899274,-0.5040263662446591,-0.4984280424637362,-0.4927558176737179,-0.48701022362068613,-0.48119190827493696,-0.4753016400595058,-0.46934031169552526,-0.46330894359097385,-0.45720868674901993,-0.4510408252021634,-0.44480677796912715,-0.43850810052979483,-0.4321464858634201,-0.42572376515602883,-0.4192419083017427,-0.41270302428601013,-0.4061093614706266,-0.3994633077498193,-0.3927673905274176,-0.386024276445184,-0.3792367707634199,-0.37240781629898123,-0.3655404918939382,-0.35863801044496313,-0.3517037165215129,-0.34474108360934963,-0.337753711042005,-0.3307453206770816,-0.3237197533729059,-0.316680965332786,-0.30963302438257756,-0.30258010620727305,-0.29552649041792023,-0.2884765561379439,-0.28143477683092044,-0.2744057142992915,-0.26739401192072876,-0.26040438720871606,-0.25344162377560764,-0.24651056278930383,-0.23961609403803408,-0.23276314671698373,-0.22595668002528413,-0.21920167359553488,-0.21250311762790375,-0.2058660025036474,-0.19929530776005322,-0.1927959904688734,-0.18637297309859946,-0.1800311309414866,-0.17377527921763658,-0.16761015996934958,-0.1615404288286868,-0.15557064172804047,-0.14970524162859533,-0.14394854535306933,-0.13830473062159143,-0.13277782338751365,-0.1273716855550333,-0.12209000315882435,-0.11693627508863358,-0.11191380241629645,-0.10702567838545463,-0.1022747791515286,-0.09766375532401383,-0.09319502433561411,-0.08887076371731695,-0.08469290537676955,-0.08066313090336052,-0.0767828679000715,-0.07305328741470163,-0.06947530258177892,-0.06604956852056887,-0.0627764834621587,-0.05965619107491449,-0.05668858398981769,-0.05387330853710637,-0.051209770692487666,-0.04869714322752117,-0.04633437407287744,-0.04412019592019334,-0.04205313709531566,-0.0401315337212651,-0.03835354317841677,-0.03671715884070181,-0.035220225899479374,-0.03386045783486935,-0.03263545306904092,-0.031542711581067806,-0.030579651469587077,-0.029743625496010395,-0.029031937645875416,-0.028441859732879493,-0.02797064800833482,-0.02761555969401286,-0.02737386938100883,-0.027242885275448714,-0.02721996525411896,-0.027302532647539124,-0.027488091684666927,-0.02777424253937255,-0.028158695796051347,-0.028639286084263915,-0.02921398474554593,-0.029880911473405547,-0.03063834485179484,-0.031484731760322404,-0.03241869567118272,-0.033439043825680415,-0.03454477324432048,-0.03573507554261823,-0.03700934049425797,-0.038367158249144495,-0.03980832013874647,-0.04133281798091559,-0.042940841744709246,-0.044632775488608445,-0.04640919164572921,-0.04827084390063874,-0.05021865893796473,-0.05225372718030741,-0.054377292443099634,-0.05659074038965883,-0.058895585796314265,-0.06129345883682902,-0.06378609065937724,-0.06637529839235867,-0.06906296954691271,-0.07185104574121226,-0.07474150581274586,-0.077736348589589,-0.08083757557644589,-0.08404717359282898,-0.08736709726803582,-0.09079925134698641,-0.0943454729208213,-0.09800751383959039,-0.10178702353412916,-0.10568553232925382,-0.10970443521410544,-0.11384497595699372,-0.11810823150642591,-0.12249509687904947,-0.1270062709152313,-0.1316422431288231,-0.1364032816238705,-0.14128942198424,-0.14630045709762385,-0.15143592790310123,-0.15669511502349565,-0.16207703118870143,-0.16758041434231075,-0.17320372137989892,-0.17894512252363626,-0.18480249635909018,-0.19077342556448684,-0.19685519335649104,-0.2030447806701403,-0.20933886407112112,-0.2157338143574421,-0.2222256958119786,-0.22881026615205968,-0.23548297728177658,-0.24223897691966556,-0.2490731111329012,-0.2559799278106709,-0.2629536811275486,-0.2699883370829923,-0.2770775802218566,-0.2842148216338529,-0.2913932083520976,-0.2986056342672043,-0.30584475253195365,-0.3131029892261381,-0.32037255802397624,-0.3276454757693159,-0.33491357899880114,-0.342168541428876,-0.34940189224352736,-0.3566050348944785,-0.3637692662622669,-0.3708857962549388,-0.3779457679048761,-0.38494027779651674,-0.3918603965889744,-0.398697189592923,-0.4054417374622119,-0.4120851568941859,-0.41861862112072146,-0.4250333801285393,-0.431320780681574,-0.43747228608152255,-0.44347949546274634,-0.44933416255784664,-0.45502821401480276,-0.46055376720480723,-0.46590314732922167,-0.4710689037666711,-0.47604382572330195,-0.48082095714179474,-0.48539361069277476,-0.4897553807412365,-0.4939001553681166,-0.4978221275542438,-0.5015158054277293,-0.5049760213678169,-0.5081979399233489,-0.511177064676815,-0.5139092441868627,-0.5163906770017661,-0.5186179155681927,-0.5205878688750118,-0.5222978038547978,-0.5237453456990337,-0.5249284772624918,-0.5258455377094648,-0.5264952205529809,-0.5268765711700425,-0.5269889836732702,-0.5268321969059713,-0.5264062894444947,-0.5257116736325571,-0.5247490887297985,-0.5235195932729368,-0.5220245567359072,-0.5202656505919308,-0.5182448388931178,-0.5159643684404642,-0.5134267586060801,-0.5106347908967521,-0.507591498326228,-0.5043001546253052,-0.5007642633360163,-0.4969875468673166,-0.49297393556201996,-0.4887275567625764,-0.48425272382888807,-0.47955392508279004,-0.47463581272081967,-0.4695031917651562,-0.4641610090583299,-0.458614342252325,-0.4528683888070901,-0.44692845511551127,-0.4407999458808618,-0.43448835381872186,-0.42799924972297987,-0.42133827291645787,-0.41451112209566787,-0.40752354657428924,-0.4003813379118242,-0.3930903218786099,-0.385656350669187,-0.3780852952446736,-0.37038303763868186,-0.3625554630304322,-0.3546084514852197,-0.3465478694956161,-0.3383795616093934,-0.3301093423473134,-0.32174298842971893,-0.3132862312169067,-0.3047447492861579,-0.29612416122509444,-0.28743001884725317,-0.2786678009528174,-0.2698429075573827,-0.2609606544183265,-0.2520262678151468,-0.24304487973537192,-0.23402152363347994,-0.22496113075023771,-0.21586852683604718,-0.2067484292097248,-0.19760544429450277,-0.18844406579869144,-0.17926867351215492,-0.17008353252802522,-0.16089279275980317,-0.15170048883415177,-0.14251054053180212,-0.13332675381133896,-0.12415282227912172,-0.11499232894534117,-0.10584874825431712,-0.09672544854510079,-0.08762569506557583,-0.07855265345950357,-0.0695093935297848,-0.06049889319673696,-0.05152404279441214,-0.04258764989425856,-0.03369244466271937,-0.02484108559692544,-0.016036165456455365,-0.007280217268835543,0.0014242795526087093,0.010074892775662647,0.01866923043910873,0.02720493350806663,0.035679668268599585,0.0440911186454187,0.052436978608874085,0.06071494482662132,0.06892270966301339,0.07705795444526586,0.08511834273134866,0.09310151337347605,0.101005073380243,0.10882659070900758,0.1165635871277928,0.12421353124114631,0.13177383176841317,0.13924183120848,0.14661480003654503,0.15388993152740937,0.16106433725536817,0.1681350433081903,0.17509898723309902,0.18195301567467226,0.18869388260667108,0.19531824807553022,0.20182267742615068,0.20820364101010114,0.2144575143985037,0.22058057913710627,0.22656902407205592,0.23241894726238854,0.23812635849289165,0.24368718242012477,0.2490972624268224,0.2543523652755866,0.25944818663252533,0.2643803575193502,0.2691444517042214,0.27373599398742243,0.27815046936621,0.28238333309218433,0.2864300216030955,0.29028596429834863,0.29394659612712104,0.29740737094785885,0.30066377561808366,0.3037113447657802,0.3065456761831129,0.30916244678223137,0.31155742905563244,0.31372650799980306,0.3156656984522357,0.31737116274906896,0.3188392285907753,0.3200664070017041,0.32104941027325395,0.321785169799206,0.3222708537188623,0.32250388428398935,0.3224819548621909,0.3222030464821515,0.3216654438151991,0.3208677504626891,0.31980890339693246,0.3184881863917113,0.31690524227361294,0.31506008383787076,0.3129531032807762,0.31058508005473584,0.3079571872479221,0.30507099674097304,0.301928483269883,0.2985320273126746,0.2948844166359663,0.2909888463446748,0.28684891738777196,0.2824686336780644,0.2778523980449137,0.27300500705862873,0.2679316446104707,0.2626378741469324,0.2571296295803549,0.25141320504477704,0.24549524369222553,0.23938272556974027,0.23308295447007765,0.22660354373425662,0.21995240119508708,0.2131377134703527,0.20616792964353436,0.199051744261439,0.19179807966121132,0.18441606783390085,0.17691503208700254,0.1693044685852172,0.16159402765795505,0.15379349475605864,0.14591277109810363,0.13796185423895935,0.12995081881248183,0.1218897975115496,0.1137889621965229,0.10565850497461327,0.0975086191087442,0.08934947969443385,0.08119122412318092,0.07304393241336271,0.0649176076329141,0.05682215673614621,0.048767372023306166,0.040762913249110966,0.032818290334724054,0.024942846657445727,0.017145742907921147,0.00943594150071192,0.0018221915193308291,-0.005686985827118463,-0.013083311241210538,-0.02035876085372479,-0.027505579211371867,-0.03451629172396764,-0.04138371654840256,-0.04810097588640616,-0.054661506665063087,-0.0610590705716092,-0.067287763409702,-0.07334202372889109,-0.07921664068471301,-0.08490676108193895,-0.0904078955412757,-0.09571592373513482,-0.10082709863623762,-0.10573804972102607,-0.11044578507111424,-0.11494769230042579,-0.11924153825076189,-0.1233254675008979,-0.1271979998502033,-0.13085802696033966,-0.13430480828769475,-0.1375379663819274,-0.14055748156124537,-0.14336368592859117,-0.14595725669737192,-0.14833920882233542,-0.15051088693593329,-0.1524739565339317,-0.15423039426549678,-0.15578247718199378,-0.15713277087769484,-0.15828411655156316,-0.1592396171789403,-0.16000262313383473,-0.16057671756772862,-0.16096570166295265,-0.16117357973970314,-0.16120454417541197,-0.16106296010598697,-0.1607533498722944,-0.1602803771794825,-0.15964883099745464,-0.15886360938805666,-0.15792970358197778,-0.15685218256080447,-0.1556361782208242,-0.1542868711076295,-0.15280947670556344,-0.1512092322520644,-0.14949138401475892,-0.14766117497245546,-0.14572383288975033,-0.14368455882000575,-0.1415485160684682,-0.13932081960217602,-0.13700652587672835,-0.13461062309239935,-0.13213802191701518,-0.1295935466794802,-0.12698192700767663,-0.12430778990983526,-0.12157565234881673,-0.11878991434949882,-0.11595485262568417,-0.11307461473190727,-0.11015321380992305,-0.10719452397718499,-0.10420227634394053,-0.10118005567218091,-0.09813129774695994,-0.09505928750184722,-0.09196715788665699,-0.08885788950937012,-0.08573431114225372,-0.08259910113901725,-0.07945478974949793,-0.07630376232772562,-0.07314826348321901,-0.06999040224494024,-0.06683215817749044,-0.06367538814754425,-0.06052183335056327,-0.05737312638271419,-0.054230798350253906,-0.05109628606523842,-0.04797093935059138,-0.04485602845073089,-0.0417527515420133,-0.03866224237999916,-0.03558557817724761,-0.03252378779922083,-0.029477860311232007,-0.026448753833605565,-0.023437404509877524,-0.0204447352542374,-0.017471663979840457,-0.014519111155273379,-0.011588006672333506,-0.008679296091663957,-0.005793946335927558,-0.0029329508513882274,-9.733422400159952e-05,0.002711843761254329,0.005493484611811539,0.008246448157393615,0.01096955010311973,0.013661560077316892,0.01632120013913152,0.01894714373265316,0.021538015081908668,0.02409238899728905,0.026608791071879523,0.029085698278045413,0.031521539971755885,0.033914699292104444,0.03626351494784785,0.03856628341416268,0.040821261574500056,0.043026669800994455,0.04518069543276937,0.04728149661207226,0.049327206431584614,0.05131593734689943,0.05324578585685913,0.05511483750366608,0.05692117223778581,0.058662870171986015,0.06033801775262759,0.061944714386314104,0.0634810795603542,0.06494526050199312,0.06633544043847905,0.06764984744675928,0.06888676368282631,0.0700445346761498,0.07112157851241818,0.07211639493230138,0.07302757446984742,0.07385380775668438,0.07459389506441028,0.07524675605576903,0.07581143956039682,0.07628713309536295,0.07667317195347323,0.07696904786735814,0.07717441735297115,0.07728910984047843,0.07731313562535291,0.07724669349619973,0.07709017775057703,0.07684418437023766,0.07650951631507041,0.07608718801740366,0.07557842917621116,0.07498468794047142,0.07430763357510983,0.0735491586925221,0.07271138104272978,0.07179664468862512,0.07080752029924753,0.06974680438086267,0.0686175174259418,0.06742290102940984,0.0661664140083289,0.06485172757138002,0.06348271959568308,0.0620634680233465,0.06059824339094888,0.05909150057132706,0.05754786981515991,0.055972147138426465,0.05436928411020148,0.052744377137450726,0.05110265633489064,0.04944947399226152,0.04779029261877099,0.046130672594252076,0.044476259500626725,0.04283277120538287,0.04120598474018777,0.03960172299198206,0.038025841237264046,0.036484213542451016,0.0349827190040628,0.03352722779557382,0.032123587021999356,0.030777606390650192,0.029495043672120858,0.028281589887605207,0.027142854145864703,0.026084348053849737,0.025111469643761097,0.024229486889161933,0.023443521096439213,0.022758530480608385,0.02217929403168739,0.02171039562377075,0.021356208286853473,0.021120878560893175,0.021008310857915546,0.021022151792813304,0.021165774585959696,0.021442263842217812,0.02185440103631464,0.022404650857581032,0.023095148408465604,0.023927687200135495,0.024903707889770033,0.026024287712722582,0.027290130574598948,0.02870155778437322,0.030258499404190786,0.031960486225393936,0.033806642517483,0.03579567980047216,0.03792589182338446,0.04019515080612024,0.04260090493124835,0.045140177019575844,0.04780956429108585,0.05060523915393844,0.053522951029343346,0.056558029219537787,0.05970538677306081,0.06295952528314075,0.06631454059289155,0.06976412940712606,0.07330159678933512,0.07691986451041544,0.08061148024243892,0.08436862759287322,0.08818313696270508,0.09204649722405378,0.09594986820791007,0.09988409398667386,0.10383971696589356,0.10780699280356032,0.1117759061454322,0.11573618716197132,0.11967732888672344,0.12358860533887395,0.1274590903953694,0.13127767740208895,0.13503309955101628,0.1387139510634654,0.14230870921158356,0.14580575721191025,0.14919340803731274,0.15245992919473395,0.15559356850687323,0.1585825808426975,0.16141525553023683,0.16407994408725557,0.16656508805148462,0.16885924687460374,0.1709511259303227,0.1728296046849067,0.17448376506239782,0.17590292003448127,0.17707664232628417,0.17799479290730602,0.17864754892568868,0.17902543093821777,0.1791193294225053,0.1789205305878241,0.17842074153019638,0.177612114768273,0.17648727214861282,0.1750393281407696,0.17326191256344714,0.17114919261962314,0.1686958939545775,0.16589732053670048,0.1627493733440346,0.15924856788662112,0.15539205055132754,0.15117761375027072,0.1466037098900017,0.14166946419009463,0.13637468633876182,0.1307198809253478,0.1247062566035595,0.11833573400600272,0.11161095245817876,0.104535275491898,0.09711279508118764,0.08934833447536761,0.08124744951052065,0.07281642831158308,0.06406228930774915,0.054992777469429655,0.04561635865763236,0.035942212052773925,0.02598022082810303,0.015740961340384274,0.005235690985990971,-0.005523665331153893,-0.016524530273031246,-0.027753690807706732,-0.03919731658719172,-0.05084097976992297,-0.06266967613473895,-0.07466784753327005,-0.08681940584358472,-0.09910775851263054,-0.11151583558480382,-0.12402611803776864,-0.13662066736138456,-0.14928115642987905,-0.1619889017130447,-0.17472489675266445,-0.18746984671781064,-0.2002042039194123,-0.21290820433244306,-0.22556190518078978,-0.23814522344538602,-0.2506379750612098,-0.2630199147376473,-0.27527077647378917,-0.28737031471586505,-0.2992983459271912,-0.31103479037214754,-0.32255971409158946,-0.3338533711260254,-0.3448962459081528,-0.35566909556352755,-0.36615299187858596,-0.37632936287223373,-0.3861800340277739,-0.3956872692328943,-0.4048338113034404,-0.41360292176861435,-0.42197841963394467,-0.4299447190354968,-0.43748686581925966,-0.4445905730991129,-0.4512422558265925,-0.45742906437209996,-0.46313891704079424,-0.46836053128973987,-0.473083453300994,-0.47729808564741916,-0.48099571294982724,-0.48416852550518996,-0.48680964088084977,-0.48891312346312077,-0.4904740019390488,-0.49148828469680694,-0.49195297316143893,-0.49186607308939756,-0.49122660380980676,-0.49003460539981347,-0.48829114380472305,-0.485998313881538,-0.4831592402633902,-0.4797780758788619,-0.47585999794869593,-0.47141120128463854,-0.4664388887699005,-0.4609512590769853,-0.4549574918063328,-0.4484677301383968,-0.4414930609557999,-0.434045492437356,-0.4261379292578056,-0.41778414552084087,-0.40899875548413434,-0.3997971821851536,-0.3901956240850808,-0.3802110197529913,-0.3698610106567699,-0.3591639022381088,-0.34813862342127777,-0.3368046846853119,-0.3251821348582382,-0.3132915167457213,-0.3011538216945695,-0.28879044323014114,-0.2762231298682565,-0.2634739371971264,-0.2505651793848571,-0.23751938029892017,-0.22435922446181422,-0.21110750803945422,-0.19778708993528937,-0.18442084305433326,-0.17103160584562715,-0.1576421341756884,-0.14427505359677895,-0.13095281213720966,-0.11769763373256126,-0.10453147245392103,-0.09147596771698119,-0.07855240053795853,-0.0657816508409681,-0.05318415595188952,-0.04077987048874121,-0.02858822772653724,-0.016628102364741437,-0.004917774671703512,0.0065251038136935335,0.017683542761119497,0.028541243593927845,0.03908262814604768,0.049292865543073106,0.059157897416028504,0.06866446150760908,0.07780011363565364,0.08655324781799578,0.09491311427768068,0.10286983516751036,0.11041441802105112,0.11753876700095134,0.12423569202353946,0.13049891583230533,0.1363230790729446,0.141703743433645,0.1466373929320568,0.1511214334068498,0.15515419025797428,0.15873490445966354,0.16186372680797234,0.16454171033070253,0.1667708007601476,0.16855382493182702,0.1698944770114892,0.17079730257525227,0.17126768072195375,0.17131180446084926,0.1709366594701649,0.17015000114326995,0.16896032991477483,0.16737686508013638,0.16540951733623643,0.16306886006842092,0.1603660993371463,0.15731304266397217,0.1539220667839345,0.15020608443573025,0.146178510290774,0.1418532262504968,0.13724454626039773,0.13236718065071784,0.12723620010130787,0.12186699942302681,0.11627526121763054,0.11047691937300641,0.10448812246399086,0.09832519720917077,0.09200461203702304,0.08554294080507674,0.07895682683542304,0.07226294739019323,0.0654779785842976,0.058618560805655306,0.05170126482709492,0.044742558687687506,0.037758775286228285,0.030766080732043122,0.02378044363578624,0.016817605417507764,0.00989305155948017,0.0030219838244534003,-0.0037807063757924197,-0.010500463339219834,-0.01712309123038125,-0.023634777132762963,-0.03002211290087331,-0.03627211559299326,-0.0423722464017402,-0.048310428191598476,-0.05407506178450916,-0.05965504100230845,-0.06503976628430053,-0.07021915665939105,-0.07518366001522736,-0.07992426175560041,-0.08443249197483738,-0.08870043127697613,-0.09272071536670268,-0.09648653853426481,-0.09999165614168248,-0.10323038620604308,-0.10619761017412799,-0.10888877297492172,-0.11129988242788613,-0.11342750807683899,-0.11526877949740566,-0.11682138408260556,-0.11808356422010746,-0.11905411368277186,-0.11973237308099982,-0.12011822432839381,-0.12021208413403883,-0.12001489656807962,-0.1195281247712714,-0.11875374186411847,-0.11769422107954597,-0.11635252511839411,-0.11473209470182866,-0.11283683625369179,-0.11067110858244433,-0.10823970840185382,-0.10554785457832594,-0.10260117111494793,-0.09940566906042392,-0.09596772763983807,-0.09229407480457041,-0.08839176720940856,-0.08426816952938054,-0.07993093308648014,-0.07538797395373109,-0.07064745084211665,-0.06571774296439514,-0.06060742785439999,-0.05532525905113772,-0.04988014369651239,-0.04428112027022024,-0.03853733663801506,-0.03265802836858711,-0.026652497151047783,-0.020530089241347582,-0.014300174100831953,-0.00797212350104104,-0.001555291225720623,0.004941006679253235,0.011507511168112217,0.01813503886517509,0.02481449991267226,0.031536914880007316,0.038293430838805875,0.04507533679734621,0.05187407859516924,0.05868127315204674,0.06548872179980236,0.07228842251677747,0.07907258115640303,0.08583362189078514,0.09256419703839214,0.09925719633394436,0.10590575551145776,0.11250326394239352,0.11904337118934905,0.12551999254718282,0.1319273137127297,0.138259794682142,0.14451217296412722,0.15067946624174056,0.15675697464997285,0.16274028275541497,0.16862526110856635,0.1744080671098942,0.1800851450240799,0.18565322512532845,0.19110932206747577,0.19645073264448598,0.20167503307879997,0.20678007588033864,0.21176398626645465,0.2166251581496894,0.22136224972076235,0.22597417862596103,0.23046011672018096,0.23481948443587441,0.2390519448841104,0.24315739779366652,0.24713597332079473,0.25098802573126733,0.25471412696663265,0.2583150601000668,0.26179181266662965,0.2651455698425096,0.26837770744170797,0.2714897846953903,0.274483536787244,0.2773608671218142,0.2801238392974028,0.2827746687417658,0.28531571396689515,0.28774946740342244,0.290078545763258,0.2923056798767334,0.29443370397996205,0.2964655444962858,0.2984042084581304,0.3002527717663881,0.3020143674382254,0.3036921739132694,0.30528940343157274,0.3068092904893618,0.30825508038819294,0.30963001787934985,0.3109373358838923,0.31218024424464375,0.31336191844576433,0.3144854882497796,0.31555402625086515,0.31657053645542277,0.3175379431265739,0.31845908010941315,0.31933668071283705,0.3201733681237968,0.32097164628318353,0.32173389115727247,0.3224623425038047,0.3231590964283413,0.3238260989864301,0.32446514087441614,0.32507785309331183,0.32566570345233714,0.3262299938254998,0.3267718580706287,0.3272922604909425,0.3277919947776269,0.32827168352691416,0.32873177854616387,0.3291725620960335,0.32959414906915896,0.32999649005611786,0.3303793752169284,0.3307424388268245,0.3310851643917019,0.3314068902861962,0.33170681586648243,0.33198400796308647,0.3322374076436816,0.3324658371830438,0.3326680072208106,0.3328425240753816,0.33298789714258703,0.33310254629143543,0.3331848091987979,0.33323294861133235,0.33324515953788136,0.33321957633846466,0.3331542796286371,0.333047302918402,0.3328966389547361,0.33270024578224877,0.3324560525478617,0.33216196506524653,0.33181587115530675,0.3314156457861941,0.33095915600191006,0.3304442655766806,0.3298688393356741,0.3292307471212652,0.32852786740791373,0.3277580905828543,0.3269193219201014,0.32600948427145227,0.32502652048413694,0.3239683955650108,0.32283309863161946,0.3216186446658966,0.3203230760685969,0.3189444640397028,0.31748090981014343,0.31593054573517776,0.314291536270602,0.312562078844671,0.31074040461803065,0.3088247791229932,0.30681350279417074,0.3047049114156195,0.3024973764989767,0.3001893055922835,0.2977791425192322,0.29526536756127086,0.2926464976020853,0.2899210862285386,0.2870877237716485,0.2841450372982166,0.281091690563116,0.27792638391111524,0.274647854130329,0.27125487428304496,0.267746253525587,0.2641208368897878,0.2603775050052164,0.25651517377559685,0.25253279402225104,0.24842935109975173,0.2442038644959439,0.23985538743428947,0.23538300649301647,0.2307858412477941,0.22606304396181542,0.22121379935684615,0.21623732448451705,0.21113286872038373,0.20589971391276407,0.20053717472865884,0.19504459925591533,0.18942136990276026,0.18366690459395585,0.17778065824104772,0.17176212446073436,0.16561083752468164,0.15932637453796872,0.15290835785960155,0.1463564578376122,0.13967039598900755,0.13284994873716727,0.12589495176987953,0.11880530507665554,0.11158097871646078,0.104222019216472,0.0967285562930087,0.0891008096021082,0.08133909544119433,0.07344383346835315,0.06541555351071793,0.05725490251858645,0.04896265175108283,0.04053970421882269,0.03198710216712897,0.023306034225434757,0.014497841995392946,0.005564026071077421,-0.0034937484695518606,-0.012673647088845996,-0.021973661280824786,-0.031391604434737985,-0.04092510799949878,-0.05057161794253062,-0.06032839153415637,-0.07019249449135145,-0.08016079854503033,-0.09022997955030831,-0.1003965162510525,-0.11065668975449228,-0.12100658374247786,-0.1314420854427354,-0.1419588873577311,-0.15255248969324953,-0.16321820339629767,-0.17395115373263792,-0.18474628435388496,-0.19559836182111923,-0.20650198059947655,-0.21745156858617776,-0.2284413932541156,-0.23946556849907807,-0.25051806226032625,-0.2615927049411013,-0.27268319862999846,-0.2837831271366795,-0.2948859668364392,-0.30598509816313424,-0.31707381743575525,-0.3281453487813124,-0.3391928561126605,-0.3502094552322603,-0.36118822616814583,-0.37212222583907817,-0.3830045011042884,-0.39382810213922426,-0.4045860958874741,-0.4152715792940356,-0.4258776922019223,-0.43639762995714193,-0.44682465581129094,-0.45715211321755334,-0.4673734381181234,-0.4774821713165309,-0.4874719709538624,-0.4973366249051878,-0.5070700627678661,-0.5166663672301226,-0.526119784810696,-0.535424736038749,-0.5445758251538564,-0.5535678494147191,-0.5623958080878637,-0.5710549111784218,-0.5795405879826419,-0.5878484955283696,-0.595974526852082,-0.6039148188940118,-0.6116657597517374,-0.6192239951294596,-0.6265864339174314,-0.6337502528878787,-0.6407129005072747,-0.6474720998608063,-0.6540258507089192,-0.6603724307126342,-0.6665103958496275,-0.6724385800498425,-0.6781560940959608,-0.6836623238229649,-0.6889569276334981,-0.6940398333307201,-0.6989112342566486,-0.7035715847332469,-0.7080215948280326,-0.7122622244757153,-0.7162946770186451,-0.7201203922666366,-0.723741039142169,-0.727158507907447,-0.7303749019454102,-0.7333925290674301,-0.7362138923377586,-0.7388416804507898,-0.7412787577219149,-0.7435281537397387,-0.7455930526972168,-0.7474767823782003,-0.7491828027498215,-0.750714694108737,-0.7520761447378987,-0.7532709380633449,-0.7543029393478591,-0.7551760819635831,-0.7558943532569273,-0.7564617799937636,-0.7568824133824208,-0.7571603138000285,-0.7572995355317005,-0.7573041118351966,-0.757178040456246,-0.7569252695671054,-0.7565496840667478,-0.7560550921818248,-0.7554452123083308,-0.7547236600454497,-0.7538939353885468,-0.7529594101293071,-0.7519233157109326,-0.7507887319097932,-0.7495585765780248,-0.7482355964785157,-0.7468223591909222,-0.7453212460867533,-0.7437344463640443,-0.7420639521104846,-0.7403115543490841,-0.7384788400167395,-0.7365671898319945,-0.7345777770151898,-0.732511566830425,-0.7303693169286589,-0.7281515784745451,-0.7258586980388912,-0.7234908202487915,-0.721047891193713,-0.718529662578625,-0.7159356965935046,-0.7132653714194817,-0.7105178872667537,-0.7076922728803154,-0.7047873924939765,-0.7018019532707953,-0.6987345133614298,-0.6955834907170697,-0.6923471726675956,-0.6890237261523922,-0.6856112084932278,-0.6821075786663471,-0.6785107090498101,-0.6748183976238025,-0.6710283806093571,-0.6671383455118729,-0.6631459445115837,-0.6590488081236998,-0.6548445590544674,-0.6505308262285254,-0.6461052590082801,-0.6415655416431463,-0.636909407979374,-0.6321346564467234,-0.6272391652783895,-0.6222209077461187,-0.617077967059025,-0.6118085506602426,-0.6064110038172288,-0.6008838224794957,-0.5952256654141621,-0.5894353656511768,-0.5835119412581733,-0.5774546054475422,-0.5712627760232252,-0.5649360841647422,-0.5584743825185683,-0.5518777525674565,-0.5451465112694294,-0.5382812169685636,-0.531282674583494,-0.5241519400757184,-0.5168903241894967,-0.509499395447996,-0.5019809823968018,-0.49433717510336095,-0.486570325913398,-0.47868304943739304,-0.47067822172926554,-0.4625589785983877,-0.4543287129365723,-0.4459910709066577,-0.4375499468876711,-0.42900947716510274,-0.4203740324208951,-0.411648209105266,-0.4028368197761978,-0.39394488245086734,-0.38497760894055943,-0.37594039209619723,-0.36683879191275537,-0.3576785205080171,-0.34846542601630404,-0.3392054754113687,-0.3299047363331624,-0.3205693581790854,-0.3112055528196649,-0.3018195751862791,-0.2924177038106208,-0.2830062212980451,-0.2735913946711932,-0.2641794555409689,-0.2547765802119386,-0.24538887005527954,-0.23602233254580085,-0.22668286316275044,-0.2173762281538032,-0.2081080481562978,-0.1988837827274068,-0.18970871579870163,-0.18058794199300365,-0.17152635372313796,-0.16252862903325394,-0.153599220208676,-0.14474234322873514,-0.13596196815414885,-0.12726181055769104,-0.11864532408301187,-0.11011569414681333,-0.10167583279678638,-0.09332837476915756,-0.08507567474871536,-0.07691980576499446,-0.06886255861747514,-0.06090544220920435,-0.0530496846967452,-0.04529623542744332,-0.03764576772261563,-0.03009868262831361,-0.022655113717526376,-0.015314932955462268,-0.008077757629266102,-0.0009429583441047384,0.006090331957629758,0.013023208104570472,0.01985698220116916,0.02659317275953299,0.03323349352300653,0.03977984195913109,0.04623428740083568,0.05259905880114246,0.058876532085264444,0.06506921720681902,0.0711797451479157,0.07721085509086123,0.08316538184820388,0.08904624352173585,0.0948564293354579,0.10059898756164642,0.10627701338894724,0.11189363658400708,0.11745200895700236,0.12295529187066734,0.1284066441290932,0.13380921046083216,0.13916611064087192,0.14448042922290938,0.14975520582624569,0.1549934258767678,0.16019801166401493,0.16537181358745556,0.17051760151124995,0.17563805617555062,0.18073576063461871,0.18581319178682065,0.19087271219864022,0.1959165624440189,0.20094685407380553,0.20596556322795578,0.21097452484602286,0.21597542742254916,0.22096980828094814,0.22595904934804878,0.23094437339670293,0.2359268407117625,0.24090734614103582,0.24588661651567634,0.2508652084373537,0.25584350641830156,0.26082172135558324,0.26579988932016363,0.27077787063683445,0.2757553492475395,0.280731832349737,0.28570665026228426,0.29067895645994923,0.2956477277690226,0.3006117647884494,0.30556969262778466,0.31051996203166965,0.31546085093153664,0.32039046646125513,0.325306747527506,0.3302074680913094,0.33509024129818954,0.33995252446178625,0.34479162469926194,0.34960470493236073,0.3543887901162961,0.35914077373411857,0.3638574246520321,0.3685353944400305,0.373171225183917,0.37776135760476137,0.3823021392129178,0.38678983240950515,0.3912206226405388,0.3955906267277527,0.39989590139674647,0.40413245184019786,0.4082962400677346,0.4123831929477788,0.41638921004525287,0.4203101714118702,0.42414194539892236,0.42788039637559194,0.4315213921069798,0.4350608106297926,0.4384945466442147,0.44181851756520274,0.44502866940785424,0.4481209826252268,0.451091477916016,0.4539362218798786,0.4566513322866683,0.4592329827733508,0.46167740693515924,0.4639809018733345,0.4661398313032805,0.46815062837053745,0.4700097983251581,0.47171392115487265,0.47325965424195715,0.4746437350936219,0.47586298418755035,0.47691430798030154,0.47779470213168906,0.4785012549867531,0.4790311513417933,0.47938167652282004,0.4795502208141258,0.47953428426936284,0.479331481894647,0.47893954911494063,0.47835634739852395,0.4775798699579781,0.4766082474962374,0.4754397539677484,0.474072812319541,0.4725060002093855,0.47073805573450755,0.4687678832019415,0.4665945589553644,0.4642173372847651,0.4616356564671662,0.45884914495611895,0.4558576276586237,0.4526611321936471,0.4492598950583897,0.4456543676774274,0.44184522230695933,0.43783335773196086,0.43361990468731904,0.4292062309585276,0.4245939461142214,0.41978490576357785,0.4147812151971735,0.40958523230412425,0.40419956968619175,0.3986270958547635,0.3928709353541322,0.3869344677244726,0.3808213254359387,0.37453539111645995,0.36808079431582996,0.36146190779094667,0.35468334318282047,0.3477499460005973,0.34066678985251997,0.3334391698775292,0.32607259544254674,0.3185727823133604,0.31094564449670514,0.3031972858058296,0.2953339910913755,0.2873622170415331,0.27928858246352206,0.2711198580426739,0.262862955760788,0.25452491829540946,0.24611290862617352,0.23763419987408696,0.22909616530770904,0.22050626842768395,0.2118720530430167,0.20320113327573353,0.19450118344288114,0.1857799278407839,0.1770451306183105,0.16830458598821707,0.1595661088926974,0.15083752608263268,0.14212666751410552,0.1334413579654239,0.1247894087921324,0.11617860976484451,0.1076167209804737,0.09911146485502087,0.09067051815090821,0.0823015039575381,0.07401198359334415,0.06580944844319703,0.05770131172202042,0.04969490010388711,0.04179744517140449,0.034016074693099085,0.026357803741881014,0.018829525640875033,0.011438002704061034,0.004189856758195276,-0.00290844053435535,-0.009850577554509243,-0.01663041283178046,-0.023241985363725348,-0.029679525117373373,-0.035937463684661,-0.042010445054422973,-0.04789333648108851,-0.05358123944134263,-0.05906950063874916,-0.06435372302334486,-0.06942977683499407,-0.07429381066145879,-0.07894226245313973,-0.08337187043946415,-0.08757968391518034,-0.09156307385731566,-0.09531974331833482,-0.09884773755044307,-0.10214545381783324,-0.1052116508317198,-0.1080454577373331,-0.11064638260521775,-0.11301432040789905,-0.11514956045441949,-0.11705279319048856,-0.11872511623815996,-0.12016803959218691,-0.12138348994989911,-0.12237381417347848,-0.12314178186355917,-0.12369058698894975,-0.12402384846615178,-0.12414560954830733,-0.1240603359152459,-0.12377291238840371,-0.12328863819496405,-0.12261322072424008,-0.12175276774396337,-0.12071377804228689,-0.11950313043771388,-0.11812807107954626,-0.11659619896342122,-0.11491544959768873,-0.11309407680749217,-0.1111406328287643,-0.10906394698156419,-0.10687310313223009,-0.10457741600676229,-0.10218640635172704,-0.09970977489415844,-0.09715737510763489,-0.09453918502924097,-0.09186527851885984,-0.08914579620147123,-0.0863909161299361,-0.0836108241387592,-0.08081568385549787,-0.07801560644389838,-0.07522062036873223,-0.07244064154919272,-0.06968544414446143,-0.0669646320630406,-0.06428761118937132,-0.06166356229903869,-0.059101414668184304,-0.056609820392985455,-0.05419712941763066,-0.05187136529112024,-0.0496402017638502,-0.04751094042016746,-0.04549048953735024,-0.04358534428035199,-0.04180156825665193,-0.040144776427261775,-0.03862011939310861,-0.037232269100371695,-0.03598540598004263,-0.03488320751634433,-0.03392883826292348,-0.033124941305587186,-0.03247363114632407,-0.03197648802218822,-0.03163455369784174,-0.03144832879216608,-0.031417771745260836,-0.03154229952642851,-0.031820790149616585,-0.03225158709517473,-0.03283250575508134,-0.033560841866510316,-0.034433381656477025,-0.03544641335106746,-0.03659573986674758,-0.037876692713396665,-0.03928414727446494,-0.04081253962581144,-0.04245588484641161,-0.044207796515934206,-0.0460615070834649,-0.04800988898821856,-0.050045476554345214,-0.05216048873559487,-0.05434685276662776,-0.05659622858720326,-0.058900033705263866,-0.06124946822745159,-0.06363554000843408,-0.06604909000522952,-0.0684808179639731,-0.07092130851689404,-0.07336105756760247,-0.07579049865013587,-0.07820002896917799,-0.08058003500695321,-0.08292091774648469,-0.08521311761947459,-0.08744713923898928,-0.08961357593067731,-0.09170313409669006,-0.09370665739977824,-0.0956151505725984,-0.09741980255141414,-0.09911200874518755,-0.10068339238100066,-0.10212582489087652,-0.10343144534056137,-0.10459267893165247,-0.10560225457681582,-0.10645322154368131,-0.10713896518993238,-0.10765322177606151,-0.10799009230966305,-0.10814405542199523,-0.10810997929343813,-0.10788313259323701,-0.10745919440431351,-0.10683426316354883,-0.10600486465636294,-0.10496795906999523,-0.10372094713206792,-0.10226167540265862,-0.10058844074412576,-0.09869999391651163,-0.09659554225729039,-0.09427475148100939,-0.0917377466799536,-0.08898511256882813,-0.08601789295425277,-0.08283758941369967,-0.0794461592102067,-0.07584601248026246,-0.07204000870444105,-0.0680314524360881,-0.06382408824655528,-0.059422094821378835,-0.05483007808690843,-0.05005306321614711,-0.04509648540512501,-0.0399661794299675,-0.03466836819741559,-0.02920965062767067,-0.023596989084907705,-0.01783769636682564,-0.011939422190309301,-0.005910139108344481,0.0002418722184671651,0.006508038477164746,0.012879509900599828,0.019347177045176522,0.025901687856539013,0.03253346485338682,0.03923272247548937,0.045989484721289386,0.05279360315155657,0.05963477527591721,0.06650256335868221,0.0733864137350082,0.08027567664336033,0.08715962632153662,0.09402748098952429,0.10086842252110273,0.10767161579783391,0.11442622778126577,0.12112144634659217,0.1277464989241679,0.13429067098484637,0.1407433244181462,0.14709391585866882,0.15333201498339832,0.15944732279467644,0.16542968987376838,0.17126913444925407,0.17695586002157881,0.18248027235891584,0.18783299581591706,0.19300488898657875,0.19798705969210317,0.20277087931188476,0.20734799647582491,0.2117103501047808,0.2158501817851075,0.2197600474939989,0.22343282869125858,0.22686174277837523,0.23004035291009473,0.23296257714986268,0.2356226969724915,0.2380153650981427,0.24013561265088157,0.2419788556708582,0.24354090097959613,0.24481795133993245,0.24580660988500114,0.24650388386449862,0.24690718774380827,0.24701434561626456,0.24682359285144173,0.246333576945311,0.24554335760473123,0.24445240611050423,0.24306060398987483,0.24136824102721022,0.23937601261799557,0.23708501646189006,0.23449674861616643,0.23161309892114446,0.22843634577951377,0.2249691502793496,0.22121454964840126,0.21717594999766732,0.21285711831678356,0.20826217370303368,0.20339557779344375,0.19826212437475021,0.19286692820008966,0.18721541307813538,0.18131329926801243,0.17516659017734781,0.16878155838804076,0.1621647310647063,0.15532287476575135,0.14826297962804347,0.14099224292053236,0.13351805199702937,0.12584796664422981,0.11798970080080551,0.10995110366604166,0.10174014030818768,0.0933648720543232,0.08483343706701163,0.07615403139685384,0.06733489058024844,0.05838427177404526,0.04931043643591693,0.04012163354141052,0.030826083317990083,0.021431961494407403,0.011947384056647081,0.0023803925304974882,-0.007261060035510525,-0.01696912208711865,-0.026736055370271572,-0.03655424545983976,-0.04641621099511184,-0.05631461165315699,-0.06624225492726055,-0.07619210176174818,-0.08615727107517301,-0.09613104321159938,-0.1061068623892325,-0.11607833820240643,-0.12603924618226614,-0.13598352743277786,-0.1459052874222735,-0.15579879402944385,-0.16565847490166163,-0.1754789141434685,-0.18525484835356565,-0.19498116205491556,-0.2046528825907643,-0.21426517458596095,-0.22381333404572956,-0.2332927820895705,-0.24269905829167016,-0.2520278136457961,-0.26127480322683283,-0.2704358786470209,-0.279506980393208,-0.28848413008827123,-0.2973634227009967,-0.3061410187419824,-0.3148131364811917,-0.32337604422622945,-0.3318260527128132,-0.34015950764101177,-0.3483727823382594,-0.3564622704910789,-0.36442437891522417,-0.37225552039586773,-0.3799521066502436,-0.3875105414512916,-0.3949272139437099,-0.4021984921597124,-0.40932071671762316,-0.4162901947599522,-0.423103194319566,-0.42975593932436595,-0.4362446053538491,-0.44256531620272455,-0.4487141413037108,-0.4546870940244503,-0.4604801307916304,-0.46608915095779224,-0.4715099973379182,-0.4767384573919955,-0.48177026507607934,-0.48660110341957363,-0.4912266078945109,-0.4956423706153217,-0.49984394538748944,-0.503826853610299,-0.5075865910358175,-0.511118635404145,-0.5144184549824047,-0.5174815180453507,-0.5203033033603077,-0.5228793117421873,-0.5252050787341247,-0.5272761884687114,-0.529088288767845,-0.5306371074516107,-0.5319184696069286,-0.5329283154608575,-0.5336627186555702,-0.5341179048968883,-0.5342902710092545,-0.5341764044276616,-0.5337731030573707,-0.5330773952346135,-0.5320865594598843,-0.530798143786761,-0.5292099849722192,-0.527320227500006,-0.5251273424706966,-0.5226301461695115,-0.5198278179522262,-0.516719917135859,-0.5133063988158852,-0.5095876286926071,-0.5055643969906072,-0.5012379315076174,-0.49660990978818376,-0.49168247028227086,-0.48645822216237633,-0.48094025348616043,-0.4751321376145796,-0.46903793795161874,-0.4626622110576264,-0.4560100081501659,-0.44908687502663724,-0.44189885045662436,-0.4344524630709756,-0.42675472676718584,-0.4188131346474151,-0.41063565148046166,-0.40223070469001954,-0.3936071738850302,-0.38477437891726396,-0.3757420664860973,-0.3665203954015226,-0.35711992062054776,-0.3475515761418535,-0.3378266568587023,-0.3279567994539079,-0.3179539623777856,-0.30783040495460057,-0.2975986656591658,-0.28727153953084894,-0.2768620546050826,-0.26638344720021934,-0.25584913594673253,-0.24527269460558188,-0.23466782390790542,-0.2240483226700576,-0.213428058255559,-0.2028209363463489,-0.1922408701238183,-0.181701749077547,-0.17121740757987425,-0.16080159331217914,-0.15046793572407324,-0.14022991474550395,-0.130100829848935,-0.12009376949792738,-0.11022158113624414,-0.10049684188810204,-0.09093182998422122,-0.0815384969146109,-0.07232844047346987,-0.06331287888347248,-0.054502626035692,-0.04590806786936952,-0.03753914008519388,-0.029405307422955218,-0.021515544546559795,-0.013878318443950377,-0.006501572370858355,0.0006072884511354459,0.007441409227020301,0.013994496137236467,0.020260825247248704,0.026235249942267558,0.03191320687332677,0.03729072021506141,0.04236440402382868,0.04713146264282386,0.051589689248686454,0.05573746268816393,0.059573742737633495,0.0630980638927312,0.06631052781067837,0.06921179453416926,0.07180307258191476,0.07408610797634907,0.07606317229881654,0.07773704985072527,0.07911102399240377,0.08018886274034287,0.0809748036726674,0.0814735381642464,0.08169019500122232,0.08163032342815058,0.08129987562607965,0.08070518859312159,0.07985296543449039,0.07875025610204034,0.0774044376315004,0.0758231940007974,0.07401449586335929,0.07198658041641437,0.0697479315244749,0.0673072600998168,0.06467348472401113,0.061855712540214824,0.058863220453119425,0.055705436597676794,0.052391921962595234,0.048932352038086435,0.04533649836613307,0.04161420986638831,0.03777539386822326,0.03382999697659983,0.02978798604811317,0.025659329455308466,0.021453978608839464,0.017181849595985454,0.012852804835603138,0.008476634831062313,0.004063040277209495,-0.00037838525656042066,-0.0048381720343186885,-0.009306990375456792,-0.013775666538229814,-0.018235198262189556,-0.02267676977981381,-0.027091766136535966,-0.03147178683299501,-0.0358086589113924,-0.040094449566524304,-0.04432147817485088,-0.04848232753040804,-0.052569854249867376,-0.05657719851066645,-0.06049779322246707,-0.06432537252010917,-0.06805397939555036,-0.07167797243867113,-0.07519203183601775,-0.07859116478621786,-0.08187071033319171,-0.0850263434568248,-0.08805407828086231,-0.09095027044340753,-0.09371161881674084,-0.09633516671993902,-0.09881830257500468,-0.10115875981687594,-0.10335461595986573,-0.10540429091604153,-0.10730654474306789,-0.1090604749626749,-0.11066551344683262,-0.11212142268360026,-0.11342829123260145,-0.1145865283773091,-0.11559685812561327,-0.11646031271262558,-0.11717822574128434,-0.11775222511574412,-0.1181842259187107,-0.1184764232783877,-0.11863128509282461,-0.11865154439591663,-0.11854019123148873,-0.11830046403769501,-0.11793584061602758,-0.11745002874594945,-0.11684695648446564,-0.11613076221500052,-0.11530578450652484,-0.11437655181651252,-0.11334777211008173,-0.11222432252034764,-0.11101123913469735,-0.10971370690853632,-0.10833704968207059,-0.10688672028370405,-0.10536829073620879,-0.10378744265320705,-0.10214995791844927,-0.10046170966251111,-0.09872865352213722,-0.09695681919062338,-0.09515230225230198,-0.09332125623768661,-0.09146988479666618,-0.0896044338687716,-0.08773118371148314,-0.085856440664557,-0.08398652855511557,-0.08212777968324758,-0.08028652547996273,-0.07846908708926748,-0.07668176604300925,-0.07493083497419661,-0.07322252822542197,-0.07156303229537997,-0.06995847622751228,-0.06841492212163303,-0.0669383558355463,-0.06553467776774369,-0.06420969361641227,-0.06296910520271837,-0.061818501541274884,-0.06076335020338064,-0.059808988863821355,-0.05896061695161592,-0.058223287500709375,-0.05760189937849702,-0.05710118991949287,-0.05672572782657426,-0.05647990627452515,-0.05636793635419224,-0.05639384102952505,-0.05656144959845477,-0.05687439248767845,-0.057336096259625435,-0.05794977892468722,-0.05871844576240903,-0.05964488572294613,-0.06073166829899179,-0.06198114070589611,-0.06339542532219156,-0.06497641754742745,-0.06672578428612042,-0.06864496309969326,-0.07073516190481399,-0.07299735905488092,-0.07543230364429832,-0.07804051587221039,-0.08082228737112018,-0.08377768160067944,-0.08690653455257547,-0.09020845592863935,-0.09368283078796935,-0.09732882160253098,-0.10114537064669804,-0.10513120263239273,-0.10928482751474178,-0.11360454337559389,-0.11808843928513824,-0.12273439809677456,-0.12754009914397813,-0.13250302075900322,-0.1376204425357841,-0.14288944732880537,-0.14830692302744808,-0.1538695641414236,-0.15957387319048166,-0.16541616184235863,-0.17139255174913615,-0.17749897509403922,-0.18373117490523327,-0.190084705206381,-0.19655493109005562,-0.20313702881052365,-0.20982598598723,-0.21661660202454414,-0.2235034888689924,-0.23048107221141123,-0.2375435932366159,-0.24468511105402513,-0.25189950594521804,-0.259180483532397,-0.26652157991865266,-0.27391616769723726,-0.2813574625450386,-0.28883853014274763,-0.2963522933847571,-0.3038915400389115,-0.31144893107042293,-0.31901700979759084,-0.32658821197907884,-0.33415487680260725,-0.3417092585826822,-0.34924353899770466,-0.35674983990959674,-0.36422023690419536,-0.37164677350377673,-0.37902147581971946,-0.38633636753169043,-0.39358348528528353,-0.40075489454421387,-0.4078427057281644,-0.4148390904564039,-0.4217362979043955,-0.4285266713247111,-0.43520266461585777,-0.4417568587482421,-0.44818197797972914,-0.45447090591342487,-0.4606167013922473,-0.4666126140629814,-0.4724520994258725,-0.47812883335336664,-0.48363672616292064,-0.48896993620730456,-0.49412288276526084,-0.4990902580293195,-0.5038670381814754,-0.5084484937106168,-0.5128301990794384,-0.5170080415909553,-0.5209782291227611,-0.5247372965215717,-0.5282821106992159,-0.5316098745882982,-0.5347181300796677,-0.537604759992746,-0.5402679891145894,-0.5427063843802316,-0.5449188543069781,-0.5469046478043964,-0.548663352455776,-0.5501948923271485,-0.5514995253203736,-0.5525778400262453,-0.5534307519487953,-0.5540594989463088,-0.5544656358131164,-0.5546510280052388,-0.5546178445148158,-0.5543685498940789,-0.553905895470372,-0.5532329098169484,-0.5523528885265634,-0.5512693833166651,-0.5499861904737386,-0.548507338616723,-0.5468370757307426,-0.5449798554025946,-0.5429403221888265,-0.5407232960554182,-0.5383337558976251,-0.5357768223377164,-0.5330577401205687,-0.5301818603105772,-0.5271546222936792,-0.5239815354995443,-0.5206681608030053,-0.5172200917296905,-0.5136429357670309,-0.5099422960641249,-0.5061237536091596,-0.5021928498202755,-0.49815506949970256,-0.4940158242481587,-0.4897804365510723,-0.4854541246980304,-0.48104198855503455,-0.47654899612416557,-0.4719799708580652,-0.46733957984458385,-0.46263232310409563,-0.45786252418167805,-0.45303432204170235,-0.44815166418432995,-0.44321830091691083,-0.4382377806983442,-0.4332134464080042,-0.4281484323728648,-0.42304566210071926,-0.41790784686827465,-0.4127374854101191,-0.40753686482867835,-0.4023080626436695,-0.3970529498191482,-0.3917731946474845,-0.38647026741433166,-0.38114544577164367,-0.3757998207590276,-0.3704343034407884,-0.36504963209076635,-0.35964637977945557,-0.35422496220675015,-0.34878564567805626,-0.34332855517593686,-0.3378536825095182,-0.3323608945154035,-0.3268499412650385,-0.3213204642559546,-0.31577200459412325,-0.31020401115863194,-0.3046158487135102,-0.2990068059400315,-0.2933761033917648,-0.28772290138262946,-0.2820463078053095,-0.27634538587842883,-0.2706191618180327,-0.2648666324155471,-0.2590867725192396,-0.2532785424265569,-0.24744089518843282,-0.24157278383728453,-0.23567316853281994,-0.22974102357159865,-0.22377534419891276,-0.21777515318920138,-0.21173950717492573,-0.20566750271373024,-0.1995582821111057,-0.19341103901864187,-0.18722502379931427,-0.18099954864746337,-0.17473399246028265,-0.16842780544992308,-0.16208051348804986,-0.1556917221905607,-0.14926112075312403,-0.14278848553604462,-0.13627368338225665,-0.1297166746577716,-0.12311751601292542,-0.11647636284431684,-0.10979347143901919,-0.10306920079889892,-0.09630401412045586,-0.08949847989017456,-0.08265327259204014,-0.07576917306766262,-0.06884706857474043,-0.0618879525637297,-0.05489292415979463,-0.047863187342613855,-0.040800049849529785,-0.03370492181594642,-0.026579314116496278,-0.01942483635163228,-0.012243194457781215,-0.005036187955724358,0.0021942931424874246,0.00944627174552437,0.016717687385693125,0.02400640020331224,0.03131019522169254,0.03862678690572352,0.04595382397360481,0.05328889441877749,0.060629530685744726,0.06797321494473607,0.0753173844245012,0.08265943677408671,0.08999673544553843,0.09732661512164498,0.10464638722356057,0.11195334553026726,0.11924477194884275,0.1265179424785714,0.1337701333979382,0.1409986277003199,0.14820072178668653,0.15537373230206697,0.16251500282844944,0.16962191011183592,0.17669186964673855,0.1837223405902364,0.1907108300189364,0.19765489653801893,0.20455215325087295,0.21140027011103513,0.2181969756980564,0.22494005844782095,0.2316273673530418,0.2382568121626818,0.24482636311159922,0.2513340502075039,0.25777796210469006,0.26415624458986287,0.27046709870445795,0.27670877852345654,0.2828795886032154,0.2889778811234933,0.29500205276257674,0.3009505413293283,0.3068218221583763,0.3126144042701924,0.3183268262976071,0.3239576521969312,0.3295054667824857,0.3349688711089698,0.34034647771172644,0.3456369057290942,0.3508387759372624,0.3559507057109741,0.36097130388156273,0.36589916545688084,0.37073286628596236,0.3754709578940023,0.38011196270640824,0.384654369763048,0.38909663091295954,0.3934371574281599,0.39767431700012423,0.4018064311455305,0.4058317730764216,0.40974856605566856,0.41355498221783193,0.4172491418361872,0.420829113006846,0.4242929116697667,0.42763850187312613,0.4308637962301276,0.4339666565213278,0.4369448943619787,0.43979627186092785,0.4425185022200111,0.44510925024010817,0.44756613283004043,0.4498867197815244,0.4520685350254965,0.45410905840549276,0.45600572794819527,0.45775594262998,0.4593570656000736,0.46080642778373715,0.46210133180991875,0.46323905623634687,0.4642168600278538,0.465031987230347,0.465681671824683,0.46616314278677606,0.4664736293488616,0.46661036639478937,0.4665705999217806,0.4663515925533517,0.46595062912277285,0.4653650223458854,0.4645921185847399,0.4636293036716097,0.46247400872425715,0.461123715889876,0.4595759640132755,0.4578283542695232,0.455878555800318,0.4537243113715803,0.45136344306197174,0.44879385799778504,0.44601355414844335,0.4430206261854508,0.43981327140241433,0.4363897956998386,0.43274861963625,0.42888828454290717,0.4248074586794104,0.42050494337201627,0.41597967907719635,0.41123075135335085,0.40625739673504313,0.40105900849892606,0.39563514232180097,0.38998552182940216,0.38411004401436344,0.3780087844996274,0.3716820026244889,0.3651301463207801,0.3583538567476907,0.35135397266110857,0.34413153449094835,0.33668778808624467,0.32902418808515677,0.321142400909018,0.3130443074563729,0.30473200558419933,0.2962078123623755,0.2874742660121399,0.2785341274805262,0.26939038167311224,0.2600462383741089,0.250505132855551,0.2407707261879466,0.23084690531331375,0.22073778295259672,0.21044769737734725,0.19998121206948127,0.18934311532374437,0.17853841984119612,0.16757236235160633,0.15645040331325788,0.1451782267008781,0.1337617397984232,0.12220707282028798,0.11052057818085359,0.09870882935443603,0.08677861937550091,0.07473695902230304,0.06259107469620773,0.05034840602302637,0.03801660320313971,0.025603524116725396,0.013117231214955893,0.0005659882461088728,-0.012041743193272225,-0.024697307333035212,-0.03739185813850554,-0.050116363427306965,-0.06286160921155215,-0.07561820435528688,-0.088376585625916,-0.10112702312348887,-0.1138596260361524,-0.1265643487382775,-0.13923099731655242,-0.1518492366457238,-0.16440859816983533,-0.17689848853567725,-0.18930819917915187,-0.2016269169352043,-0.2138437357197489,-0.2259476692430411,-0.23792766455528636,-0.2497726161782836,-0.26147138074059484,-0.2730127922258987,-0.2843856779969727,-0.29557887566737406,-0.30658125070218745,-0.3173817144969675,-0.3279692427910561,-0.33833289448313764,-0.34846183093304006,-0.3583453356414381,-0.3679728340694197,-0.37733391344091416,-0.3864183425293888,-0.39521609147246295,-0.4037173515133645,-0.41191255442259234,-0.41979239144722413,-0.4273478318368973,-0.43457014106105873,-0.4414508987135335,-0.4479820158979777,-0.4541557518345769,-0.45996472959038925,-0.4654019509973395,-0.47046081085832014,-0.4751351105119923,-0.4794190707274595,-0.4833073437061941,-0.4867950238863301,-0.48987765741863143,-0.4925512503682583,-0.4948122757001485,-0.49665767906446945,-0.4980848834197644,-0.4990917925588505,-0.49967679358567807,-0.4998387583769599,-0.49957704409042236,-0.4988914927742556,-0.49778243009067324,-0.4962506631905157,-0.494297477824702,-0.49192463477091053,-0.48913436562992274,-0.4859293680283656,-0.48231280025466816,-0.4782882753755686,-0.4738598549089019,-0.4690320421287879,-0.46380977506878196,-0.45819841926901717,-0.45220376027148035,-0.44583199583777144,-0.4390897278499608,-0.4319839538356547,-0.424522058035123,-0.41671180191184476,-0.4085613140061213,-0.40007907903584083,-0.3912739262096139,-0.3821550169065375,-0.37273183200755966,-0.3630141590403042,-0.35301207910708143,-0.34273595348116004,-0.3321964097282333,-0.3214043272400886,-0.31037082225878265,-0.29910723271565587,-0.2876251032098125,-0.2759361702041119,-0.26405234731929994,-0.2519857105516934,-0.2397484832584098,-0.22735302088366183,-0.21481179563370745,-0.20213738142085447,-0.1893424392423455,-0.17643970293615752,-0.1634419651533534,-0.1503620633549474,-0.1372128656882623,-0.12400725680983982,-0.11075812394305729,-0.0974783434452533,-0.08418076794662,-0.07087821393944438,-0.057583449633767714,-0.04430918290691466,-0.03106804924765072,-0.017872599787665422,-0.004735289709259405,0.008331532726636226,0.021315636515282677,0.03420491773695744,0.04698740904085952,0.05965128893232219,0.07218489095448888,0.08457671281145451,0.09681542546739763,0.10888988213555706,0.12078912691563204,0.13250240289798398,0.14401915975867752,0.1553290609709066,0.16642199071699082,0.17728806053319346,0.18791761573439203,0.19830124171356545,0.20842977025699128,0.21829428598807965,0.22788613289937842,0.2371969207623863,0.2462185311763676,0.254943123131639,0.2633631380806136,0.271471304568216,0.2792606425075945,0.286724467196386,0.29385639314777023,0.3006503377638978,0.3071005248302967,0.31320148781201596,0.31894807298017014,0.32433544242756795,0.3293590770312562,0.33401477939764845,0.3382986767692131,0.3422072238253193,0.34573720535374974,0.3488857388237179,0.3516502768897638,0.3540286098651322,0.3560188681738694,0.35761952470270586,0.3588293969583063,0.3596476489999816,0.36007379314437316,0.3601076914192376,0.35974955675646214,0.35899995395022444,0.3578598004123066,0.3563303667229647,0.3544132769363344,0.3521105085906555,0.3494243923890039,0.34635761152539146,0.3429132006326441,0.3390945443302442,0.3349053753523563,0.33034977222057194,0.32543215640698264,0.32015728896650586,0.31453026666061845,0.3085565175834688,0.3022417962817414,0.2955921783520594,0.28861405448401456,0.2813141239403478,0.27369938752356404,0.26577714010178966,0.2575549627133711,0.24904071420307616,0.24024252237338573,0.2311687747238551,0.2218281088722378,0.21222940269852586,0.2023817642180461,0.19229452120721646,0.18197721061962824,0.17143956779894154,0.1606915154609041,0.14974315241050107,0.13860474196420114,0.12728670005206055,0.11579958297151194,0.10415407475949223,0.09236097415421085,0.08043118118887804,0.06837568364945668,0.05620554375864373,0.04393188533976655,0.031565881528592854,0.019118743027412677,0.006601706902159776,-0.005973974081221911,-0.01859704161253717,-0.03125624152072248,-0.0439403330064323,-0.05663809744857673,-0.06933834682725148,-0.0820299318115687,-0.09470174954701349,-0.107342751182955,-0.11994194920152523,-0.13248842458699528,-0.1449713338638574,-0.1573799160513758,-0.1697034995051112,-0.18193150847186956,-0.19405346917336175,-0.20605901533259896,-0.21793789313947087,-0.22967996570569227,-0.2412752170751702,-0.2527137558297241,-0.2639858183146018,-0.2750817715304237,-0.28599211574721295,-0.29670748686949366,-0.3072186585937402,-0.31751654444232,-0.32759219975299914,-0.3374368236485381,-0.3470417609813694,-0.35639850429103603,-0.3654986958729296,-0.3743341300474725,-0.3828967556541585,-0.3911786787616194,-0.3991721656170313,-0.40686964590842223,-0.41426371643489546,-0.42134714527449546,-0.42811287650873453,-0.43455403553280547,-0.4406639349882582,-0.4464360813764614,-0.45186418240523807,-0.4569421551111361,-0.46166413482442437,-0.46602448507618277,-0.4700178085429556,-0.4736389590452603,-0.476883054421279,-0.47974548995111377,-0.4822219521072739,-0.48430843260813816,-0.486001242837105,-0.4872970286718328,-0.48819278565907354,-0.488685874274708,-0.4887740349269194,-0.488455402535827,-0.4877285207399211,-0.4865923557944285,-0.48504631005774,-0.48309023478903157,-0.48072444198763975,-0.4779497151651313,-0.47476731908719216,-0.47117900856760997,-0.4671870362784034,-0.4627941593213052,-0.4580036442427087,-0.45281927034069724,-0.44724533129296873,-0.441286635196505,-0.43494850310926836,-0.42823676617680917,-0.4211577614190247,-0.4137183262486346,-0.4059257917956458,-0.3977879750912905,-0.38931317008094624,-0.38051013735224615,-0.37138809248541094,-0.36195669303707234,-0.3522260242494042,-0.34220658357661193,-0.3319092640903776,-0.32134533684075706,-0.3105264322849095,-0.29946452089057374,-0.2881718929846784,-0.27666113790201763,-0.26494512250187796,-0.25303696911242923,-0.24095003292745787,-0.22869787884510373,-0.2162942577278102,-0.2037530820771849,-0.19108840111097436,-0.17831437526224647,-0.16544525030585788,-0.1524953314936326,-0.13947895799075383,-0.12641047768689617,-0.11330422234674842,-0.10017448304056131,-0.08703548578154141,-0.07390136734610309,-0.06078615143123045,-0.04770372547121582,-0.03466781835773247,-0.021691979104396353,-0.008789556418975053,0.004026320888733892,0.016742762809371925,0.02934713644044251,0.04182708354766618,0.054170537040313604,0.06636573612731667,0.0784012401697396,0.09026594137693422,0.10194907652661556,0.1134402378951549,0.12472938352701135,0.13580684682112576,0.14666334525403357,0.15728998807473005,0.16767828298129217,0.17782014191596573,0.1877078861404442,0.19733425074054622,0.2066923886061005,0.215775873713973,0.22457870341440866,0.23309529956404162,0.2413205085932617,0.24924960068982216,0.25687826825371474,0.2642026237827082,0.2712191973346094,0.2779249335291709,0.28431718785876825,0.29039372213010495,0.2961526990440575,0.30159267603344375,0.30671259851040844,0.3115117926800721,0.3159899580644989,0.32014715976406904,0.3239838202628249,0.3275007105126875,0.33069894021058843,0.3335799473651093,0.3361454872859113,0.3383976211035531,0.3403387039263919,0.34197137277119083,0.3432985344002617,0.3443233531515588,0.3450492387961148,0.34547983434546126,0.3456190036377862,0.3454708186081703,0.34503954629443,0.3443296356790455,0.34334570444421075,0.3420925257070948,0.340575014810824,0.3387982162509502,0.33676729081872026,0.33448750302348174,0.33196420883683686,0.3292028438109327,0.32620891162451926,0.3229879731030749,0.3195456357577271,0.31588754386636,0.3120193690777171,0.30794680150511766,0.3036755413242318,0.2992112909382385,0.29455974773834726,0.28972659742538553,0.2847175078337756,0.2795381231958487,0.27419405878497116,0.26869089588629436,0.2630341770865101,0.25722940190202337,0.2512820227375485,0.24519744115103492,0.23898100439713232,0.23263800219173447,0.22617366361945557,0.21959315408967228,0.21290157221989858,0.20610394652929642,0.1992052318439974,0.1922103053233286,0.18512396205245807,0.17795091026903265,0.17069576648437845,0.1633630508196191,0.15595718268756542,0.14848247672681225,0.14094313882627318,0.13334326210443237,0.12568682278543264,0.11797767608968002,0.11021955239716164,0.10241605387053454,0.09457065156357913,0.08668668295219817,0.07876734977466526,0.07081571609452197,0.06283470669556834,0.05482710611894959,0.04679555859492979,0.03874256887736749,0.030670503841776053,0.022581594740778144,0.014477940075543927,0.006361509026454826,-0.0017658546711558643,-0.0099024285424818,-0.018046606990374414,-0.02619689677032966,-0.03435191228795986,-0.042510370570212785,-0.05067108574672119,-0.05883296301448837,-0.06699499219741512,-0.07515624102407514,-0.08331584819783444,-0.0914730162970443,-0.09962700453545636,-0.10777712141531737,-0.11592271731520043,-0.12406317706799541,-0.13219791255934865,-0.14032635534511684,-0.14844794930699834,-0.1565621433823523,-0.16466838437648335,-0.17276610986186824,-0.1808547411968533,-0.18893367668245276,-0.19700228484494886,-0.20505989783906386,-0.21310580498465725,-0.22113924644646943,-0.22915940706056404,-0.2371654103185321,-0.24515631252824477,-0.2531310971606615,-0.26108866938586317,-0.26902785081683334,-0.2769473744768547,-0.28484587999042077,-0.2927219090160449,-0.3005739009549586,-0.3084001889428478,-0.3161989961231768,-0.3239684322160059,-0.3317064903874041,-0.3394110444190588,-0.3470798461937221,-0.35471052350987975,-0.3623005782168889,-0.369847384656417,-0.37734818842238127,-0.38480010545668364,-0.39220012147583816,-0.39954509172885366,-0.40683174110226616,-0.4140566645837467,-0.4212163281004919,-0.4283070697681737,-0.4353251015811921,-0.44226651155570806,-0.44912726633567956,-0.4559032142735404,-0.4625900889818553,-0.46918351332610087,-0.4756790038197849,-0.4820719753955771,-0.48835774654458675,-0.4945315448420331,-0.5005885128927119,-0.5065237147309887,-0.5123321427044516,-0.518008724843547,-0.523548332689316,-0.5289457895629326,-0.534195879320194,-0.5392933556770529,-0.5442329521749016,-0.5490093928344137,-0.5536174035605868,-0.5580517243793679,-0.5623071225790781,-0.5663784067532589,-0.5702604415467718,-0.5739481627600398,-0.5774365925771505,-0.5807208548940608,-0.5837961908020759,-0.5866579742557789,-0.5893017279182189,-0.5917231391499911,-0.5939180760300289,-0.5958826031337523,-0.5976129967224324,-0.599105759129678,-0.6003576323020781,-0.6013656105206024,-0.6021269523395745,-0.6026391917870413,-0.6029001488699066,-0.6029079394195094,-0.6026609843165645,-0.602158018126083,-0.6013980971584729,-0.6003806069750013,-0.5991052693480512,-0.5975721486779975,-0.5957816578810551,-0.5937345637543743,-0.5914319917910973,-0.5888754303892938,-0.5860667343825483,-0.5830081278393919,-0.5797022061113069,-0.5761519371004624,-0.5723606616745514,-0.5683320931369025,-0.5640703156995812,-0.5595797819610695,-0.5548653093845957,-0.5499320757331176,-0.5447856134080737,-0.539431802640955,-0.5338768634707733,-0.5281273464360936,-0.5221901219078902,-0.5160723679961592,-0.509781557061963,-0.5033254410570578,-0.4967120359854462,-0.48994960562755807,-0.48304664448686907,-0.47601185989067574,-0.4688541532534529,-0.4615826006227266,-0.45420643276012385,-0.4467350150318765,-0.4391778272212079,-0.4315444432374207,-0.42384451069482054,-0.416087730350732,-0.40828383545320435,-0.400442571211606,-0.39257367467578774,-0.38468685519120527,-0.37679177545835785,-0.368898033152675,-0.36101514300226967,-0.3531525191907008,-0.3453194580159007,-0.3375251209285963,-0.32977851826662885,-0.3220884939792512,-0.31446371144281926,-0.3069126403329605,-0.2994435445106163,-0.2920644709164222,-0.28478323945768835,-0.277607433812193,-0.27054439303501,-0.26360120387179364,-0.2567846937480809,-0.2501014244564743,-0.24355768653595788,-0.23715949427919725,-0.23091258127610814,-0.22482239639906965,-0.21889410014288302,-0.2131325612435262,-0.20754235352481487,-0.20212775299591357,-0.19689273533451512,-0.19184097392626853,-0.18697583853448663,-0.18230039456748415,-0.1778174028805637,-0.1735293200540795,-0.16943829909338604,-0.16554619050453567,-0.16185454370731378,-0.15836460874475478,-0.15507733825270975,-0.151993389664149,-0.1491131276205735,-0.14643662657385903,-0.14396367357668538,-0.14169377125011806,-0.1396261409139754,-0.13775972586629592,-0.1360931948025268,-0.13462494538627112,-0.1333531079839787,-0.1322755495626069,-0.13138987776360977,-0.13069344518432047,-0.1301833538874888,-0.1298564601570007,-0.129709379541616,-0.12973849222929346,-0.12993994875958492,-0.13030967606426458,-0.13084338382276428,-0.13153657110837003,-0.13238453331813815,-0.13338236941384451,-0.1345249895007825,-0.13580712276719709,-0.13722332584097785,-0.13876799165440445,-0.1404353589099685,-0.14221952222555956,-0.1441144429906842,-0.14611396083219574,-0.14821180539855305,-0.1504016081146986,-0.15267691369295022,-0.15503119130512744,-0.15745784534639995,-0.15995022576466056,-0.1625016379851445,-0.1651053524613033,-0.16775461385206114,-0.17044264981922197,-0.17316267945668073,-0.17590792136986977,-0.17867160140727378,-0.18144696003820826,-0.18422725939240792,-0.18700578997285078,-0.18977587702885046,-0.19253088660030926,-0.19526423127461356,-0.1979693756627512,-0.20063984157216908,-0.20326921289185407,-0.20585114022837558,-0.20837934528906743,-0.21084762498323073,-0.21324985526675988,-0.2155799947859478,-0.21783208831924128,-0.22000026998684064,-0.22207876623853195,-0.22406189864955195,-0.22594408652871323,-0.22771984931731737,-0.2293838087732638,-0.23093069098200658,-0.2323553282310442,-0.2336526607274223,-0.23481773812594753,-0.2358457208792757,-0.23673188144714885,-0.23747160541114454,-0.23806039261923218,-0.23849385858049743,-0.23876773629346104,-0.23887787856168075,-0.23882026074052476,-0.2385909838262421,-0.23818627786589985,-0.2376025057382165,-0.23683616731837986,-0.23588390395819658,-0.23474250319717527,-0.23340890366301892,-0.23188020015964383,-0.23015364895608315,-0.2282266732907985,-0.22609686908266013,-0.22376201077836555,-0.22122005722891203,-0.21846915752667684,-0.21550765679464945,-0.21233410195125657,-0.20894724747133608,-0.20534606112968845,-0.2015297296897458,-0.19749766450022577,-0.19324950696281462,-0.18878513385534035,-0.18410466253285307,-0.17920845603256907,-0.17409712809860167,-0.16877154815212236,-0.16323284623992862,-0.1574824179901455,-0.15152192959352817,-0.14535332280723878,-0.13897881991515249,-0.13240092841469675,-0.12562244505058118,-0.11864645889109937,-0.11147635336462969,-0.10411580729466863,-0.09656879495356208,-0.08883958511611922,-0.08093273911071464,-0.0728531079099497,-0.06460582830214179,-0.05619631815638115,-0.04763027081050808,-0.03891364863518021,-0.030052675812719087,-0.021053830379308636,-0.011923835596427068,-0.0026696506959567046,0.006701538956320974,0.016182332220523676,0.02576512301037326,0.03544211153000276,0.04520531587070309,0.05504658393176243,0.06495760561492148,0.0749299252409088,0.0849549541560819,0.09502398350311125,0.10512819712415933,0.11525868455684218,0.12540645409832507,0.13556244595617528,0.1457175454918911,0.1558625965186593,0.1659884146367716,0.17608580059756207,0.18614555363152618,0.19615848468009034,0.20611542953287199,0.21600726188975727,0.22582490636986563,0.2355593515240244,0.2452016629029785,0.2547429961873675,0.26417461039507373,0.27348788123909173,0.2826743146970756,0.29172556072029465,0.30063342682678496,0.3093898912452886,0.3179871153816123,0.3264174555472934,0.3346734739705681,0.34274794911092243,0.3506338853089943,0.3583245218282798,0.3658133413141371,0.3730940776505136,0.38016072321186556,0.38700753556003065,0.39362904366629436,0.40002005370457283,0.4061756543905588,0.4120912218318509,0.4177624238907143,0.42318522409232173,0.42835588513101186,0.43327097203695075,0.43792735506794855,0.44232221236617164,0.44645303233487965,0.45031761558527705,0.4539140762676581,0.4572408426729808,0.46029665710106116,0.4630805750426745,0.4655919637040924,0.4678304998917824,0.4697961672832349,0.47148925310317225,0.4729103442223348,0.47406032270964715,0.4749403608674072,0.4755519157678876,0.47589672331270805,0.47597679184909936,0.4757943953668047,0.47535206628424476,0.47465258786760245,0.4736989863569434,0.47249452282853355,0.4710426847666156,0.4693471773074833,0.4674119141053694,0.4652410077554876,0.46283875972787314,0.46020964980431955,0.45735832505283724,0.45428958837901234,0.45100838665235443,0.4475197983865016,0.4438290209881117,0.4399413576222173,0.435862203718969,0.43159703316287334,0.42715138433614896,0.422530846256123,0.41774104492763087,0.41278762991935025,0.4076762611830347,0.4024125961410121,0.3970022770395687,0.39145091856568826,0.38576409572500125,0.3799473319686655,0.3740060875817903,0.3679457483712625,0.3617716146775294,0.35548889072246226,0.34910267430625197,0.34261794686465663,0.33603956390609824,0.32937224586369496,0.3226205693855775,0.31578895907092885,0.30888167967570723,0.3019028288102703,0.294856330129484,0.2877459270494569,0.28057517705530444,0.2733474466218624,0.2660659067721056,0.25873352934225835,0.2513530839734557,0.24392713578324532,0.23645804371472678,0.2289479596336932,0.22139882822286694,0.21381238766608845,0.2061901711253853,0.19853350906215184,0.19084353248765495,0.18312117722074817,0.17536718916414884,0.16758213049524073,0.15976638649293307,0.15192017260308432,0.1440435414730601,0.13613638993101773,0.12819846599271045,0.12022937595632044,0.11222859160972831,0.10419545755586057,0.09612919865350023,0.08802892757249481,0.07989365246763214,0.0717222847668566,0.06351364706021911,0.0552664810881609,0.04697945582874041,0.038651175663972026,0.030280188606269576,0.021864994577562413,0.01340405372747,0.004895794777446838,-0.003661376603886879,-0.012269069389034826,-0.02092889877563664,-0.029642477836894443,-0.03841140930516218,-0.04723727753469831,-0.05612164069679437,-0.06506602326766142,-0.07407190882106818,-0.08314073306538461,-0.0922738770618281,-0.1014726606551335,-0.11073833621107809,-0.1200720827045032,-0.12947500017408942,-0.13894810462417695,-0.14849232347928876,-0.1581084916493296,-0.1677973482409385,-0.17755953390599188,-0.18739558862571215,-0.1973059495802545,-0.20729094889475874,-0.21735081127243916,-0.2274856515902215,-0.23769547252988588,-0.2479801623473108,-0.2583394928979459,-0.2687731180071111,-0.27928057221952685,-0.28986126986740857,-0.3005145042516304,-0.31123944665983316,-0.32203514505797415,-0.33290052247434687,-0.34383437519077376,-0.35483537086421535,-0.365902046662697,-0.37703280746237056,-0.38822592417957225,-0.3994795323684599,-0.4107916312244271,-0.42216008305843644,-0.4335826131534901,-0.445056809759798,-0.4565801240011993,-0.4681498696481583,-0.47976322284996087,-0.49141722193136417,-0.5031087673156804,-0.5148346215896069,-0.526591409709873,-0.5383756193606715,-0.5501836014727104,-0.5620115709205251,-0.5738556074371033,-0.5857116568046479,-0.5975755323854486,-0.6094429170657634,-0.621309365684354,-0.6331703079979221,-0.6450210522378654,-0.6568567893111137,-0.6686725975915948,-0.6804634480425236,-0.6922242093309947,-0.7039496527685856,-0.7156344571072921,-0.7272732132742448,-0.7388604291154408,-0.7503905342240387,-0.7618578849400492,-0.7732567695921873,-0.7845814140154488,-0.7958259873094562,-0.8069846076819545,-0.8180513481149347,-0.8290202416124615,-0.8398852859323114,-0.8506404478329017,-0.8612796669089704,-0.8717968590795095,-0.8821859197677782,-0.892440726764562,-0.902555142721333,-0.9125230172546352,-0.9223381887304498,-0.9319944858388425,-0.9414857290383978,-0.9508057318872432,-0.9599483022397237,-0.9689072432909214,-0.9776763544761309,-0.9862494322736595,-0.9946202710014305,-1.002782663690816,-1.0107304030899726,-1.018457282817515,-1.0259570986354376,-1.0332236498135856,-1.0402507406483323,-1.0470321822465394,-1.053561794654783,-1.0598334093891921,-1.0658408724317,-1.0715780477685612,-1.0770388215123248,-1.0822171065887218,-1.0871068479700412,-1.0917020284844838,-1.0959966752618584,-1.0999848668929673,-1.103660741393,-1.1070185050553505,-1.1100524422775493,-1.11275692642986,-1.115126431717833,-1.1171555457522047,-1.1188389824203568,-1.120171594790527,-1.1211483879832898,-1.121764532040153,-1.1220153748269865,-1.1218964549803587,-1.121403514859928,-1.1205325134643402,-1.1192796393168507,-1.117641323365632,-1.1156142519298626,-1.113195379663651,-1.110381942457444,-1.1071714702237543,-1.1035617995833107,-1.0995510864734754,-1.0951378186062186,-1.0903208275625786,-1.085099300267757,-1.0794727897107634,-1.0734412249100558,-1.0670049201523568,-1.0601645834814803,-1.0529213243523756,-1.0452766603533519,-1.0372325229523653,-1.0287912622869015,-1.0199556510353531,-1.0107288873945777,-1.0011145971824362,-0.9911168350671673,-0.9807400848916501,-0.969989259030072,-0.9588696967010861,-0.9473871611694875,-0.93554783576554,-0.9233583186517791,-0.9108256163586148,-0.8979571362911898,-0.8847606785017845,-0.8712444268975759,-0.8574169398607907,-0.8432871401686626,-0.8288643040923205,-0.8141580495896434,-0.7991783236585022,-0.7839353890961505,-0.7684398108845301,-0.7527024422327955,-0.7367344102136073,-0.7205471009495952,-0.7041521443167014,-0.6875613982104198,-0.6707869325947016,-0.6538410135639481,-0.6367360874541745,-0.6194847649221202,-0.6020998049289759,-0.5845940985703066,-0.5669806527400638,-0.5492725737848332,-0.5314830513758722,-0.5136253426860833,-0.4957127568360704,-0.4777586395412854,-0.4597763578533858,-0.4417792849437703,-0.42378078507172035,-0.40579419895566105,-0.3878328295964053,-0.369909928416817,-0.3520386815313046,-0.33423219600061316,-0.31650348609196755,-0.298865459770397,-0.2813309056731157,-0.2639124806359874,-0.2466226976448027,-0.22947391402022532,-0.2124783197511988,-0.1956479261166706,-0.1789945548453744,-0.16252982791652926,-0.1462651579024481,-0.13021173868710179,-0.1143805364290813,-0.09878228075196205,-0.08342745633578375,-0.06832629515982802,-0.053488769494300925,-0.03892458555411338,-0.02464317766978752,-0.010653702844265922,0.0030349644278260257,0.016414237204877224,0.02947582105301194,0.04221171876820762,0.054614234611563006,0.06667597788221258,0.07838986579778151,0.08974912574113603,0.10074729695954687,0.1113782318077341,0.12163609663269881,0.13151537238960742,0.14101085505666333,0.1501176558979722,0.15883120163623943,0.16714723462771275,0.17506181311953384,0.18257131163791485,0.18967242155755315,0.19636215190502782,0.20263783040632433,0.20849710471770777,0.21393794375389774,0.2189586390816558,0.22355780640855727,0.22773438719862327,0.23148765038295238,0.2348171940660606,0.237722947134408,0.24020517072069936,0.24226445948342956,0.24390174260047814,0.24511828435702654,0.24591568434527744,0.24629587746979098,0.24626113397462746,0.24581405961016856,0.24495759597255073,0.24369502098456763,0.2420299493988196,0.23996633315027083,0.2375084614186065,0.2346609602837404,0.23142879182167064,0.22781725256633933,0.22383197151177114,0.2194789079422108,0.21476434918215404,0.20969490813384795,0.20427752044503222,0.19851944125210252,0.19242824161310068,0.18601180484783697,0.17927832288702206,0.17223629255699535,0.16489451168086333,0.1572620749034641,0.14934836924396677,0.14116306956681512,0.1327161342337746,0.12401780104273996,0.11507858336746324,0.10590926634185394,0.0965209029428209,0.08692480982481499,0.07713256277975944,0.06715599185558574,0.05700717635038899,0.04669843986769706,0.036242345430530065,0.025651690512951575,0.014939501799226207,0.00411902947348608,-0.006796259125437132,-0.017792686583291584,-0.028856373294857462,-0.03997324622443443,-0.05112904850814459,-0.062309349682713844,-0.07349955628631477,-0.0846849227499078,-0.09585056269419567,-0.10698146079855064,-0.11806248535441455,-0.12907840159687822,-0.14001388594110864,-0.15085354124801142,-0.1615819131515508,-0.1721835072964879,-0.18264280721150783,-0.19294429262971846,-0.2030724582568766,-0.21301183310203697,-0.22274700049929663,-0.2322626189311876,-0.24154344372194458,-0.2505743494973416,-0.25934035312259596,-0.2678266368831501,-0.2760185718626076,-0.2839017415702898,-0.29146196591671014,-0.2986853256565851,-0.30555818732516116,-0.312067228495323,-0.31819946303967583,-0.32394226615733857,-0.32928339914247573,-0.33421103400196017,-0.3387137780101668,-0.342780698219876,-0.34640134585570337,-0.34956578035649954,-0.352264592739175,-0.35448892807104215,-0.3562305070344891,-0.35748164667831617,-0.3582352804518223,-0.35848497755009134,-0.35822496154474237,-0.3574501282861391,-0.3561560630253737,-0.3543390565490654,-0.35199612004710445,-0.3491249985727265,-0.3457241831036413,-0.3417929212091977,-0.3373312262655972,-0.33233988517441304,-0.3268204646050563,-0.32077531579832197,-0.31420757795672927,-0.30712118026046653,-0.29952084255327094,-0.2914120747247253,-0.28280117478928446,-0.2736952256515863,-0.2641020905528748,-0.2540304071928787,-0.24348958052007674,-0.23248977416899663,-0.22104190047322447,-0.20915760897257485,-0.19684927335228508,-0.1841299767456661,-0.17101349533791677,-0.1575142801883942,-0.14364743711225003,-0.12942870450508792,-0.1148744292342414,-0.10000154089250657,-0.08482752458251497,-0.06937039219747732,-0.053648652151849774,-0.03768127765083307,-0.021487673694586817,-0.005087642965015959,0.011498649378395953,0.028250711944863838,0.04514776421837752,0.06216877435974766,0.07929249768759661,0.09649751578309917,0.11376227600661792,0.13106513127262076,0.14838438008024468,0.16569830672588637,0.182985221502598,0.20022350077903894,0.21739162691900304,0.23446822789788513,0.25143211644987673,0.2682623286922379,0.2849381621738303,0.301439213225585,0.3177454135394129,0.33383706592132256,0.34969487904573526,0.36530000103190474,0.3806340518455329,0.3956791545742675,0.4104179654727389,0.42483370264508835,0.438910173387967,0.4526318002543803,0.4659836457023161,0.47895143506168836,0.49152157770686244,0.5036811865386852,0.5154180958902472,0.5267208777871133,0.5375788563466273,0.5479821201905963,0.5579215329333564,0.5673887418893955,0.5763761851614575,0.5848770972690147,0.5928855134377216,0.6003962725684602,0.607405018733175,0.6139082009425749,0.6199030710303646,0.625387679667412,0.6303608705808657,0.6348222730412516,0.6387722927040542,0.6422121009501396,0.645143622892995,0.6475695241747701,0.6494931965960546,0.6509187425858869,0.6518509585461132,0.6522953171735395,0.6522579488988711,0.6517456225362679,0.6507657251795536,0.649326241350785,0.6474357313944452,0.6451033091191931,0.6423386186737048,0.6391518105761875,0.6355535167675228,0.6315548245959519,0.6271672498077834,0.6224027088380382,0.6172734907162223,0.6117922286849264,0.6059718714217439,0.599825653732772,0.5933670667793791,0.5866098281355576,0.5795678519517935,0.5722552192588353,0.5646861483162482,0.5568749650442086,0.5488360737413913,0.5405839282209399,0.532133003293815,0.5234977664932927,0.5146926501148386,0.5057320237948986,0.496630167776587,0.4874012468300464,0.47805928477251314,0.46861813970159005,0.4590914801508319,0.4494927622404745,0.43983520770422757,0.43013178266895835,0.42039517727295106,0.41063778635415815,0.4008716913191037,0.391108643098697,0.38136004603944684,0.3716369427013433,0.3619499997402045,0.3523094951135093,0.34272530668332024,0.333206902119052,0.3237633299524916,0.3144032116402826,0.30513473451951967,0.2959656456662927,0.2869032468714039,0.27795439100970754,0.2691254799154379,0.2604224637158197,0.2518508415297447,0.24341566344126164,0.23512153366766597,0.2269726148452733,0.2189726333655102,0.21112488570781096,0.20343224571827534,0.19589717277903418,0.18852172078839402,0.18130754783209824,0.17425592642567977,0.16736775425493278,0.1606435653853282,0.15408354192388884,0.14768752611521307,0.1414550328548927,0.13538526261231,0.1294771147695215,0.12372920139502241,0.1181398614750222,0.11270717562607757,0.10742898130244072,0.10230288850899427,0.097326296047342,0.09249640831266959,0.08781025254346275,0.08326469626945965,0.07885646468137253,0.07458215773853993,0.07043826691624133,0.06642119158292559,0.06252725506199397,0.05875272042690938,0.05509380606916636,0.051546701093649006,0.04810758059959852,0.044772620906307736,0.041538014779071375,0.038399986641472594,0.03535480758283427,0.03239880981949028,0.02952840033410098,0.02674007361091668,0.024030423491339548,0.02139615418699492,0.01883409049636242,0.016341187279799385,0.013914538239284013,0.011551384040167534,0.00924911982072274,0.007005302146950498,0.004817655447276081,0.002684077892986636,0.0006026466429389643,-0.0014283775897823148,-0.0034105466316134425,-0.005345221588143545,-0.0072335702238817134,-0.009076564976666646,-0.010874981662446714,-0.012629398988465823,-0.01434019895711458,-0.0160075681766898,-0.017631500066194405,-0.019211797916895534,-0.020748078744659892,-0.022239777862886,-0.023686154122572134,-0.025086295799901848,-0.02643912713861596,-0.027743415549984718,-0.028997779472142327,-0.030200696937932037,-0.031350514975528654,-0.03244545997869608,-0.03348364904287848,-0.034463102004387736,-0.03538175379677,-0.03623746688193563,-0.03702804370268353,-0.03775123921215595,-0.038404773619696186,-0.03898634547962132,-0.039493645051784654,-0.03992436761989637,-0.04027622642601614,-0.04054696507042621,-0.040734369413698346,-0.04083627911092691,-0.04085059892165077,-0.04077530984407929,-0.040608479913124995,-0.04034827433006427,-0.03999296466025726,-0.03954093705930717,-0.03899069961916268,-0.03834088890938858,-0.03759027574943019,-0.036737770269830605,-0.03578242637756546,-0.03472344575958175,-0.03356018151448836,-0.03229214143818382,-0.030918990948421765,-0.029440555606640828,-0.027856823162245803,-0.026167945034934803,-0.024374237200383675,-0.022476180511937116,-0.020474420530142368,-0.01836976696072412,-0.016163192809841576,-0.013855833335128409,-0.011448984833890563,-0.008944103272895632,-0.006342802754602417,-0.0036468538891512026,-0.0008581822013127294,0.0020211333525566033,0.0049888617438611504,0.008042621103079739,0.011179879831125561,0.014397957608075274,0.017694026315474787,0.021065110897069417,0.024508090196043497,0.028019697804914756,0.03159652294583992,0.03523501138730012,0.03893146640858447,0.04268204982209767,0.04648278307973186,0.05032954854689109,0.054218091071682295,0.05814401998911478,0.062102811702388294,0.06608981296057692,0.07010024492323907,0.07412920806893908,0.07817168788912454,0.08222256111875481,0.08627660221554834,0.09032849000944765,0.0943728146576035,0.09840408505875331,0.10241673676054575,0.1064051402279631,0.11036360927232636,0.11428640959091041,0.11816776755200209,0.12200187930552175,0.12578292009127523,0.1295050535653175,0.13316244113191544,0.13674925140437466,0.14025966982065796,0.1436879082554512,0.1470282144910371,0.15027488159646651,0.15342225731275505,0.15646475337761956,0.159396854611785,0.16221312771236995,0.16490822987911002,0.16747691737322867,0.16991405391304681,0.17221461872568966,0.17437371422525416,0.17638657347069397,0.17824856755783003,0.17995521291105376,0.18150217826723747,0.18288529121246455,0.18410054432400358,0.1851441010722823,0.1860123015793178,0.1867016681226943,0.18720891012924312,0.18753092850048603,0.18766481931786672,0.18760787708747273,0.1873575976569981,0.18691168088589905,0.18626803317134488,0.1854247699677103,0.1843802184133665,0.18313292009237614,0.18168163382326696,0.1800253382669723,0.1781632342188928,0.17609474663497338,0.17381952651088284,0.17133745267844347,0.16864863354158643,0.1657534087641963,0.16265235091157848,0.1593462670476029,0.15583620028958478,0.15212343130212247,0.148209479704434,0.14409610537920514,0.13978530965405156,0.1352793362985807,0.13058067230445403,0.12569204845735982,0.12061643971338043,0.11535706538851542,0.10991738917370952,0.10430111895962568,0.09851220639292535,0.09255484603015418,0.08643347395512535,0.08015276576407615,0.07371763380864849,0.06713322352787543,0.060404908755891995,0.05353828610427058,0.046539168663606745,0.03941357918971988,0.03216774275583845,0.024808078723751237,0.01734119188795802,0.009773862806845557,0.0021130375166720228,-0.005634183206367993,-0.013460555067638325,-0.021358702059060874,-0.029321128796659934,-0.03734023320294,-0.045408319413574816,-0.05351761096040519,-0.061660264297344725,-0.06982838254982227,-0.07801402929604961,-0.08620924236320349,-0.09440604771926786,-0.10259647339576361,-0.11077256325526008,-0.1189263905286495,-0.12705007121353873,-0.13513577738349625,-0.1431757502689166,-0.15116231294587834,-0.15908788264844276,-0.16694498281624703,-0.174726254883673,-0.18242446966917214,-0.1900325382113266,-0.1975435220597319,-0.20495064320375178,-0.21224729375754237,-0.2194270452500504,-0.2264836572858826,-0.23341108553886158,-0.2402034891899305,-0.24685523794246933,-0.25336091873859345,-0.2597153421712193,-0.26591354837578507,-0.2719508121572076,-0.2778226472959915,-0.28352481015433284,-0.2890533027657227,-0.2944043755637722,-0.2995745298430279,-0.30456052001360945,-0.30935935570741435,-0.31396830376935014,-0.3183848901006954,-0.3226069012694026,-0.3266323858397371,-0.33045965545391454,-0.3340872857285575,-0.33751411702195355,-0.3407392551242765,-0.34376207191865404,-0.34658220604027434,-0.34919956354258375,-0.35161431858267633,-0.3538269141413295,-0.3558380627889193,-0.3576487475046264,-0.3592602225526207,-0.3606740144005869,-0.361891922634868,-0.362916020821892,-0.3637486572828337,-0.3643924557477831,-0.3648503158656382,-0.365125413566183,-0.36522120127040125,-0.3651414079511568,-0.36489003904996054,-0.36447137619835246,-0.36388997660274924,-0.3631506719048119,-0.3622585663677924,-0.36121903429411617,-0.36003771656148587,-0.35872051617850076,-0.3572735929616897,-0.3557033576128248,-0.35401646532913844,-0.3522198088114976,-0.35032051047600277,-0.34832591378989264,-0.34624357381870396,-0.3440812471699104,-0.3418468814243383,-0.33954860399119013,-0.33719471029165504,-0.33479365130567373,-0.3323540206668554,-0.3298845414326337,-0.32739405245307296,-0.3248914942184271,-0.322385894261501,-0.31988635234977636,-0.3174020255891534,-0.3149421133486996,-0.31251584190086845,-0.31013244887240177,-0.3078011677330821,-0.3055312124345093,-0.3033317621268026,-0.30121194584709343,-0.2991808272128864,-0.2972473892963947,-0.2954205198191602,-0.29370899664714045,-0.2921214734639008,-0.2906664654974733,-0.28935233520981996,-0.2881872779461787,-0.2871793077425693,-0.28633624360960397,-0.28566569647838236,-0.2851750567988418,-0.2848714827178469,-0.2847618887711647,-0.28485293501992714,-0.2851510165619189,-0.2856622533557953,-0.28639248028901676,-0.28734723740083723,-0.2885317601611135,-0.2899509697244227,-0.2916094631041659,-0.2935115032296025,-0.29566100888861513,-0.298061544604991,-0.3007163104978332,-0.3036281321612222,-0.3067994506497911,-0.3102323127062334,-0.31392836136208047,-0.31788882700001153,-0.32211451891996745,-0.3266058173946078,-0.3313626661605795,-0.3363845653438773,-0.3416705649136347,-0.3472192587795888,-0.35302877958876167,-0.3590967942314762,-0.3654205000630526,-0.37199662185790316,-0.37882140952645216,-0.3858906366182282,-0.39319959961037654,-0.40074311799432394,-0.4085155352397649,-0.4165107207668939,-0.4247220730441654,-0.4331425238904103,-0.4417645440566389,-0.45058015018361175,-0.45958091324475703,-0.46875796853869645,-0.4781020271212171,-0.48760338838906137,-0.4972519535683304,-0.507037240054494,-0.5169483966918023,-0.526974220134413,-0.5371031723916389,-0.5473233994876665,-0.5576227510110954,-0.5679888003865514,-0.5784088658713316,-0.5888700323644116,-0.5993591740525304,-0.6098629777444913,-0.6203679666398401,-0.6308605243855538,-0.6413269194464277,-0.6517533298729461,-0.6621258684580127,-0.672430608094686,-0.6826536070784357,-0.6927809342405524,-0.7027986939523672,-0.7126930510676459,-0.7224502558213075,-0.7320566685558703,-0.7414987840170681,-0.7507632550491223,-0.7598369157054705,-0.768706803882516,-0.777360183622875,-0.7857845672248231,-0.793967737107053,-0.8018977671276275,-0.8095630430625107,-0.8169522821844097,-0.8240545520522602,-0.830859288633583,-0.8373563138323448,-0.8435358524682783,-0.8493885487759556,-0.8549054824895634,-0.8600781844481347,-0.8648986514964747,-0.8693593604858165,-0.8734532813062472,-0.8771738889042311,-0.8805151742243567,-0.883471654083344,-0.8860383800603202,-0.8882109464938281,-0.8899854976503647,-0.8913587341184837,-0.8923279184844191,-0.8928908803407936,-0.8930460206647695,-0.8927923155938728,-0.8921293196226117,-0.8910571682383903,-0.8895765800100008,-0.8876888581165119,-0.8853958912328181,-0.8827001536071322,-0.8796047041707808,-0.8761131846025876,-0.8722298163240794,-0.8679593964072652,-0.8633072923612843,-0.8582794357835795,-0.8528823149365294,-0.8471229663367268,-0.8410089653876298,-0.834548416022507,-0.8277499392855887,-0.8206226607682439,-0.8131761968057276,-0.8054206392948586,-0.7973665389680988,-0.7890248870050769,-0.7804070949805606,-0.7715249733435385,-0.7623907087369517,-0.7530168403443582,-0.7434162352316918,-0.7336020625574236,-0.7235877666199784,-0.7133870389364105,-0.7030137896569926,-0.6924821184707213,-0.6818062849417856,-0.6710006781967124,-0.6600797860951602,-0.6490581641857389,-0.6379504046213214,-0.6267711049961093,-0.615534837065411,-0.6042561154970372,-0.5929493669357626,-0.5816288995445191,-0.5703088729758363,-0.5590032687388344,-0.5477258611343743,-0.536490189013513,-0.5253095284678722,-0.5141968664112966,-0.5031648750504729,-0.4922258874099512,-0.4813918741300327,-0.4706744215943388,-0.460084711271719,-0.4496335001455307,-0.4393311022517068,-0.4291873715822945,-0.41921168670133824,-0.4094129372316928,-0.39979951214932896,-0.3903792897555718,-0.3811596292085113,-0.37214736350254185,-0.3633487937815616,-0.3547696848796065,-0.34641526200395845,-0.3382902084871162,-0.3303986645490724,-0.32274422707777717,-0.3153299505137426,-0.3081583489146027,-0.3012313992108844,-0.29455054560586547,-0.2881167050315838,-0.2819302735773661,-0.275991133835781,-0.2702986631220412,-0.26485174253015487,-0.259648766803636,-0.25468765501273793,-0.24996586203010196,-0.24548039076579187,-0.2412278050942689,-0.23720424341968993,-0.2334054328635915,-0.2298267040961406,-0.22646300685600806,-0.22330892621619824,-0.22035869966589416,-0.2176062350836645,-0.21504512967889866,-0.2126686899553576,-0.21046995260584822,-0.2084417060393804,-0.20657651225292994,-0.20486672898594804,-0.20330453223809997,-0.20188193922668063,-0.2005908317933205,-0.19942298012253445,-0.19837006646970679,-0.19742370859810165,-0.1965754828198243,-0.1958169467177271,-0.19513966166390873,-0.19453521518454409,-0.1939952430682581,-0.19351145096847233,-0.19307563527419802,-0.1926797031857248,-0.19231569207642707,-0.19197578827240847,-0.191652345344977,-0.19133790188737976,-0.1910251985463418,-0.1907071939725995,-0.1903770794587345,-0.19002829220387696,-0.18965452725193188,-0.18924974818526863,-0.18880819663770865,-0.18832440069046896,-0.18779318224532204,-0.1872096634754925,-0.18656927243321775,-0.18586774787460314,-0.18510114335781935,-0.18426583067339664,-0.1833585026710125,-0.18237617554937913,-0.18131619063684923,-0.18017621560512254,-0.17895424500219548,-0.1776486000132067,-0.176257927430008,-0.1747811978711198,-0.17321770331005837,-0.1715670539480456,-0.16982917444463652,-0.1680042995123472,-0.166092968889906,-0.1640960217223082,-0.16201459036064847,-0.15985009357980573,-0.15760422922553374,-0.1552789663362404,-0.15287653681549074,-0.15039942672405715,-0.14785036722138756,-0.14523232515174556,-0.14254849327338803,-0.13980228012952978,-0.13699729952126205,-0.13413735954005546,-0.13122645113151066,-0.1282687361417345,-0.12526853480246558,-0.12223031267398454,-0.11915866713258794,-0.1160583134800035,-0.11293407067729788,-0.10979084664521821,-0.1066336230537317,-0.10346743952605664,-0.10029737718450349,-0.09712854148585137,-0.0939660444215491,-0.09081498641170072,-0.0876804383464247,-0.08456742404101902,-0.081480903117928,-0.07842575424951548,-0.0754067586961753,-0.07242858405875552,-0.06949576818924186,-0.06661270334145541,-0.06378362083968625,-0.06101257659734216,-0.05830343767092927,-0.05565986986313476,-0.05308532629806706,-0.05058303688389287,-0.0481559986057718,-0.04580696658474892,-0.04353844584495192,-0.041352683835974346,-0.03925166392419044,-0.037237100118957756,-0.03531043315792459,-0.03347282792285,-0.031725172123259426,-0.030068076189515125,-0.0285018743029255,-0.027026626498738437,-0.025642121802178508,-0.024347882354994965,-0.023143168480018517,-0.02202698464540731,-0.020998086301169394,-0.020054987539815272,-0.019195969491548226,-0.018419089329697158,-0.017722189765272844,-0.017102908972333353,-0.016558690957801048,-0.016086796403406822,-0.01568431398197845,-0.01534817212909445,-0.015075151235677708,-0.014861896209218628,-0.014704929304315328,-0.014600663090810428,-0.014545413488370684,-0.014535412891994781,-0.01456682344200999,-0.014635750486405641,-0.014738256287841978,-0.014870374039041678,-0.015028122254136633,-0.015207519555559657,-0.015404599733635393,-0.015615426778971653,-0.01583610955972148,-0.016062815988753698,-0.01629178669607967,-0.016519348268779765,-0.01674192612738068,-0.016956057112679446,-0.017158401845705384,-0.01734575683451567,-0.01751506610555964,-0.017663432027468673,-0.017788125117945697,-0.017886592810064883,-0.017956467252410846,-0.01799557224258308,-0.018001929363535396,-0.017973763347171712,-0.017909506690834576,-0.017807803559165336,-0.017667512904012028,-0.017487710558043545,-0.017267690047553685,-0.017006962078937704,-0.016705252806438864,-0.016362500964767435,-0.01597885389124798,-0.01555466248045434,-0.015090475183590968,-0.014587031179715382,-0.014045252783780882,-0.013466237125982161,-0.012851247182823045,-0.012201702275987714,-0.011519168114595857,-0.010805346408680805,-0.010062064111252766,-0.009291262396146749,-0.008494985459819304,-0.007675369184944714,-0.0068346297019346025,-0.005975051928764685,-0.005098978192243919,-0.004208796984435992,-0.0033069318618146326,-0.0023958305429090387,-0.0014779543009737495,-0.0005557677067216105,0.0003682712627721685,0.0012917207326097468,0.002212164015453766,0.0031272181909898222,0.00403454209669718,0.004931843698365412,0.005816886850318781,0.006687497464604064,0.007541569107900159,0.008377068033446733,0.00919203761957732,0.009984602143731536,0.010752969812607205,0.011495435009976518,0.012210379774131752,0.012896274533389374,0.013551678119753774,0.014175237083016157,0.014765684336715879,0.015321837173075892,0.01584259468967275,0.016326934679987914,0.016773910045372986,0.01718264476784981,0.017552329464479044,0.01788221654995681,0.018171615022822607,0.018419884861778257,0.018626431035386304,0.018790697200479656,0.018912159223098968,0.01899031863082712,0.01902469603560064,0.019014824568913014,0.0189602434303211,0.01886049164995285,0.01871510214815686,0.018523596210201276,0.018285478518556886,0.018000232867748878,0.017667318676664934,0.01728616842432018,0.01685618608607342,0.01637674647118814,0.015847195209602205,0.015266849199171872,0.01463499750536812,0.013950902827765788,0.013213803679036573,0.012422917412401091,0.011577444164046824,0.010676571579693928,0.009719480048147489,0.008705348276848213,0.007633359238425896,0.006502706604521791,0.0053126017759907995,0.004062281510854859,0.0027510159597170514,0.0013781168315603054,-5.7054438649117856e-05,-0.0015550784514317684,-0.003116469413001255,-0.004741666446562931,-0.006431024738262181,-0.008184806813474665,-0.010003174216635102,-0.011886179645969719,-0.013833759475289753,-0.01584572660621575,-0.017921763582478434,-0.02006141586127086,-0.02226408516300893,-0.02452902289576997,-0.026855323735944125,-0.029241919529319205,-0.0316875736643496,-0.03419087596487458,-0.036750238102726485,-0.03936388954056724,-0.04202987400015701,-0.04474604645776026,-0.04751007066720092,-0.05031941715170518,-0.05317136158035396,-0.05606298348958916,-0.058991165344323804,-0.06195259194650049,-0.06494375020527343,-0.06796092928230024,-0.07100022115301385,-0.07405752165526991,-0.07712853208236226,-0.0802087613453466,-0.0832935287187766,-0.08637796718664248,-0.08945702740101069,-0.0925254822687549,-0.09557793220859878,-0.09860881114773434,-0.10161239333659466,-0.10458280106287532,-0.10751401335162569,-0.11039987575102828,-0.11323411130524619,-0.11601033273810657,-0.11872205567484428,-0.12136271258835052,-0.12392566725525711,-0.1264042296990695,-0.12879167168939176,-0.13108124286322465,-0.13326618740992302,-0.1353397610567484,-0.13729524806081628,-0.13912597812461058,-0.140825343378431,-0.1423868155994228,-0.14380396361419656,-0.1450704705734367,-0.146180150809883,-0.14712696623617205,-0.1479050424247106,-0.14850868450240995,-0.1489323927689128,-0.1491708777247709,-0.14921907427022774,-0.14907215508878835,-0.14872554337291888,-0.148174925034958,-0.14741626041773515,-0.14644579531061197,-0.1452600709892664,-0.14385593313914313,-0.1422305396887822,-0.1403813676230854,-0.13830621885615102,-0.13600322528744613,-0.13347085318067542,-0.13070790695888945,-0.12771353246579054,-0.12448721974534749,-0.1210288054321822,-0.11733847486080862,-0.11341676388919808,-0.10926456026712827,-0.10488310437473558,-0.1002739893114466,-0.09543916043173084,-0.0903809144019192,-0.08510189778429833,-0.0796051051569222,-0.07389387682771797,-0.06797189622434985,-0.06184318701906477,-0.055512110000620396,-0.04898335966268519,-0.04226196049715014,-0.035353263059683115,-0.02826293987993722,-0.020996981201378162,-0.013561690492110756,-0.005963679705601521,0.0017901356823344372,0.009692541824783518,0.017736031846460776,0.025912811434444905,0.03421480474812455,0.042633660671441476,0.05116075938619957,0.059787219273339076,0.06850390420185448,0.07730143129638378,0.08617017926447801,0.09510029728833302,0.10408171443672387,0.11310414962271409,0.12215712222594988,0.13122996349106586,0.14031182874374082,0.14939171045804045,0.15845845227409683,0.1675007640916064,0.17650723825214953,0.18546636658575721,0.19436655796656055,0.20319615618721087,0.21194345820975258,0.2205967329383327,0.2291442406181261,0.23757425280545874,0.24587507262495478,0.254035054997928,0.26204262674834666,0.2698863066970105,0.2775547258981632,0.2850366480333051,0.2923209897034269,0.2993968402589502,0.3062534809983859,0.312880403790615,0.319267329255716,0.32540422457773843,0.3312813208347549,0.33688912958943007,0.34221845856258426,0.34726042637162635,0.3520064763634494,0.3564483895806845,0.3605782969374829,0.36438869070347835,0.3678724353550322,0.3710227776910813,0.37383335597010614,0.37629820790599666,0.3784117775180462,0.3801689208838823,0.38156491086571975,0.382595440905682,0.38325662798353477,0.38354501482368875,0.38345757144988113,0.38299169619696016,0.38214521627246256,0.38091638795122407,0.3793038964901072,0.3773068558370909,0.3749248081987986,0.3721577235144693,0.36900599887047036,0.3654704579082022,0.36155235028200394,0.35725335121071566,0.35257556115328725,0.3475215056014207,0.3420941349621245,0.33629682453160115,0.3301333745695061,0.3236080104557928,0.3167253829024048,0.3094905681966367,0.30190906845685106,0.2939868118961826,0.28573015310084315,0.27714587330964235,0.2682411806368066,0.25902371013934555,0.24950152360995048,0.23968310898764855,0.22957737928961564,0.21919367095082976,0.20854174144523085,0.19763176606268473,0.18647433376910527,0.17508044225167652,0.16346149241175567,0.15162928249973362,0.1395960018680853,0.12737422418473443,0.1149768999325218,0.10241734801515179,0.0897092462738911,0.07686662075585105,0.06390383372907138,0.05083557068147826,0.037676826608539216,0.02444289167478786,0.011149336106917929,-0.0021880058865875185,-0.015553053299058206,-0.028929496526743037,-0.04230081633177463,-0.05565030339812438,-0.06896107854028344,-0.08221611374219151,-0.09539825409832758,-0.10849024052303236,-0.12147473303628686,-0.13433433457187505,-0.1470516153864736,-0.1596091381181992,-0.17198948339390085,-0.18417527583621052,-0.19614921044597367,-0.2078940794185229,-0.21939279934696998,-0.2306284386184032,-0.2415842448521417,-0.2522436724354975,-0.2625904102897678,-0.27260840980867584,-0.2822819126923477,-0.29159547845207356,-0.3005340116066506,-0.3090827887362124,-0.3172274854707453,-0.32495420324902113,-0.33224949554922745,-0.3391003934287582,-0.3454944304300298,-0.35141966698207483,-0.35686471429859523,-0.36181875753310067,-0.3662715778527925,-0.37021357325888715,-0.37363577819764515,-0.37652988207428706,-0.3788882467342276,-0.3807039229213416,-0.3819706657134745,-0.3826829489631862,-0.3828359787757165,-0.3824257060037368,-0.38144883771405347,-0.379902847608804,-0.37778598535508934,-0.3750972847174978,-0.3718365704111477,-0.3680044636233717,-0.3636023860986981,-0.3586325626461999,-0.35309802195789786,-0.3470025957026195,-0.3403509160280649,-0.33314841171430487,-0.32540130307442894,-0.3171165954885353,-0.30830207138317434,-0.2989662804708644,-0.2891185281744981,-0.27876886236226994,-0.26792805854611146,-0.25660760352232614,-0.24481967739127697,-0.23257713404601787,-0.21989348025484645,-0.20678285334505375,-0.19325999751375633,-0.17934023889664985,-0.16503945949671106,-0.15037407003743652,-0.13536098182959933,-0.12001757771097488,-0.10436168211524688,-0.08841153037142391,-0.07218573735985245,-0.05570326564837558,-0.03898339317473187,-0.02204568052574274,-0.004909937949300058,0.01240380774763139,0.02987534632490707,0.047484317199518955,0.06521024244038642,0.0830325595470498,0.10093065385877509,0.11888389050790238,0.13687164583526368,0.15487333818967386,0.17286845815098673,0.1908365982090956,0.20875748180131382,0.22661099162669274,0.244377197198979,0.26203638150725084,0.2795690666507511,0.29695603846376883,0.3141783701539964,0.3312174448170069,0.3480549766683225,0.3646730310209563,0.3810540431740179,0.39718083626861045,0.41303663797081214,0.42860509586008533,0.44387029156249014,0.45881675373138364,0.4734294699998003,0.4876938980742622,0.5015959761192761,0.5151221325192168,0.5282592950557898,0.5409948994553844,0.5533168971982079,0.565213762532224,0.5766744987252537,0.5876886436290434,0.5982462746185462,0.6083380129439533,0.6179550275324033,0.6270890382823069,0.6357323189093051,0.6438776994264046,0.6515185683152964,0.6586488743784784,0.665263128212473,0.6713564032197894,0.6769243360625552,0.6819631264489274,0.6864695361281647,0.6904408869831542,0.6938750582430089,0.6967704830287786,0.6991261444437171,0.7009415712205822,0.7022168328018878,0.7029525337939049,0.7031498079151319,0.702810311611124,0.7019362173399983,0.7005302064246948,0.6985954614889636,0.6961356586187293,0.6931549593137944,0.6896580021657925,0.6856498942540341,0.681136202379335,0.6761229441933523,0.6706165791426173,0.6646239992192875,0.6581525196436431,0.6512098695064097,0.6438041822782523,0.6359439861991021,0.6276381946544802,0.6188960965363961,0.6097273465144752,0.6001419552627851,0.5901502797413798,0.5797630134910392,0.5689911768459339,0.5578461071099383,0.5463394488001612,0.5344831439279858,0.5222894221932677,0.5097707910565816,0.4969400257825427,0.4838101595184696,0.47039447332324613,0.45670648601205954,0.44275994384926776,0.42856881028524896,0.41414725583224765,0.3995096479521436,0.38467054075681517,0.3696446644333804,0.3544469145121383,0.3390923411903657,0.32359613877261495,0.3079736350814244,0.2922402806204403,0.2764116373153698,0.26050336672574304,0.24453121762948626,0.22851101292914677,0.21245863603272852,0.19639001699282232,0.18032111856872746,0.16426792221231779,0.14824641391884086,0.1322725698837246,0.11636234190595474,0.10053164246541968,0.08479632941544679,0.06917219026029642,0.053674925981184174,0.03832013436163351,0.0231232927744216,0.008099740408034961,-0.006735340084290442,-0.02136694152104468,-0.035780251654081496,-0.049960672960409624,-0.06389384253182584,-0.07756565194815579,-0.09096226711758959,-0.1040701480811208,-0.11687606877736556,-0.12936713676008793,-0.14153081284915459,-0.1533549306870725,-0.16482771618221648,-0.17593780682493332,-0.1866742708324125,-0.1970266260619553,-0.20698485866429195,-0.2165394414661037,-0.2256813520365455,-0.23440209036459692,-0.24269369609083213,-0.2505487652575624,-0.257960466537007,-0.26492255687835353,-0.271429396495968,-0.27747596311601797,-0.28305786541399414,-0.2881713555844385,-0.29281334097441203,-0.2969813947210085,-0.3006737653367253,-0.3038893851740525,-0.3066278776937992,-0.30888956345550156,-0.31067546475880903,-0.3119873088617595,-0.3128275296497378,-0.31319926762576955,-0.31310636814144743,-0.31255337780548587,-0.31154553910750593,-0.31008878349328484,-0.3081897231486366,-0.3058556415688045,-0.3030944828517974,-0.2999148396097411,-0.2963259394136557,-0.29233762983079004,-0.2879603622954292,-0.28320517505531484,-0.2780836752466058,-0.2726080199818455,-0.26679089634426845,-0.26064550036881684,-0.2541855152418151,-0.2474250888574261,-0.24037881066696798,-0.23306168770562152,-0.2254891198236635,-0.21767687434851268,-0.20964106042936947,-0.20139810311281536,-0.192964717001594,-0.18435787938606296,-0.17559480297315844,-0.16669290847987384,-0.15766979723333208,-0.14854322373903983,-0.13933106810709717,-0.1300513082514101,-0.12072199195957722,-0.11136120909261393,-0.10198706406201552,-0.09261764852880816,-0.08327101418988292,-0.07396514551991373,-0.06471793246322477,-0.05554714328629018,-0.046470397834028176,-0.03750514123006354,-0.028668617903299776,-0.01997784580836992,-0.011449590776500429,-0.0031003411241670165,0.0050537172033244815,0.01299672479054692,0.02071317224700664,0.028187923144450622,0.03540623653196917,0.042353789145032295,0.04901669722784874,0.05538153767030707,0.06143536820992779,0.06716574666859998,0.07256074929777157,0.07760898830213847,0.08229962863565987,0.08662240419729983,0.09056763352548103,0.09412623497021144,0.09728974113666311,0.1000503123049441,0.10240074865049564,0.10433450124052257,0.10584568181371168,0.10692907132424523,0.10758012723484711,0.1077949896107242,0.1075704861047555,0.10690413587981595,0.10579415245185686,0.10423944537517116,0.10223962067430392,0.09979498000732434,0.09690651861804866,0.09357592214264088,0.08980556232888404,0.08559849172701917,0.08095843740100861,0.0758897936505889,0.0703976136897424,0.06448760027680578,0.058166095351047886,0.05144006872139073,0.044317105794803524,0.03680539427055862,0.02891370969707907,0.02065139978582664,0.012028367392879602,0.0030550521535275266,-0.006257589117026896,-0.015898103124058593,-0.025854561891016203,-0.03611458568909853,-0.04666536698076129,-0.05749369516452418,-0.06858598202285293,-0.07992828787064354,-0.09150634829317283,-0.10330560126622146,-0.1153112145604922,-0.12750811340242763,-0.1398810082809021,-0.1524144228169959,-0.16509272172126543,-0.17790013879297817,-0.19082080481716446,-0.2038387752902011,-0.21693805796178367,-0.23010264007801595,-0.24331651516237685,-0.2565637093175397,-0.2698283071073888,-0.28309447693224143,-0.29634649573285543,-0.3095687730071077,-0.3227458742292768,-0.33586254363854096,-0.3489037262250534,-0.3618545888338005,-0.37470054047324197,-0.38742725187802307,-0.4000206741943799,-0.4124670566214803,-0.42475296300856513,-0.4368652875557899,-0.448791269727721,-0.46051850828203555,-0.4720349741891994,-0.4833290223632005,-0.4943894023229305,-0.5052052679260797,-0.5157661861935665,-0.5260621450592069,-0.536083559807615,-0.5458212781271712,-0.5552665839422062,-0.5644112002825992,-0.5732472914082862,-0.5817674643475286,-0.5899647699733848,-0.5978327036637694,-0.6053652054099317,-0.6125566591138849,-0.6194018909127763,-0.6258961665393343,-0.6320351877865207,-0.6378150881527418,-0.6432324277785781,-0.6482841878081373,-0.652967764280632,-0.6572809616100983,-0.6612219856775425,-0.6647894365499738,-0.6679823008352628,-0.6707999436898007,-0.6732421005284763,-0.6753088684915696,-0.6770006977070508,-0.6783183823992189,-0.679263051906581,-0.6798361616600204,-0.6800394841674517,-0.6798751000601442,-0.6793453892584651,-0.6784530223066625,-0.6772009519079702,-0.6755924046665456,-0.673630873024365,-0.6713201073636199,-0.6686641082167313,-0.6656671185015881,-0.662333615661332,-0.6586683035946308,-0.6546761044538627,-0.6503621505935655,-0.6457317768650199,-0.6407905131891241,-0.6355440772119536,-0.6299983669516962,-0.6241594535694475,-0.6180335744939569,-0.6116271269926017,-0.604946662094342,-0.5979988786948951,-0.5907906177175732,-0.5833288563815202,-0.5756207027800073,-0.567673390861728,-0.5594942757010415,-0.5510908288650853,-0.5424706337113179,-0.5336413806110869,-0.5246108622838861,-0.5153869693701552,-0.5059776861499117,-0.49639108619133054,-0.486635327743727,-0.47671864885436577,-0.4666493623648833,-0.45643585091045225,-0.4460865618457035,-0.43561000189897925,-0.42501473140391965,-0.4143093581200503,-0.403502530795528,-0.392602932579571,-0.38161927420017605,-0.37056028673202235,-0.35943471390410764,-0.3482513040666291,-0.33701880194340106,-0.3257459401604308,-0.3144414304129697,-0.3031139541715717,-0.29177215303648296,-0.2804246189233126,-0.2690798840859898,-0.25774641086927375,-0.24643258120909195,-0.23514668605970712,-0.2238969148860548,-0.21269134519466348,-0.20153793201134107,-0.19044449731672586,-0.17941871960180578,-0.16846812372130415,-0.15760007109289376,-0.14682175015712318,-0.13614016700459786,-0.12556213626375978,-0.11509427251225901,-0.10474298237994617,-0.09451445733069619,-0.08441466705055944,-0.0744493533590358,-0.06462402454255312,-0.05494395004738806,-0.04541415561170936,-0.036039419069048506,-0.026824267045491013,-0.017772972633743223,-0.00888955403728886,-0.00017777415354203185,0.00835885892425381,0.016717090471793483,0.024893916791874915,0.032886582076095294,0.04069257458313302,0.048309622233240646,0.05573568771765025,0.06296896318079348,0.07000786449783902,0.07685102519489817,0.08349729010452478,0.08994570883895392,0.09619552910493212,0.10224618986716649,0.10809731435733738,0.11374870286416439,0.11920032519512347,0.1244523126915027,0.12950494967186899,0.13435866423644427,0.1390140185425679,0.1434716988234186,0.14773250535016302,0.15179734232054187,0.15566720756876862,0.15934318211470355,0.16282641975679724,0.16611813692240673,0.1692196027936177,0.17213212958996849,0.17485706299325443,0.17739577290382158,0.17974964473805244,0.18192007128886445,0.18390844501456627,0.18571615064175973,0.1873445581630051,0.1887950164662655,0.19006884771498989,0.19116734238293986,0.19209175479944207,0.19284329916538212,0.19342314617800582,0.19383242048333216,0.19407219902571882,0.19414351017417886,0.19404733345327685,0.1937845997177945,0.19335619164564832,0.19276294458408927,0.19200564796921782,0.19108504751847732,0.1900018482263519,0.18875671806204508,0.18735029222673916,0.18578317783571663,0.1840559588942554,0.18216920145096083,0.180123458839752,0.17791927690871034,0.17555719910239986,0.17303777130294407,0.17036154646338275,0.16752908920632592,0.16454098055319122,0.16139782277951298,0.15810024427995728,0.15464890436820156,0.15104449797834008,0.14728776021968315,0.14337947073336466,0.13932045781550784,0.13511160229208485,0.13075384113705724,0.12624817081715634,0.12159565035333486,0.11679740410159667,0.11185462425517301,0.10676857306203402,0.10154058475084327,0.09617206717456384,0.09066450318725572,0.0850194517507461,0.07923854875995318,0.07332350756075812,0.06727611910185516,0.061098251667694115,0.05479185017689758,0.04835893506068345,0.041801600779798775,0.03512201406500992,0.028322411916995804,0.021405099344214307,0.014372446854956422,0.0072268877914609675,-2.90844273536095e-05,-0.007392919155691402,-0.014862011436569844,-0.022433704899157192,-0.030105294581908026,-0.03787402964704967,-0.04573711592527019,-0.053691718257546484,-0.0617349626332242,-0.06986393808216462,-0.07807569823789606,-0.08636726249588378,-0.09473561670566966,-0.10317771332229597,-0.11169047093908802,-0.12027077313526746,-0.12891546659977848,-0.13762135864627822,-0.1463852144294222,-0.15520375415891863,-0.16407365041443,-0.17299152550805985,-0.18195394881119142,-0.19095743398353449,-0.19999843602583667,-0.20907334807179012,-0.21817849796013178,-0.22731014484818957,-0.2364644762051995,-0.24563760536166512,-0.254825569604165,-0.2640243287404118,-0.2732297640531769,-0.2824376775804751,-0.29164379167075793,-0.30084374874935804,-0.31003311128881705,-0.31920736211983325,-0.32836190529307885,-0.33749206762069406,-0.34659310089453044,-0.3556601847174292,-0.36468842988112016,-0.3736728822185498,-0.38260852686278923,-0.39149029287370496,-0.40031305818357765,-0.4090716547932658,-0.4177608741752934,-0.426375472844569,-0.4349101780403828,-0.44335969349209137,-0.4517187052616336,-0.45998188762903425,-0.46814390897655045,-0.4761994376587779,-0.48414314787029156,-0.491969725512142,-0.49967387402688246,-0.5072503201615959,-0.514693819659577,-0.521999162929518,-0.5291611807271295,-0.5361747498276017,-0.5430347986461967,-0.5497363128015422,-0.5562743406608988,-0.5626439989125558,-0.5688404782096086,-0.5748590489494987,-0.5806950672556539,-0.5863439811921154,-0.5918013372160118,-0.5970627868961387,-0.6021240939554318,-0.606981141693808,-0.6116299408459511,-0.6160666379341748,-0.6202875241673027,-0.6242890449314231,-0.6280678098949863,-0.631620603616966,-0.6349443963422772,-0.6380363546388921,-0.6408938517120575,-0.6435144773847767,-0.6458960477689715,-0.6480366146691239,-0.6499344747919835,-0.6515881787420241,-0.6529965395494415,-0.6541586404041482,-0.6550738414569182,-0.655741785738968,-0.656162404306734,-0.6563359207037038,-0.6562628547682294,-0.6559440256414035,-0.6553805536549362,-0.6545738608435698,-0.6535256700520549,-0.6522380027200825,-0.6507131754277964,-0.6489537952941049,-0.6469627543364496,-0.6447432228897156,-0.642298642160128,-0.639632715989805,-0.6367494019276236,-0.633652901715891,-0.6303476512916077,-0.6268383103660966,-0.6231297515845995,-0.6192270491910179,-0.615135467119778,-0.6108604465176981,-0.606407592761407,-0.6017826620684161,-0.5969915478044854,-0.5920402665666629,-0.5869349441196192,-0.5816818012679263,-0.5762871397243856,-0.5707573280161782,-0.5650987874861926,-0.5593179784568534,-0.5534213866122641,-0.5474155096541509,-0.5413068442759297,-0.535101873499606,-0.528807054433571,-0.522428806471531,-0.5159734999221754,-0.5094474450975071,-0.5028568819026589,-0.49620796991523974,-0.4895067789155334,-0.48275927987837974,-0.47597133647408896,-0.46914869708871265,-0.4622969873163072,-0.45542170285008154,-0.44852820271471927,-0.44162170283981794,-0.43470727002834764,-0.4277898163589242,-0.42087409401744935,-0.41396469053533025,-0.4070660243789561,-0.4001823408061185,-0.39331770792166054,-0.38647601288089817,-0.379660958167662,-0.37287605785557787,-0.36612463380215843,-0.3594098118564659,-0.35273451834486025,-0.3461014771539297,-0.3395132075730416,-0.33297202287779726,-0.3264800295757979,-0.32003912725334516,-0.3136510089785105,-0.3073171622153197,-0.30103887021072495,-0.29481721382558135,-0.2886530738048094,-0.2825471335753136,-0.27649988277057247,-0.2705116216597716,-0.26458246653310624,-0.258712356021789,-0.2529010583159206,-0.24714817922230026,-0.24145317096459706,-0.23581534161333906,-0.23023386507396992,-0.2247077915975595,-0.21923605876720842,-0.21381750287665113,-0.20845087060157397,-0.20313483089396556,-0.19786798706536501,-0.19264888901925303,-0.18747604554869213,-0.18234793660910498,-0.17726302553897,-0.17221977123342924,-0.16721664023380356,-0.1622521186617334,-0.1573247239367106,-0.15243301623994654,-0.14757560971138162,-0.14275118338675696,-0.13795849186031717,-0.13319637560169184,-0.12846377084445493,-0.12375971901110461,-0.11908337567932392,-0.11443401911050444,-0.1098110583769838,-0.1052140411228919,-0.1006426609497737,-0.09609676437083436,-0.09157635727591895,-0.08708161086059363,-0.08261286696708936,-0.07817064281039166,-0.07375563510515804,-0.06936872360338242,-0.06501097403244671,-0.060683640427974694,-0.056388166862937794,-0.05212618856894835,-0.04789953242851652,-0.043710216821388315,-0.039560450815791626,-0.035452632675145423,-0.03138934764447754,-0.02737336499225762,-0.02340763428716741,-0.019495280911215218,-0.01563960081848137,-0.011844054507733404,-0.008112260147029815,-0.004447985789703068,-0.000855140618298833,0.0026622348449691913,0.00609997960800257,0.009453824200143401,0.012719403786512373,0.01589227223478673,0.018967916791282846,0.021941773087142735,0.024809240408231403,0.027565697284664736,0.030206517463582827,0.03272708631479304,0.03512281765343772,0.037389170799919214,0.0395216676139043,0.041515909377110916,0.04336759357300224,0.04507253063735561,0.04662666070788646,0.04802607030173789,0.04926700865310352,0.050345903347789545,0.051259375051820655,0.05200425134461284,0.05257757977171451,0.0529766402744869,0.053198957133524516,0.053242310444439056,0.05310474692225142,0.052784589674224947,0.052280446715563755,0.05159121824574697,0.05071610276111471,0.04965460204055461,0.04840652506122467,0.04697199094864146,0.045351431071821935,0.04354559034406691,0.041555527733649456,0.039382616004751014,0.03702854077752704,0.034495299001797264,0.031785196879162925,0.028900847221464687,0.025845166222758564,0.022621369644774347,0.01923296846030098,0.015683764011861,0.01197784271113278,0.00811957026182597,0.004113585346480875,-3.520730705730557e-05,-0.004321644550664416,-0.008740313186507365,-0.013285559144328829,-0.017951497540948935,-0.022732023672880075,-0.027620824857621074,-0.032611392851059406,-0.03769703655423484,-0.04287089489917406,-0.04812594995216557,-0.05345504032391801,-0.05885087499230934,-0.06430604764196346,-0.06981305160587681,-0.0753642953989555,-0.08095211863639662,-0.08656880803751221,-0.09220661335555036,-0.09785776327268536,-0.10351448136977126,-0.10916900215168823,-0.11481358691859356,-0.12044053928324416,-0.12604222031867351,-0.13161106339250495,-0.13713958859773356,-0.14262041655997137,-0.14804628149730803,-0.15341004356727694,-0.15870470059628872,-0.16392339928849253,-0.16905944591191258,-0.17410631628705886,-0.1790576648767228,-0.18390733296079276,-0.18864935607533795,-0.19327797088215704,-0.19778762141654482,-0.20217296448478805,-0.20642887403833043,-0.21055044452623406,-0.21453299333187204,-0.21837206245208307,-0.22206341961218357,-0.22560305897556532,-0.22898720154787355,-0.2322122953095942,-0.23527501496213432,-0.23817226107146894,-0.24090115851534932,-0.24345905432453208,-0.24584351506407387,-0.24805232386642473,-0.25008347716907764,-0.25193518119270664,-0.2536058482618131,-0.25509409311588627,-0.25639872931390784,-0.257518765780425,-0.25845340352073976,-0.2592020325129454,-0.2597642287535251,-0.2601397514307351,-0.26032854025302044,-0.26033071302942545,-0.26014656361446953,-0.25977656028151586,-0.25922134454829404,-0.2584817304686098,-0.2575587043947536,-0.2564534252022028,-0.25516722496577415,-0.2537016100772931,-0.2520582627852477,-0.2502390431311241,-0.248245991261264,-0.24608133008720046,-0.24374746823338,-0.24124700313917913,-0.2385827241340479,-0.23575761535416717,-0.2327748584460636,-0.22963783502058277,-0.22635012881083583,-0.22291552750222365,-0.2193380242205052,-0.21562181865392915,-0.21177131776871505,-0.20779113607044764,-0.20368609536457427,-0.19946122397315236,-0.19512175535827936,-0.19067312608606102,-0.186120973082474,-0.18147113020288685,-0.17672962417537974,-0.1719026699372037,-0.16699666532527147,-0.1620181850438982,-0.15697397381675415,-0.1518709386341044,-0.14671614001458266,-0.1415167821946497,-0.13628020215351455,-0.13101385749003924,-0.12572531339586135,-0.12042222903648536,-0.11511234347001675,-0.10980346104748406,-0.10450343618569491,-0.09922015742666446,-0.09396153077708647,-0.08873546249441944,-0.08354984161085355,-0.07841252237228957,-0.07333130657787024,-0.06831392573374018,-0.06336802295258082,-0.058501134673988986,-0.0537206724697441,-0.0490339051890345,-0.044447941540809666,-0.03996971310817088,-0.03560595775738307,-0.03136320345178234,-0.027247752646971435,-0.02326566756841686,-0.01942275657848569,-0.015724561638549517,-0.012176346767539314,-0.008783087395713096,-0.005549460519254978,-0.0024798355593134147,0.00042173414632173944,0.003151519174771522,0.005706120957299277,0.008082477560940049,0.010277868167356985,0.012289916227636866,0.01411659130121734,0.01575620960324642,0.01720743334904995,0.018469269024336654,0.0195410646703138,0.020422506215517444,0.021113612891674904,0.021614731835420287,0.021926532004407306,0.022049997489304474,0.0219864202784521,0.021737392557731994,0.021304798638354328,0.020690806586600274,0.01989785963233004,0.01892866743602184,0.017786197265451165,0.016473665133226234,0.014994526969836386,0.013352469889809981,0.011551403594580734,0.00959545197269307,0.007488944917362517,0.005236410262646984,0.0028425656818384937,0.0003123104608633298,-0.0023492828556328504,-0.005136976923260761,-0.008045378131434688,-0.011068945183616563,-0.014201997701874802,-0.017438724815058038,-0.020773193691489666,-0.02419935803145279,-0.027711066543247398,-0.03130207135889407,-0.034966036343519136,-0.03869654532680755,-0.04248711029349295,-0.04633117952509025,-0.05022214566970007,-0.05415335373425023,-0.05811810904341286,-0.06210968522389493,-0.06612133222115091,-0.07014628432860093,-0.0741777682404745,-0.0782090111785223,-0.08223324916313146,-0.08624373548950359,-0.09023374940650086,-0.09419660494711479,-0.09812565989367528,-0.10201432492315377,-0.10585607301181454,-0.1096444491883588,-0.11337308072350538,-0.11703568784319884,-0.12062609504074118,-0.12413824302726084,-0.12756620128875795,-0.13090418109479174,-0.13414654866631537,-0.13728783820828028,-0.14032276468398663,-0.14324623636905898,-0.1460533672758757,-0.1487394895433951,-0.1513001658808335,-0.1537312020846784,-0.15602865945001554,-0.15818886673807953,-0.16020843144079322,-0.16208425027432583,-0.16381351894746388,-0.16539374128470286,-0.1668227377761866,-0.16809865359415,-0.16921996610085444,-0.17018549182952825,-0.1709943927314086,-0.17164618130285447,-0.17214072428857463,-0.17247824488125474,-0.17265932348189494,-0.17268489710817647,-0.17255625748034475,-0.17227504777814318,-0.17184325810195844,-0.17126321972557434,-0.17053759823311765,-0.1696693855965279,-0.1686618912279627,-0.16751873205021184,-0.16624382162390816,-0.16484135834857483,-0.16331581276360652,-0.16167191399611625,-0.1599146353842329,-0.15804917931479423,-0.15608096138378613,-0.1540155940156822,-0.15185886964366802,-0.14961674353226329,-0.14729531633187776,-0.14490081645580943,-0.14243958235762477,-0.13991804477129932,-0.13734270897462153,-0.1347201371456208,-0.13205693085635772,-0.12935971371974375,-0.12663511423916418,-0.12388974894184912,-0.12113020586613032,-0.11836302849060587,-0.1155947002106501,-0.1128316294305094,-0.11008013531544947,-0.10734643426016532,-0.10463662709602772,-0.10195668700588811,-0.09931244811992457,-0.09670959481008623,-0.09415365170914214,-0.09164997443417633,-0.08920374095502126,-0.0868199435608048,-0.0845033814256908,-0.08225865381578501,-0.08009015396113739,-0.07800206355699402,-0.07599834783403736,-0.07408275117480656,-0.07225879333302032,-0.070529766371898,-0.06889873240532296,-0.06736852214634581,-0.06594173422157468,-0.06462073520004452,-0.06340766028119305,-0.06230441458654212,-0.06131267500682469,-0.06043389255903264,-0.05966929522586639,-0.05901989128393126,-0.05848647312367916,-0.05806962153601347,-0.05776971043308521,-0.05758691196693633,-0.0575212020023983,-0.05757236590685011,-0.05774000462938744,-0.05802354103774121,-0.05842222649786066,-0.05893514771501174,-0.059561233840142336,-0.060299263827175764,-0.06114787405660849,-0.06210556622940544,-0.06317071546745012,-0.06434157852436329,-0.06561630202595836,-0.06699293069626577,-0.06846941556472785,-0.07004362217953286,-0.0717133388604907,-0.07347628499796599,-0.07533011933640665,-0.07727244811922418,-0.07930083300042412,-0.08141279871289697,-0.08360584052162778,-0.08587743149801241,-0.08822502966557266,-0.09064608506081129,-0.09313804673219295,-0.09569836968332623,-0.09832452173125716,-0.10101399023004376,-0.10376428862715414,-0.106572962798694,-0.10943759700875688,-0.11235581926788996,-0.11532530593821377,-0.11834378557474423,-0.12140904206429326,-0.12451891711256025,-0.12767131210819116,-0.13086418939872857,-0.13409557302629338,-0.1373635489597973,-0.14066626484199674,-0.14400192927919875,-0.14736881072153807,-0.15076523598089864,-0.1541895884218647,-0.1576403058678224,-0.16111587826627982,-0.1646148451294991,-0.16813579275157053,-0.17167735123352657,-0.1752381913685639,-0.17881702140720535,-0.18241258369062763,-0.18602365115365416,-0.1896490237156172,-0.1932875245667347,-0.1969379963431095,-0.20059929720756742,-0.2042702969226795,-0.20794987302654988,-0.21163690717282435,-0.21533028166894752,-0.21902887624267464,-0.22273156505328728,-0.22643721396030259,-0.23014467806262928,-0.2338527995178623,-0.2375604056548113,-0.2412663073893384,-0.2449692979499858,-0.24866815192753222,-0.25236162465887446,-0.2560484519562536,-0.25972735019306015,-0.2633970167436459,-0.2670561307821586,-0.2707033544557049,-0.27433733443034214,-0.27795670379462223,-0.2815600842986825,-0.2851460889001487,-0.28871332460919064,-0.2922603956318852,-0.295785906787259,-0.29928846718335933,-0.3027666941415177,-0.30621921732989676,-0.30964468309181115,-0.31304175900941544,-0.316409138743559,-0.3197455471480595,-0.3230497456359842,-0.3263205377536451,-0.32955677489376,-0.33275736210585904,-0.33592126400339595,-0.33904751075912287,-0.34213520413419474,-0.3451835234650389,-0.3481917315719585,-0.3511591805878638,-0.35408531766902485,-0.3569696905034263,-0.35981195256228204,-0.3626118680976518,-0.36536931686701024,-0.3680842985151358,-0.3707569365593315,-0.37338748196435745,-0.3759763162874563,-0.3785239543311292,-0.3810310462387676,-0.38349837902223527,-0.3859268775118778,-0.388317604661907,-0.39067176113172764,-0.3929906841206403,-0.3952758454941758,-0.3975288492414393,-0.3997514282701431,-0.40194544050519454,-0.40411286419297454,-0.40625579227977227,-0.40837642578015476,-0.4104770661117314,-0.41256010637814455,-0.41462802157030154,-0.4166833577518858,-0.41872872050573307,-0.42076676302109206,-0.4228001740688043,-0.4248316659125635,-0.42686396211388455,-0.4288997851841856,-0.4309418440445043,-0.4329928212602425,-0.4350553600357827,-0.4371320510272412,-0.4392254191992322,-0.4413379110385449,-0.443471882310682,-0.4456295864001376,-0.4478131632520075,-0.4500246289242469,-0.4522658657260834,-0.45453861291698416,-0.4568444579560662,-0.4591848282905957,-0.46156098366044773,-0.4639740088910216,-0.4664248071629231,-0.4689140937639138,-0.47144239032004975,-0.47401001950274946,-0.47661710021480985,-0.479263543253758,-0.4819490474617609,-0.48467309637340605,-0.48743495535568115,-0.4902336692439633,-0.4930680605022957,-0.49593672792180854,-0.49883804585364544,-0.501770163989768,-0.5047310077293901,-0.5077182791752151,-0.5107294587863578,-0.5137618077109707,-0.5168123708629793,-0.5198779808211569,-0.5229552625379625,-0.526040638685231,-0.5291303353838899,-0.532220388140054,-0.5353066479177713,-0.5383847873225065,-0.5414503068828367,-0.5444985414414703,-0.5475246667138833,-0.5505237061000301,-0.5534905378125003,-0.5564199023690861,-0.5593064105140968,-0.5621445516484158,-0.5649287028606409,-0.5676531386291828,-0.5703120411312383,-0.5728995108945654,-0.5754095774702392,-0.5778362099690497,-0.5801733274928793,-0.5824148095558996,-0.5845545065840057,-0.5865862505782289,-0.5885038660386144,-0.5903011812417347,-0.5919720399584776,-0.5935103137086841,-0.594909914572959,-0.5961648083624169,-0.5972690278145336,-0.5982166856146378,-0.599001987232505,-0.5996192436390757,-0.6000628840014031,-0.6003274684560722,-0.6004077010317985,-0.6002984427968201,-0.5999947253186875,-0.5994917644694837,-0.5987849744473124,-0.5978699817048394,-0.5967426384974175,-0.595399035961286,-0.5938355167581335,-0.5920486873322872,-0.5900354298303085,-0.5877929137429092,-0.5853186073282473,-0.5826102888648208,-0.5796660577221999,-0.5764843450940305,-0.5730639241155231,-0.5694039191168656,-0.5655038138950204,-0.5613634589923535,-0.5569830779928964,-0.5523632728106307,-0.5475050279144185,-0.5424097134599037,-0.537079087390417,-0.5315152966189771,-0.5257208773317998,-0.5196987543784672,-0.5134522397118886,-0.5069850298457936,-0.5003012023232785,-0.49340521127452064,-0.4863018821640992,-0.478996405722242,-0.47149433096517157,-0.46380155725356786,-0.4559243254609058,-0.4478692083779521,-0.4396431003979231,-0.4312532064596013,-0.42270703028001577,-0.41401236198377234,-0.4051772652385921,-0.39621006396091474,-0.3871193286234629,-0.3779138621965217,-0.36860268577528643,-0.3591950239596713,-0.3497002900046411,-0.3401280706623595,-0.33048811057553706,-0.32079029610676457,-0.3110446385696335,-0.30126125692611794,-0.2914503601589402,-0.2816222296093329,-0.27178720143719914,-0.2619556491584376,-0.2521379661295029,-0.24234454789090876,-0.2325857744649511,-0.2228719929114007,-0.21321350042787657,-0.203620528083988,-0.19410322512954536,-0.18467164379745782,-0.17533572464802916,-0.16610528268004288,-0.15698999443564787,-0.14799938613681007,-0.13914282272978795,-0.1304294976848297,-0.12186842342881476,-0.11346842230802423,-0.10523811801240868,-0.09718592744399501,-0.08932005303233836,-0.08164847554124322,-0.07417894749745813,-0.06691898737860669,-0.0598758745970116,-0.05305664521484488,-0.04646808828815807,-0.04011674275811572,-0.03400889487037517,-0.02815057615592309,-0.022547561979123998,-0.01720537059270555,-0.012129262612347702,-0.007324240826626749,-0.002795050276354516,0.001453821452329862,0.005418143779849061,0.00909394257803342,0.01247749952106858,0.015565351316880083,0.0183542887968855,0.020841355879731793,0.023023848438505468,0.024899313100519294,0.026465546019160513,0.02772059165704377,0.028662741615946175,0.029290533549193754,0.029602750191628502,0.029598418545944583,0.029276809246589153,0.028637436094619773,0.027680055763596556,0.026404667701108053,0.024811514253777034,0.022901081022531855,0.020674097431005123,0.018131537496259398,0.015274620819113238,0.012104813811092185,0.008623831147232863,0.004833637419757508,0.0007364489712813338,-0.0036652641247343354,-0.008368775982425802,-0.013371102756863706,-0.018669000461642327,-0.02425896280108475,-0.030137219071505683,-0.03629973213023163,-0.04274219636948828,-0.04946003564260337,-0.0564484011464117,-0.06370216931594541,-0.07121593983706731,-0.07898403387230246,-0.08700049250582964,-0.09525907535482503,-0.1037532593367132,-0.11247623764507608,-0.12142091900489049,-0.1305799272786956,-0.13994560148505286,-0.1495099962398001,-0.15926488257868954,-0.16920174915557595,-0.179311803880573,-0.1895859760700489,-0.200014919146156,-0.21058901387576157,-0.2212983721145605,-0.23213284107154664,-0.24308200817193182,-0.25413520658624833,-0.2652815214283777,-0.27650979661074615,-0.2878086424116688,-0.29916644383393276,-0.3105713697676009,-0.3220113829248845,-0.3334742505524133,-0.3449475559678703,-0.3564187109393089,-0.36787496890035953,-0.37930343906656816,-0.3906911015933261,-0.4020248238763173,-0.41329137804859784,-0.42447745975431417,-0.43556970818334406,-0.4465547271017911,-0.45741910655539897,-0.4681494451349977,-0.47873237285694614,-0.48915457468678625,-0.49940281459161184,-0.5094639598460944,-0.5193250053155367,-0.528973097622476,-0.5383955592471565,-0.5475799125404777,-0.5565139034239976,-0.5651855244689514,-0.5735830371675448,-0.5816949933770559,-0.5895102560170997,-0.5970180191244339,-0.604207827239648,-0.6110695938487751,-0.6175936185249071,-0.6237706026073511,-0.6295916634483234,-0.635048347286336,-0.640132640764314,-0.6448369811217702,-0.6491542651394866,-0.6530778569331304,-0.6566015946920274,-0.659719796463456,-0.662427265051285,-0.6647192920283729,-0.6665916608341149,-0.6680406489736868,-0.6690630293735182,-0.669656070950559,-0.6698175384633558,-0.669545691708997,-0.6688392841089481,-0.6676975607125613,-0.6661202555983081,-0.6641075886003804,-0.6616602613122922,-0.6587794523818502,-0.6554668121393235,-0.6517244565799274,-0.6475549606870672,-0.6429613510689478,-0.6379470978954274,-0.6325161061676354,-0.6266727064015782,-0.6204216447909232,-0.6137680728410118,-0.6067175364681177,-0.5992759646413148,-0.5914496576602062,-0.5832452750969424,-0.5746698233938687,-0.5657306431070523,-0.5564353957907784,-0.546792050509886,-0.5368088699484801,-0.5264943960927155,-0.5158574354714887,-0.504907043959399,-0.4936525112881185,-0.48210334556860346,-0.47026925809201714,-0.458160148548842,-0.44578609074356024,-0.43315731882426434,-0.42028421397400706,-0.4071772915089653,-0.3938471883465695,-0.3803046507776031,-0.36656052247749216,-0.35262573272888886,-0.33851128479138737,-0.32422824434616615,-0.30978772811565847,-0.2952008929350498,-0.28047892549236053,-0.26563303275862893,-0.2506744330357833,-0.23561434759776745,-0.22046399294558228,-0.20523457363818665,-0.1899372755805615,-0.17458325965475296,-0.1591836556382944,-0.1437495563658544,-0.12829201202724505,-0.11282202445087108,-0.09735054123226661,-0.08188844960312736,-0.06644657002374288,-0.051035649646024694,-0.03566635593076484,-0.020349270648054585,-0.0050948842759908075,0.010086409328948776,0.025184318132197347,0.04018865714342468,0.05508935378669122,0.06987645346585225,0.08454012536093103,0.0990706685483218,0.11345851853592848,0.12769425416343694,0.14176860463183516,0.15567245641380367,0.16939685997491694,0.18293303640027858,0.19627238406046388,0.2094064854272304,0.22232711416085493,0.2350262426125056,0.24749604984074836,0.25972893011303455,0.2717175016553526,0.28345461527071336,0.2949333625518875,0.30614708364309706,0.31708937463744036,0.3277540947173634,0.3381353731315002,0.3482276160904689,0.35802551366343494,0.3675240467293932,0.3767184939525734,0.38560443863968175,0.3941777752247333,0.4024347151085692,0.4103717917288776,0.41798586489837675,0.4252741244895475,0.4322340935254516,0.43886363072117973,0.4451609325222847,0.4511245346783923,0.4567533133262316,0.4620464855198634,0.4670036092003116,0.47162458263329654,0.4759096433319101,0.47985936648321115,0.48347466290302066,0.4867567765452421,0.48970728159071797,0.4923280791219682,0.4946213933883996,0.4965897676832327,0.4982360598412612,0.4995634373379474,0.5005753719515837,0.5012756339597786,0.5016682858720003,0.5017576757020947,0.5015484297739263,0.5010454450732098,0.5002538811719575,0.4991791517307149,0.49782691555208913,0.49620306712409246,0.49431372658128936,0.4921652290363099,0.48976411323408797,0.48711710945754305,0.48423112662429446,0.48111323860836563,0.47777067000596674,0.4742107816627765,0.47044105614258314,0.4664690831132674,0.4623025445449258,0.45794919961983993,0.4534168692842684,0.4487134204437879,0.4438467499418337,0.4388247686169606,0.4336553857478336,0.4283464940277497,0.42290595507875395,0.41734158550496403,0.4116611434750084,0.4058723157752482,0.39998270525899926,0.3939998186704372,0.3879310548536381,0.3817836933108012,0.37556488305035884,0.36928163175107187,0.36294079539856483,0.35654906859099356,0.3501129756261889,0.3436388623870883,0.33713288901758176,0.3306010233727221,0.32404903520205863,0.3174824910384615,0.3109067497951088,0.3043269590625428,0.29774805209722643,0.29117474550304223,0.28461153758944846,0.2780627074140227,0.2715323145619166,0.265024199690302,0.2585419858341922,0.25208908046272427,0.2456686782575943,0.23928376462290402,0.23293711999109235,0.22663132498207972,0.2203687664863807,0.21415164477340198,0.2079819816944024,0.20186163001050517,0.19579228381618208,0.1897754898505397,0.18381265936930902,0.17790508038117991,0.1720539302382349,0.16626028865204034,0.16052515124661682,0.15484944369842424,0.14923403630645282,0.14367975868338334,0.13818741431177273,0.13275779486979644,0.12739169436326137,0.12208992315658662,0.11685332193265907,0.11168277542038396,0.10657922557168575,0.1015436839179813,0.09657724300527093,0.09168108691065413,0.0868565008552622,0.08210487995901872,0.077427737233009,0.07282671088292858,0.06830357092921702,0.06386022512354828,0.059498724142706294,0.05522126605290367,0.05103020008052539,0.046928029737358656,0.042917415265854686,0.03900117528461777,0.03518228752242436,0.03146388859603633,0.027849272840832384,0.024341890200339833,0.020945343147708684,0.01766338260281941,0.014499902806306864,0.011458935085506994,0.008544640424382521,0.005761300757889387,0.003113308947511939,0.0006051574972758544,-0.001758573740914926,-0.003973230548986351,-0.006034097879897615,-0.007936414039086515,-0.009675385616766619,-0.011246203146782818,-0.012644057301052669,-0.013864155390663768,-0.01490173811185258,-0.01575209663751309,-0.016410590085470744,-0.016872663188792103,-0.01713386396443184,-0.017189861366865955,-0.01703646300853734,-0.016669632874751983,-0.01608550882301074,-0.015280419758560981,-0.014250902538940124,-0.012993718640053942,-0.011505870449894928,-0.009784617014716446,-0.007827489235992857,-0.005632304599743065,-0.0031971813558513418,-0.0005205519395872216,0.0023988244558523775,0.005561850056189144,0.008969077303454753,0.01262069831967949,0.016516535254886833,0.020656031672992015,0.025038244926079756,0.02966183936204203,0.03452508028889412,0.03962582883004018,0.044961537931975215,0.0505292496565346,0.05632559367999335,0.06234678685461148,0.0685886337010615,0.07504652770622044,0.08171545332400143,0.0885899886527639,0.09566430890039612,0.10293219083083471,0.11038701829073005,0.11802178876096292,0.12582912082097408,0.1338012624228213,0.14193009988800043,0.15020716756261265,0.15862365807544876,0.16717043314844915,0.1758380349246096,0.184616697772654,0.1934963605324569,0.20246667919405326,0.21151703998663862,0.2206365727986892,0.22981416486155126,0.23903847473311401,0.24829794668794847,0.25758082557817374,0.26687517220494783,0.2761688793055299,0.2854496883058246,0.2947052069726368,0.303922928033316,0.3130902486406768,0.3221944903860958,0.33122291965148776,0.34016276832849,0.34900125501739865,0.35772560669002473,0.3663230806450457,0.3747809866113556,0.38308670903935393,0.3912277297057116,0.39919165061385087,0.40696621701442126,0.4145393404449962,0.4218991218596315,0.42903387491645617,0.4359321493119168,0.44258275395618796,0.44897477990663504,0.45509762304480716,0.46094100634664414,0.4664950015458871,0.4717500501838572,0.4766969841485107,0.48132704563350615,0.48563190632393827,0.48960368576627644,0.4932349690051865,0.4965188234354869,0.49944881468503155,0.5020190214629849,0.5042240494667283,0.5060590443854238,0.5075197038559338,0.5086022882058359,0.5093036299937879,0.5096211424748276,0.5095528270435139,0.509097279529307,0.5082536951404961,0.5070218719936221,0.5054022133514522,0.503395728745943,0.5010040340951818,0.49822935076468866,0.4950745033653803,0.49154291608932255,0.4876386075416619,0.48336618415839183,0.4787308323351027,0.47373830938071393,0.46839493340801397,0.46270757228923287,0.4566836317827736,0.45033104290125436,0.4436582485936498,0.43667418981732453,0.42938829106449816,0.4218104454041196,0.4139509990929824,0.4058207357926875,0.397430860415497,0.3887929826194352,0.3799190999523745,0.3708215805911479,0.36151314558052405,0.35200685051379565,0.3423160666849512,0.3324544617795908,0.32243598012860275,0.3122748224994183,0.30198542537457485,0.2915824396497868,0.2810807086768605,0.2704952455804701,0.2598412097681475,0.24913388259569302,0.23838864233182733,0.22762093872452738,0.21684626739654078,0.2060801440850497,0.19533807861088093,0.1846355485460407,0.1739879727706466,0.16341068517672852,0.15291890857948687,0.14252772872038832,0.13225206832443348,0.12210666139526438,0.11210602801349268,0.10226444973670112,0.09259594552144534,0.08311424815757817,0.07383278137547933,0.06476463775290853,0.05592255736129914,0.047318907058532034,0.03896566050984518,0.030874379132207252,0.023056194051903844,0.01552178903192214,0.00828138438443915,0.0013447220530906634,-0.005278947949989288,-0.011580879779785391,-0.017552842839506866,-0.02318713180331855,-0.028476575485107958,-0.0334145443667353,-0.037994956726969065,-0.04221228350578343,-0.04606155208996654,-0.04953834907979626,-0.05263882189017721,-0.05535967896926053,-0.05769818858986042,-0.05965217635894504,-0.06122002162744167,-0.06240065297462394,-0.0631935429366095,-0.0635987021161597,-0.06361667273023386,-0.06324852149796811,-0.06249583169081063,-0.061360694280786277,-0.059845698264687996,-0.057953920279551596,-0.05568891362485573,-0.053054696802874446,-0.05005574167152815,-0.04669696127967882,-0.042983697434621604,-0.0389217080552271,-0.034517154371947356,-0.029776588035922202,-0.024706938210641738,-0.019315498714185253,-0.01360991525705657,-0.00759817280840025,-0.0012885831216422616,0.005310227557593805,0.012189330597330184,0.019339506899456183,0.02675125863908079,0.034414820842854965,0.04232017281929501,0.0504570494584371,0.05881495245972701,0.06738316155097124,0.07615074571911151,0.08510657449435399,0.09423932940170943,0.10353751568296587,0.11298947425247263,0.1225833937136116,0.13230732226883646,0.14214917944853056,0.15209676765213942,0.1621377835455462,0.17225982942285611,0.18245042469781225,0.19269701771259662,0.2029869980455885,0.21330770948367928,0.22364646375238806,0.2339905549172414,0.24432727423455702,0.25464392533098135,0.26492783978577705,0.27516639320331393,0.2853470216825116,0.29545723846383964,0.30548465063473884,0.31541697593966234,0.3252420597260226,0.33494789188144836,0.3445226235436323,0.3539545835037572,0.3632322943858952,0.3723444886505902,0.381280124280714,0.3900283999417411,0.39857876960360983,0.40692095682665297,0.4150449688929072,0.4229411107275851,0.43059999836344787,0.4380125717593728,0.44517010696366555,0.4520642277159723,0.45868691655921623,0.46503052535420153,0.4710877849106154,0.476851813522714,0.48231612441131233,0.4874746322069967,0.4923216586699226,0.49685193783897574,0.5010606207486745,0.5049432797904743,0.5084959126952597,0.5117149459758323,0.514597237616492,0.5171400788985636,0.5193411953798375,0.5211987470847674,0.5227113279490254,0.5238779645763287,0.5246981144256537,0.5251716635885941,0.5252989242867301,0.5250806321564099,0.5245179433479308,0.5236124314490596,0.5223660842371274,0.5207813002539439,0.5188608851920975,0.5166080480855229,0.5140263972980819,0.5111199363052918,0.5078930592964284,0.5043505466603619,0.5004975603953241,0.49633963942864057,0.4918826948093411,0.4871330047347442,0.4820972093526663,0.4767823052686637,0.4711956397137129,0.4653449043537421,0.4592381287070211,0.4528836730919821,0.4462902209922177,0.43946677070967866,0.4324226261831967,0.42516738685857547,0.4177109364852498,0.4100634307238664,0.4022352835808789,0.39423715288334193,0.3860799250316518,0.3777746990833535,0.36933277004767007,0.36076561127100604,0.3520848559779495,0.34330227818676207,0.3344297731354118,0.3254793371893072,0.31646304720344887,0.30739303947694907,0.2982814885098648,0.28914058561485234,0.279982517310728,0.27081944354258525,0.26166347593004957,0.25252665617907155,0.24342093463039305,0.2343581489571207,0.2253500032019531,0.21640804735028496,0.20754365744581094,0.1987680161742773,0.19009209401384197,0.18152663121309587,0.1730821207601423,0.16476879229049501,0.1565965968159233,0.14857519232307226,0.14071393050017633,0.13302184483340795,0.12550764011026416,0.11817968321250305,0.1110459950472702,0.10411424347396547,0.09739173708547355,0.09088541971832598,0.08460186564770567,0.07854727556778585,0.07272747352214992,0.0671479048503798,0.06181363509008264,0.056729349730964884,0.051899354729570746,0.047327577716373526,0.04301756982218308,0.038972508031797304,0.03519519797833226,0.03168807710420651,0.028453218126948343,0.02549233277086671,0.022806775762106213,0.02039754912117786,0.018265306771482415,0.016410359431674237,0.014832679747676991,0.013531907663299592,0.012507356102524625,0.011758017076758165,0.011282568299655793,0.011079380372997605,0.01114652465648902,0.011481781956554471,0.012082652041179642,0.01294636378371905,0.014069885680349614,0.015449936624953864,0.017082996989053356,0.01896532013800112,0.021092944469259578,0.02346170586403673,0.026067250311157864,0.02890504655864845,0.03197039883568209,0.03525845975935482,0.03876424338007922,0.042482638112836923,0.04640841939090734,0.05053626211950757,0.05486075303360849,0.0593764028842898,0.0640776582372169,0.06895891272338872,0.07401451777781176,0.07923879300328451,0.08462603616179365,0.09017053259105268,0.09586656385147307,0.10170841558598909,0.10769038469318559,0.11380678591117999,0.12005195775955002,0.12642026759911573,0.13290611559316545,0.13950393755153812,0.14620820680148938,0.15301343528478384,0.15991417404126906,0.16690501316945472,0.17398058128088678,0.18113554433954704,0.18836460366591012,0.19566249295723281,0.20302397437036035,0.21044383380972675,0.21791687554895134,0.22543791628653054,0.23300177871126948,0.24060328464964442,0.24823724789482782,0.2558984668138251,0.2635817167909522,0.2712817425591467,0.278993250488476,0.28671090090486473,0.29442930049896887,0.302142994871744,0.3098464612781058,0.31753410166187024,0.3252002360906374,0.3328390966997077,0.3404448222420555,0.3480114533004084,0.35553292817059656,0.3630030794126853,0.37041563110259546,0.3777641968429677,0.3850422785550549,0.3922432660372621,0.3993604372944972,0.40638695965828475,0.4133158916983817,0.4201401859210776,0.4268526922651432,0.4334461624041168,0.4399132548411657,0.44624654078376125,0.4524385108114899,0.4584815823408803,0.4643681078681041,0.47009038397483494,0.4756406610768096,0.48101115388454474,0.4861940525712143,0.4911815346531654,0.49596577756482674,0.5005389719029836,0.504893335315252,0.5090211270005938,0.51291466279622,0.5165663308209787,0.5199686076413883,0.5231140749424199,0.5259954366770643,0.5286055366428002,0.5309373764419334,0.5329841338011931,0.534739181220516,0.536196104911312,0.5373487239816725,0.5381911098263572,0.5387176056724741,0.5389228462212401,0.5388017773359621,0.5383496757328956,0.5375621686197221,0.536435253214826,0.534965316075791,0.5331491521730811,0.530983983640489,0.5284674781268421,0.5255977666957179,0.5223734612026547,0.5187936710451595,0.5148580192115091,0.5105666575789769,0.5059202813692778,0.5009201426375327,0.4955680627115129,0.4898664435487987,0.48381827792634624,0.47742715830210614,0.4706972842218562,0.46363346820468365,0.45624114005654093,0.44852634954848014,0.4404957673735268,0.43215668428018716,0.42351700827832417,0.41458525985643035,0.4053705652999824,0.3958826483760518,0.38613182061592966,0.3761289702104875,0.36588554939253015,0.35541356016131687,0.3447255382207004,0.3338345351091192,0.32275409870690197,0.31149825240365914,0.3000814730653545,0.28851866773925394,0.2768251489764637,0.26501660874935595,0.2531090911232994,0.24111896395442756,0.22906288979687162,0.21695779601031973,0.20482084397486489,0.1926693974584026,0.1805209904079632,0.1683932944472275,0.15630408616200242,0.14427121411085153,0.13231256549320136,0.12044603254521036,0.10868947894482517,0.09706070652514143,0.08557742239707267,0.07425720643784928,0.06311747908184628,0.052175469428974,0.04144818387896265,0.030952375627997242,0.02070451526301298,0.01072076251543308,0.0010169391361074531,-0.00839149718407839,-0.01748947789411659,-0.0262623476833852,-0.03469588765549503,-0.042776337632375316,-0.05049041761161277,-0.05782534839331532,-0.06476887139938015,-0.07130926767705148,-0.07743537599044714,-0.08313660983737492,-0.08840297326543833,-0.09322507546453807,-0.0975941441804622,-0.10150203798905011,-0.10494125744406801,-0.10790495510963893,-0.11038694450300568,-0.11238170797099656,-0.11388440349634976,-0.11489087043799628,-0.11539763423747473,-0.11540191009301282,-0.11490160556164852,-0.11389532206722208,-0.11238235531722296,-0.11036269464500492,-0.1078370213367208,-0.10480670600178144,-0.10127380494952831,-0.09724105545799233,-0.09271186983911406,-0.08769032824295664,-0.0821811701652635,-0.07618978462333104,-0.06972219894488774,-0.06278506612999735,-0.05538565086131797,-0.04753181443092558,-0.03923199891892182,-0.030495210784174276,-0.0213310038378296,-0.011749461527706728,-0.0017611784569098177,0.008622758867630864,0.019390791863514778,0.030530910026108415,0.042030671338636694,0.053877223048068856,0.06605732294961086,0.07855736121084789,0.09136338255280663,0.10446110851037815,0.11783595961723137,0.1314730775113233,0.145357347023797,0.1594734183427633,0.17380572924939486,0.18833852720196376,0.2030558909904272,0.2179417518923259,0.23297991443313038,0.24815407687755453,0.26344785157279915,0.27884478519033706,0.2943283786911266,0.3098821067191295,0.32548943629142,0.34113384484147957,0.35679883772802157,0.3724679653561793,0.38812484005382686,0.4037531528143603,0.4193366900158466,0.4348593501041833,0.45030515999310694,0.46565829090867794,0.4809030735979576,0.49602401296574783,0.511005802259973,0.525833336947862,0.5404917284088455,0.5549663175562571,0.5692426884971766,0.5833066823083399,0.597144410901862,0.6107422707769743,0.6240869563702987,0.637165472844714,0.6499651483475688,0.6624736458613398,0.6746789747583577,0.6865695021282434,0.698133963941423,0.7093614760687785,0.7202415449845461,0.7307640778001243,0.7409193913717758,0.7506982204832156,0.7600917252303319,0.769091497715138,0.7776895681116471,0.7858784101222867,0.79365094583261,0.801000550025968,0.8079210540434829,0.8144067491747435,0.8204523894294553,0.8260531935541664,0.8312048462907597,0.8359034989427627,0.8401457692811576,0.8439287407832268,0.8472499612190134,0.8501074406313052,0.8524996487658143,0.8544255120083619,0.8558844098791383,0.8568761711379835,0.8574010695479402,0.8574598193135685,0.85705357020381,0.8561839023874498,0.8548528210025808,0.8530627504543844,0.8508165284156775,0.8481173995156226,0.8449690087379764,0.8413753945545253,0.8373409817961956,0.8328705742483891,0.8279693469335925,0.8226428380186235,0.8168969402673909,0.8107378919517245,0.804172267137929,0.7972069652754996,0.7898492000340624,0.782106487447912,0.7739866336103916,0.7654977221911778,0.7566481018778717,0.7474463736834807,0.7379013779981847,0.7280221812774315,0.7178180623905916,0.7072984988420217,0.6964731531221418,0.6853518592936965,0.6739446097418593,0.6622615419521267,0.6503129252571753,0.6381091476899954,0.6256607032002535,0.6129781793918454,0.6000722457504466,0.5869536422171109,0.5736331680153128,0.5601216708387611,0.5464300366460364,0.5325691802233976,0.5185500365033704,0.5043835525147529,0.4900806798324453,0.4756523675380109,0.4611095558962859,0.4464631709739493,0.4317241202598936,0.41690328919035124,0.4020115384202825,0.3870597016715891,0.3720585840070356,0.3570189603860072,0.3419515743790953,0.3268671370584926,0.31177632626194907,0.2966897864320259,0.28161812906970596,0.2665719337131094,0.25156174933204056,0.23659809602217052,0.2216914668418113,0.20685232962744493,0.19209112864201927,0.17741828591742603,0.16284420221532514,0.14837925758634896,0.13403381146328286,0.11981820220605499,0.1057427461390148,0.0918177362665844,0.0780534408611615,0.06446010200242114,0.051047934047126375,0.03782712195985738,0.024807819415165966,0.012000146595525507,-0.0005858123586506281,-0.012940012276075663,-0.025052450294758444,-0.03691316965367264,-0.04851226396023378,-0.059839881957039154,-0.07088623284865037,-0.08164159227654721,-0.09209630899798071,-0.10224081228870574,-0.1120656201233885,-0.12156134823485587,-0.1307187201174429,-0.13952857790938822,-0.1479818939108668,-0.15606978240885638,-0.1637835115893509,-0.17111451546484346,-0.17805440581215493,-0.18459498417252718,-0.1907282540046893,-0.19644643304783926,-0.20174196589986337,-0.20660753682314947,-0.21103608283965514,-0.21502080720059524,-0.21855519323306538,-0.22163301837399985,-0.22424836810426996,-0.2263956496023809,-0.22806960508917484,-0.22926532488609297,-0.2299782601763667,-0.23020423545399638,-0.22993946070221938,-0.22918054337616667,-0.2279245002379895,-0.22616876904159966,-0.2239112200270199,-0.2211501671922278,-0.217884379355894,-0.21411309105649678,-0.20983601332302726,-0.2050533443039484,-0.1997657796753245,-0.19397452274499472,-0.18768129422897317,-0.18088834170650614,-0.17359844874972907,-0.16581494371231287,-0.15754170817126578,-0.14878318500466037,-0.1395443860242196,-0.12983089901810985,-0.1196488940509326,-0.10900512891171132,-0.09790695366137214,-0.0863623142649459,-0.07437975526704577,-0.0619684214262719,-0.04913805820127237,-0.035899010955262156,-0.022262222723036018,-0.008239230389740726,0.006157840857135,0.020916284908267357,0.03602282391346989,0.051463619048774945,0.06722428266002822,0.08328989177955037,0.0996450031697691,0.11627367000016164,0.13315946006265733,0.15028547530615555,0.16763437258542524,0.18518838568297724,0.20292934861318201,0.2208387200678743,0.23889760890309475,0.2570868007286222,0.27538678561822394,0.2937777867617797,0.31223978987439693,0.33075257332391317,0.3492957389276228,0.3678487432507396,0.3863909292726433,0.404901558400546,0.4233598427595311,0.4417449775779758,0.46003617355767545,0.478212689232727,0.49625386324825627,0.5141391463605416,0.5318481330321276,0.5493605926536347,0.5666565003453883,0.5837160671122703,0.6005197692091855,0.6170483767898318,0.6332829819562278,0.6492050262008746,0.6647963270579922,0.6800391037269904,0.6949160015959421,0.7094101157918686,0.7235050139202528,0.737184758118488,0.7504339265130113,0.7632376340031328,0.7755815520922482,0.7874519275246072,0.7988355996722944,0.8097200167197798,0.82009325072314,0.8299440116397179,0.8392616604118999,0.8480362211683641,0.856258392614663,0.863919558674823,0.8710117984118142,0.8775278952551346,0.8834613455917122,0.8888063667628217,0.89355790445385,0.8977116394535898,0.9012639938113978,0.9042121364481872,0.906553988245598,0.9082882265780512,0.9094142892069073,0.909932377444548,0.9098434584752795,0.9091492667011707,0.9078523040296105,0.9059558390838589,0.903463905328401,0.900381298081804,0.8967135704005003,0.892467027829241,0.8876487220003071,0.8822664430377927,0.8763287106959154,0.869844764142087,0.8628245503022072,0.8552787106964246,0.8472185666932148,0.8386561031069633,0.8296039501058914,0.820075363548078,0.8100842039712433,0.7996449143458619,0.7887724965111147,0.777482486146269,0.7657909262288172,0.753714339160183,0.7412696978357403,0.7284743957524213,0.7153462160733923,0.701903299653722,0.6881641122093072,0.6741474108411154,0.6598722099965855,0.6453577468593181,0.6306234462618576,0.6156888853453921,0.6005737580934749,0.5852978396978799,0.5698809507827818,0.554342921702812,0.5387035570922905,0.5229826006511402,0.5071997001747022,0.4913743730192408,0.4755259721966354,0.45967365310602304,0.443836340849721,0.42803269823345147,0.41228109464761076,0.3965995759194172,0.38100583509066155,0.36551718408766476,0.35015052639752753,0.33492233094345636,0.31984860721860287,0.30494488158463895,0.2902261746547907,0.2757069798374445,0.2614012432594208,0.2473223452228055,0.23348308315172517,0.2198956558762859,0.206571649094748,0.19352202197202217,0.18075709508433135,0.1682865400403415,0.156119370934249,0.14426393756976807,0.13272792032384473,0.12151832651777994,0.11064148817374075,0.10010306104738476,0.08990802483744176,0.08006068448293036,0.07056467246141551,0.061422952011845666,0.05263782122528937,0.04421091795015286,0.03614322546776094,0.028435078959731186,0.02108617287423442,0.014095569304309663,0.007461707431467346,0.0011824140514420378,-0.004745084829892221,-0.010324151368266143,-0.015558722242836609,-0.02045329402152163,-0.025012907569951892,-0.0292431315359849,-0.0331500448779849,-0.03674021835590935,-0.04002069489338567,-0.042998968714968555,-0.04568296317358289,-0.04808100723548847,-0.05020181063612483,-0.05205443773837004,-0.05364828023058266,-0.0549930289392222,-0.05609864499779604,-0.056975330471153995,-0.05763349842199972,-0.05808374234424463,-0.058336804950656074,-0.05840354652533364,-0.05829491320265845,-0.05802190540349983,-0.05759554641559106,-0.05702685100300897,-0.05632679400250851,-0.05550627902787397,-0.0545761075569402,-0.05354694868717047,-0.052429309694730364,-0.0512335073804806,-0.049969640130150594,-0.04864756065298792,-0.047276849561320944,-0.045866790168688,-0.044426344815370555,-0.042964132770428876,-0.041488409607424614,-0.0400070479493948,-0.03852751954618583,-0.037056878698095375,-0.035601747011014595,-0.03416829942873534,-0.0327622515506647,-0.03138884837046163,-0.03005285459245499,-0.02875854656402055,-0.02750970579267431,-0.026309614051754693,-0.025161050075183766,-0.02406628777955433,-0.023027095927886876,-0.022044739174283734,-0.02111998044602359,-0.02025308460333264,-0.01944382330623995,-0.018691481043227043,-0.01799486229003122,-0.01735229975345476,-0.016761663644579983,-0.0162203719500269,-0.015725401704365538,-0.015273301263071914,-0.014860203578287212,-0.014481840517156286,-0.014133558268540014,-0.013810333851637324,-0.013506792707183024,-0.01321722732988917,-0.012935616905373593,-0.012655647944505688,-0.012370735915787634,-0.012074047846020619,-0.01175852583907755,-0.011416911494222859,-0.011041771260430266,-0.010625522783776375,-0.010160462269141135,-0.009638792848427613,-0.009052653980440084,-0.008394151891614854,-0.007655390876642798,-0.006828505083795733,-0.005905690462093105,-0.004879236738005943,-0.0037415593856451324,-0.0024852315951022774,-0.0011030162830536483,0.00041210192360807696,0.0020668850565286334,0.0038678109325616106,0.005821043262884018,0.007932402814006423,0.010207339655721626,0.012650906498741676,0.015267733080527535,0.01806200155743909,0.021037422936601047,0.02419721473334846,0.027544080175601948,0.0310801892698791,0.034807161897994376,0.03872605298952436,0.042837339812528796,0.0471409114748198,0.051636060712553444,0.056321477950191934,0.061195247569301614,0.06625484634290757,0.07149714398319418,0.0769184057317176,0.08251429692652579,0.08827988947209064,0.09420967011173076,0.10029755040765309,0.10653687839756998,0.11292045196804423,0.1194405340099749,0.1260888694298501,0.13285670409478456,0.1397348056957881,0.1467134863024313,0.15378262628809125,0.16093169947142627,0.1681497994858958,0.1754256673011696,0.18274771964875214,0.19010407815071773,0.1974825991500282,0.20487090425892518,0.21225641141641205,0.2196263661104183,0.2269678725760187,0.2342679249502524,0.24151343827951166,0.24869127913438405,0.25578829563684735,0.2627913468616043,0.2696873316570816,0.27646321684459707,0.28310606459385923,0.2896030587683285,0.29594153016836344,0.3021089807090789,0.3080931066169015,0.31388182064593195,0.3194632731215421,0.3248258715632417,0.3299582987850229,0.33484952949940094,0.3394888454961844,0.34386584950788546,0.3479704779109625,0.35179301242467176,0.35532409095769424,0.35855471773354,0.3614762728206884,0.36408052112915357,0.36635962076942974,0.368306130560498,0.3699130165542641,0.37117365761532284,0.37208185016908857,0.37263181220756536,0.3728181866468958,0.3726360441553922,0.3720808855615658,0.3711486439243288,0.36983568632734887,0.3681388154640288,0.36605527109345104,0.3635827314316984,0.36071931452183037,0.3574635796478418,0.3538145288581447,0.3497716086266607,0.34533471167967633,0.34050417903154795,0.33528080225148926,0.3296658259495189,0.323660950424852,0.3172683343857301,0.3104905976670196,0.3033308239142869,0.29579256321004976,0.2878798345970637,0.27959712845407125,0.270949408689539,0.261942114705505,0.25258116307287537,0.24287294887380284,0.23282434665951968,0.22244271094451307,0.2117358761643331,0.20071215603541503,0.1893803422301943,0.1777497022535499,0.16582997638192154,0.15363137351972256,0.141164565848392,0.1284406822133164,0.11547130037093467,0.10226843835792465,0.08884454514034701,0.07521249048932077,0.06138555391570577,0.04737741249734739,0.033202127557999006,0.018874130356934415,0.004408207004679809,-0.010180517344849704,-0.024876595154026404,-0.03966427413629958,-0.05452751581644577,-0.06945001483573066,-0.08441521890205195,-0.09940634946270421,-0.1144064232053168,-0.1293982743151787,-0.14436457729139107,-0.1592878702733671,-0.17415057902884712,-0.1889350416877491,-0.20362353410246214,-0.218198295709513,-0.23264155592849534,-0.2469355611830224,-0.2610626024759384,-0.2750050433014053,-0.2887453477658255,-0.302266108987034,-0.3155500778601734,-0.3285801921172222,-0.3413396054656346,-0.35381171665164146,-0.36598019846746865,-0.3778290267844895,-0.3893425096068981,-0.40050531597589867,-0.41130250448767924,-0.42171955132138095,-0.43174237783853897,-0.4413573778611166,-0.4505514446037253,-0.4593119969996309,-0.4676270051212441,-0.4754850146109675,-0.4828751702208862,-0.48978723858994755,-0.4962116303123736,-0.5021394211718544,-0.5075623722293585,-0.512472948470581,-0.516864335921106,-0.5207304572901705,-0.5240659862423911,-0.5268663603822787,-0.5291277929770359,-0.5308472833729283,-0.5320226260663006,-0.5326524184592714,-0.5327360673598136,-0.5322737942674678,-0.5312666394673116,-0.5297164649357242,-0.5276259560150933,-0.5249986217503562,-0.5218387937578015,-0.5181516235439716,-0.5139430782634165,-0.5092199349272732,-0.5039897730417806,-0.49826096562996014,-0.49204266859234025,-0.4853448083783718,-0.4781780679674199,-0.47055387115351266,-0.46248436506543555,-0.45398240079723706,-0.4450615120384427,-0.4357358916523353,-0.4260203662518194,-0.41593036897995717,-0.40548191077576234,-0.39469155026928604,-0.3835763622392818,-0.3721539045142137,-0.36044218334590994,-0.34845961747626575,-0.33622500114198317,-0.32375746609348255,-0.3110764425937447,-0.2982016195045958,-0.28515290371576185,-0.2719503790577278,-0.25861426468635074,-0.24516487301873724,-0.23162256743670184,-0.218007719913885,-0.2043406686243756,-0.19064167566022405,-0.176930885079436,-0.1632282814099213,-0.14955364861146592,-0.13592652959723495,-0.12236618654490883,-0.10889156212587636,-0.09552124166437181,-0.08227341633967455,-0.06916584766808853,-0.056215833427273765,-0.04344017503545672,-0.030855146387040122,-0.01847646428941374,-0.006319260732837506,0.0056019428772629,0.01727325955522474,0.0286814586920201,0.039813986044613614,0.050658981523149293,0.06120529458688395,0.07144249721670093,0.08136089453620343,0.09095153320549798,0.10020620773593691,0.1091174648595441,0.11767860604856395,0.12588368819968565,0.1337275223897123,0.1412056705910416,0.1483144403323493,0.15505087737263068,0.1614127564807859,0.16739857041934414,0.17300751721348462,0.17823948576572946,0.18309503991138598,0.1875754010624604,0.1916824295813342,0.1954186049951403,0.19878700514536263,0.2017912843272569,0.20443565041223621,0.20672484091097232,0.20866409793663365,0.21025914206198593,0.21151614510205263,0.21244170183957323,0.21304280068380876,0.2133267933819738,0.2133013641508512,0.21297449863234164,0.21235445286707488,0.21144972233658876,0.21026901108955087,0.20882120092224454,0.20711532061874038,0.20516051543071256,0.20296601714863982,0.20054111511059602,0.19789512833079925,0.19503737877918326,0.19197716579477486,0.18872374161868066,0.1852862880225743,0.1816738940057263,0.1778955345485187,0.17396005039791618,0.16987612887224657,0.16565228575133517,0.16129684838602287,0.1568179401671017,0.1522234664479214,0.14752110194142887,0.14271827954581795,0.13782218054284812,0.13283972614724604,0.12777757037916615,0.12264209417973859,0.11743940068652847,0.11217531164914618,0.10685536499667592,0.10148481352773331,0.09606862464949018,0.09061148106815864,0.08511778233766165,0.07959164723666845,0.07403691700347537,0.06845715945551945,0.0628556739829591,0.05723549735694178,0.05159941027353909,0.04594994457492163,0.040289391100280625,0.034619808115735395,0.02894303028620726,0.02326067815926791,0.017574168116659905,0.011884722745712395,0.006193381588836644,0.000501012222088093,-0.0051916783976508896,-0.010884132364381571,-0.016575929061211525,-0.022266773234356663,-0.02795648292978825,-0.033644977314416735,-0.03933226442276094,-0.04501842887892593,-0.050703619625238616,-0.05638803769108591,-0.06207192405201312,-0.06775554762138114,-0.07343919339896132,-0.07912315078659304,-0.08480770207366817,-0.09049311109890823,-0.09617961209112735,-0.10186739867847905,-0.10755661305223896,-0.11324733528261532,-0.11893957281208856,-0.12463325020198823,-0.13032819923611783,-0.1360241494663299,-0.14172071924749474,-0.14741740728693742,-0.15311358472063574,-0.15880848771340794,-0.16450121058173295,-0.17019069946772447,-0.17587574662626082,-0.18155498543091397,-0.18722688623452655,-0.19288975317724777,-0.19854172196792064,-0.20418075865308793,-0.20980465940075987,-0.21541105132865113,-0.22099739441587474,-0.22656098450496387,-0.2320989572642702,-0.2376082928341745,-0.24308582089977193,-0.2485282261090589,-0.25393205388972007,-0.25929371673012724,-0.26460950097482083,-0.26987557418684816,-0.2750879931273147,-0.28024271240819587,-0.2853355938095916,-0.2903624160459799,-0.2953188846315413,-0.30020064161783466,-0.3050032751722682,-0.3097223290471618,-0.31435331199642746,-0.31889170720849336,-0.32333298183446857,-0.3276725966636249,-0.33190601589390667,-0.33602871679266144,-0.340036198993829,-0.3439239932890459,-0.3476876699087441,-0.35132284635118793,-0.3548251948032828,-0.3581904491856349,-0.3614144118778384,-0.36449296018289346,-0.36742205255675486,-0.370197734618273,-0.3728161449980547,-0.37527352109798784,-0.37756620477576064,-0.37969064793631446,-0.38164341801749657,-0.383421203362424,-0.38502081848695013,-0.38643920926254793,-0.38767345803335473,-0.38872078868734405,-0.38957857169647525,-0.39024432914175833,-0.39071573975823526,-0.39099064403580286,-0.3910670494027073,-0.3909431355233508,-0.390617259746044,-0.3900879627170397,-0.3893539741290226,-0.38841421852451674,-0.387267821065052,-0.38591411321564095,-0.38435263834679745,-0.3825831572743752,-0.3806056537402114,-0.37842033983362455,-0.376027661360979,-0.3734283031564658,-0.3706231943175098,-0.367613513333545,-0.3644006930427892,-0.3609864253440591,-0.35737266561138625,-0.35356163676603813,-0.3495558329703812,-0.3453580229250903,-0.3409712527506841,-0.33639884841999645,-0.33164441767980435,-0.3267118513678824,-0.32160532402435393,-0.3163292937266817,-0.31088850112917754,-0.30528796770457944,-0.2995329931603692,-0.2936291519843621,-0.2875822890599409,-0.28139851427289386,-0.2750841960285513,-0.26864595358987486,-0.2620906481509593,-0.25542537259807574,-0.24865744000424428,-0.2417943710773045,-0.23484388087184982,-0.22781386492994926
